structure(c(0.052998976172278049, 0.039943266538034629, -0.016966922043646117, 
0.0050510711233830545, -0.0053686785475357754, -0.0097693875962596589, 
-0.011191985969335206, 0.029259651166693483, -0.0056205559846284094, 
-0.015746090376547985, -0.015484942706772958, 0.0030726491735007045, 
0.0077761647021000035, -0.0010760204950930289, -0.00295124968221406, 
-0.0037334638365216187, -0.0037302695839680476, 0.016658535327168638, 
-0.10971276406475433, -0.036922813055170901, -0.03631641296086293, 
-0.017485317887467534, -0.0098716478716951092, 0.016527451247569214, 
0.039943266538034622, 0.027473913388629739, -0.040298747797803298, 
0.046881505867655118, -0.0057640486048224767, -0.0087980340214976818, 
0.0059016963480523574, 0.014499662728895139, -0.049914353021391779, 
-0.013605601611962486, -0.01372182327635782, -0.016065110230827295, 
0.0049138412239779676, -0.0036643024848296117, -0.024376334427441596, 
0.0056646861866878357, 0.0035031954318776974, -0.0027314374475339736, 
-0.070261665684088898, 0.026643148976759162, 0.0060263276732022766, 
-0.00031944394242371511, 0.0037355825793170504, -0.0094715144587530827, 
-0.016966922043646113, -0.040298747797803305, 0.0019863925843164585, 
-0.0064186774074768329, 0.010161172091334048, -0.0014727587022838754, 
0.0058171873994690964, -0.012329038914491235, 0.019603114514917815, 
-0.010803169414728815, -0.013677645924914082, -0.010589221133452882, 
-0.015903936949197086, -0.010048043099104027, -0.0042947149121397628, 
0.0030010596349122824, -0.0043381953421805352, 0.0026476417155372467, 
-0.018392353338217121, -0.040119126237275177, 0.0021540973920642042, 
0.0079536897478890874, -0.0069612811745276629, -0.0061656597972006375, 
0.0050510711233830545, 0.046881505867655118, -0.0064186774074768329, 
0.033144069431744222, 0.0001629095200911708, -0.0071596594739639528, 
-0.0022932432340510645, -0.0031384703952521791, 0.0042391342809198268, 
0.002231435650519737, -0.0015258234772990973, -0.0026522667347447068, 
0.0067303912775874258, 0.0048696213842816674, 0.00077722647513971295, 
0.0017638768822644351, 0.0072535153322960998, -0.0055912072639304217, 
0.019190297472122839, -0.050573307006102713, 0.0059051315196340139, 
-0.008418408394334163, -0.0041178716113394838, -0.0023915861203940496, 
-0.0053686785475357754, -0.0057640486048224776, 0.010161172091334048, 
0.00016290952009117077, 0.0090851046749352814, -0.013310919885794095, 
0.015099713725570452, 0.0030177069135410113, -0.01871196971648913, 
0.00032934626605823252, 0.0075604467244984441, 0.013092855771261232, 
-0.0044421084029258673, -0.00046458139867308759, 0.0028362250219727231, 
0.0088936607084335404, 0.013643009545249423, 0.011727449402692422, 
-0.041885040598010674, 0.038623305312949135, 0.012781567948476902, 
0.0069196663673374422, 0.01245225561725166, 0.00060902911053837432, 
-0.0097693875962596589, -0.0087980340214976818, -0.0014727587022838754, 
-0.0071596594739639537, -0.013310919885794095, 0.0040629585433155395, 
-0.0046208250338268097, -0.0076248733067976393, -0.026079415986703481, 
0.0041047360696001281, -0.026055414849306884, 0.0051878236821807045, 
0.0011631386491797546, 0.002812123475674094, 0.0011847978006389777, 
-0.0044873378651159607, 0.0065311769936771992, -0.0057636828184353334, 
0.094896141642760098, 0.037954693283209391, 0.011012027000482774, 
0.0029887225008600879, 0.0039340572537125574, 0.002759182486140955, 
-0.011191985969335206, 0.0059016963480523574, 0.0058171873994690964, 
-0.0022932432340510645, 0.015099713725570452, -0.0046208250338268097, 
0.0085794305068313276, -0.0086391306771537151, 7.617599264184289e-05, 
0.0011815922836196301, -0.0082173808001789247, 0.0025696124009744335, 
-0.0051029991868387003, -0.0018644295085338276, 0.0019664849236885346, 
0.0091711311487153394, 0.0096933036217257372, -0.011113127397231831, 
-0.0094043800505655729, 0.0097204505478521754, -0.0071604041021433324, 
0.0060165209600462821, -0.0021801945770714213, 0.01042133513720679, 
0.029259651166693483, 0.014499662728895139, -0.012329038914491233, 
-0.0031384703952521791, 0.0030177069135410108, -0.0076248733067976393, 
-0.0086391306771537151, -0.0064798634246339684, 0.0035163650580292229, 
0.0030929338124035212, -0.0081726155373086744, -0.00660648342215636, 
0.00095039599801476776, -0.0024311851505399683, 0.0031359634084382805, 
-0.0034165811822339568, 0.0042295710416075123, 0.0019245055048069495, 
0.077837839433833184, -0.028454501980357979, 0.0061187252430016511, 
0.0026653659414194717, -0.0020579927000836662, -0.0020099511179394241, 
-0.0056205559846284094, -0.049914353021391779, 0.019603114514917815, 
0.0042391342809198268, -0.018711969716489127, -0.026079415986703484, 
7.617599264184289e-05, 0.0035163650580292225, 0.03155817895292938, 
-0.0046812043134944054, -0.029571076341591174, 0.031736043115118448, 
0.009201853228632496, 0.022080991808654943, -0.003026643020533105, 
0.00099017891445016509, 0.012646945746147505, 0.019026248846370875, 
-0.054000557365982874, 0.020395946370716615, 0.011255151795664813, 
0.01765545856609935, 0.026954297286728445, 0.011462961826896849, 
-0.015746090376547985, -0.013605601611962488, -0.010803169414728815, 
0.0022314356505197374, 0.00032934626605823252, 0.0041047360696001281, 
0.0011815922836196301, 0.0030929338124035207, -0.0046812043134944045, 
0.0066551966026470758, -0.058696736166786029, 0.0011611471591889675, 
0.0098165863952952726, 0.0078387207883128581, 0.0096788388699778315, 
-0.0085159124277759974, 0.0014935113676448173, 0.0098263917532110234, 
0.11619789532988008, 0.0078632699829639194, 0.0026872022937673673, 
0.008371837701603959, 0.0013788699634689019, 0.0062764940949349519, 
-0.015484942706772958, -0.01372182327635782, -0.013677645924914082, 
-0.0015258234772990973, 0.0075604467244984449, -0.026055414849306884, 
-0.0082173808001789247, -0.0081726155373086744, -0.029571076341591174, 
-0.058696736166786036, -0.010178723392874725, 0.014363418988624215, 
-0.012504077225654602, -0.0099778254533975427, 0.0042646701184372729, 
-0.0017297935752875334, 0.010699720983321814, -0.0019482350071988494, 
-0.056454057527774007, 0.12991798377598496, 0.017428995966690917, 
0.0094462676936572301, 0.016991106643427269, 0.0067202956047224937, 
0.0030726491735007045, -0.016065110230827295, -0.010589221133452882, 
-0.0026522667347447073, 0.013092855771261232, 0.0051878236821807037, 
0.0025696124009744331, -0.00660648342215636, 0.031736043115118441, 
0.0011611471591889675, 0.014363418988624215, -0.00023713022170380595, 
-0.0036537470161679859, -0.0017727687776866608, 0.0026172576046295912, 
0.0018915888480896424, 0.0069631813343000162, 0.0036668355876883492, 
-0.030111517120695971, 0.02692104144360475, 0.0052105936580717268, 
-0.0014750959513489966, -0.0040302994160906084, -0.01192073659637821, 
0.0077761647021000026, 0.0049138412239779668, -0.015903936949197086, 
0.0067303912775874258, -0.0044421084029258673, 0.0011631386491797546, 
-0.0051029991868387012, 0.00095039599801476765, 0.009201853228632496, 
0.0098165863952952726, -0.012504077225654603, -0.0036537470161679859, 
-0.0041075830318253875, -0.0025397679519924936, -0.0040817045229328648, 
-0.0018988805057536984, 0.0027305418537034044, -0.0020105175335053921, 
-0.018333338677798822, 0.036154210009173397, -0.0047479580726073403, 
0.0037666838728214734, -0.00013759161937858223, 0.0012484419164030755, 
-0.0010760204950930289, -0.0036643024848296117, -0.010048043099104028, 
0.0048696213842816683, -0.00046458139867308764, 0.002812123475674094, 
-0.0018644295085338278, -0.0024311851505399683, 0.022080991808654939, 
0.0078387207883128581, -0.0099778254533975427, -0.0017727687776866608, 
-0.0025397679519924936, 0.00061714806838634756, -0.0032760162400091615, 
-0.0024582776625893506, 0.0026602820076371075, -0.0015221877187047055, 
0.0014386856409819228, 0.019292752325018852, -0.0011726741581121716, 
0.001370022167722467, -0.0031727374962397547, 0.0012492544825974089, 
-0.00295124968221406, -0.024376334427441596, -0.004294714912139762, 
