structure(c(-0.072916281509336253, -0.03282059023304109, 0.011102182930569833, 
0.02016645257393368, -0.0012246315043394507, -0.005336033264701414, 
0.034428625475753656, -0.033761855125394161, 0.021233810550962812, 
0.0061234861320436235, 0.014871532149829947, 0.01883130017166413, 
-0.0064400372150198015, -0.0048870244501518249, 0.0070701133330038635, 
-0.0014816544164108739, -0.001479167033469109, -0.0027783255701208064, 
-0.1038855995236773, -0.030777019991554373, 0.020736049244025178, 
0.012641045462952917, 0.0085448596480263948, -0.015045950415605304, 
-0.03282059023304109, -0.007827879018425592, 0.025639090048598361, 
-0.012360196948684567, -0.012867032240997299, 0.0073831519716789831, 
0.006978899736545697, -0.0034791778170815742, 0.03706470965152845, 
0.024883931296424661, -0.027973502478941654, 0.05051705395591348, 
0.0034136395089949304, 0.0073031058442506614, 0.0096743921874908323, 
0.0051761484817278124, 0.0061962306073793149, 0.015999229295789858, 
-0.041699069081661183, -0.027807795586006059, 0.016495761796673194, 
0.0070348102465531866, 0.014857963395127891, 0.004852025985405151, 
0.011102182930569835, 0.025639090048598361, 0.0053831540793341844, 
0.0070423142510505944, 0.010049425974259809, 0.00044721541577970249, 
-0.0010091801635402507, 0.0026895118581303813, 0.010074367009628443, 
-0.0067265726327011685, 0.026236779755541284, -0.00083519455673847698, 
0.0086987027045267278, 0.0042952146006850628, 0.0037037071247520005, 
-0.0045626113784523149, 0.0051578274032523259, 0.0055184508323350926, 
0.063273318463094211, 0.0064842961251437986, -6.5822228996197888e-06, 
-0.0012592631954426179, 0.003996550030225015, 0.0018493868122600511, 
0.02016645257393368, -0.012360196948684567, 0.0070423142510505944, 
-0.017681389151586426, 0.0053727631925905503, 0.0016366433781247265, 
0.00040785376797458742, 0.00077687102132727322, -0.0074142258328678753, 
0.0011142699867924797, 0.0049644698710085162, -0.0071771032996080422, 
0.00018378410761803391, -0.002394742857127919, -0.00010308266909904925, 
0.0020354587656699896, -0.012293481153894828, 0.00013295852234479838, 
-0.031430248741374102, 0.025735073763393096, -0.0041528646477733558, 
-0.0045894056613849455, -0.0074352601575681252, 0.00066343308396141448, 
-0.0012246315043394507, -0.012867032240997299, 0.010049425974259809, 
0.0053727631925905512, 0.0088406559615726941, -0.0047257717755015529, 
-0.0055080058895937639, -0.0057023957287775954, 0.0082209782232354582, 
0.0075104122964365187, -0.017425622545099311, -0.012667766992997808, 
0.0057639026011644971, 0.0061822371924976829, -0.0021320983705528408, 
-0.0046339025408777667, -0.0054203647176022003, 0.0077146691897120234, 
0.011886458058702663, -0.020474740457397174, 0.0089582122945080188, 
0.0037423945138423307, -0.002233323881388452, -0.0039352940522108335, 
-0.005336033264701414, 0.0073831519716789831, 0.00044721541577970244, 
0.0016366433781247265, -0.0047257717755015529, 0.0016727214888013211, 
0.0014539370133152553, 0.0069888608483330613, -0.0013302356347694964, 
-0.015165788061183383, 0.0013765651974155808, -0.0029385239542646926, 
-0.0016942162483885466, -1.655787419939668e-05, 0.0025525207157916369, 
0.0036325842181706815, 0.0039725061987425951, -0.0089297414895581299, 
-0.060551601249671239, -0.028766107559796347, -0.0029255554691922587, 
0.00119171883271459, 0.0059842045210341281, -0.0006595737949924061, 
0.034428625475753663, 0.006978899736545697, -0.0010091801635402507, 
0.00040785376797458742, -0.0055080058895937631, 0.0014539370133152551, 
0.0010310886800260972, 0.0053686530827471209, 0.0056901454859266754, 
0.00014584761031787355, 0.008666601451852855, 0.0048946253627929776, 
0.0040168000046248561, 0.0045970920317577688, -0.00013977386528743474, 
-0.004413825905159062, -0.0083006117745078756, 0.011559041105146254, 
0.008055146593985955, 0.013841046475841544, 0.0064746673721821808, 
-0.00047511283966213575, -0.00033992499249043486, -0.0060241976426991901, 
-0.033761855125394161, -0.0034791778170815742, 0.0026895118581303809, 
0.00077687102132727322, -0.0057023957287775946, 0.0069888608483330604, 
0.0053686530827471209, 0.0033267770861831148, 0.0045742534762589415, 
-0.0137290334697105, 0.00045006119324982746, 0.0019642073156064641, 
-0.00020088253088300717, 0.0016691494857830258, -0.0018663090352543791, 
0.0056284326286263012, 1.8586251239942389e-05, -0.0026170104970897985, 
-0.055245707155231062, 0.012325121905338696, -0.011752412154076129, 
0.00071011059994894709, 0.0032399321006490599, 0.0014563487155976921, 
0.021233810550962812, 0.03706470965152845, 0.010074367009628443, 
-0.0074142258328678753, 0.0082209782232354582, -0.0013302356347694964, 
0.0056901454859266745, 0.0045742534762589406, -0.05080236943582031, 
0.0091772087885903884, -0.020661240281894849, -0.00063989851929454505, 
-0.0021296148273930704, -0.0068222566260861418, 0.0011288419239850549, 
0.0035933546918125018, 0.01222924159806775, -0.0033060482814735335, 
-0.029406110762945588, -0.060752211832573517, -0.0042891326461205323, 
-0.011590770372160599, -0.014063345600626173, -0.0009768237413285575, 
0.0061234861320436226, 0.024883931296424661, -0.0067265726327011693, 
0.0011142699867924797, 0.0075104122964365196, -0.015165788061183383, 
0.00014584761031787355, -0.013729033469710498, 0.0091772087885903884, 
0.0083146223787891171, 0.013572504232810201, 0.012897137645446248, 
-0.0040431724714995532, -0.0095545398050847739, -0.013819324212082845, 
0.0058238256724546713, -0.0053462324987234499, -0.010131231845555099, 
-0.082894288401530472, 0.021652585848012232, -0.0038210999053337213, 
-0.0051075861323992382, -0.0040592045944755802, -0.00676814090621909, 
0.014871532149829947, -0.027973502478941654, 0.026236779755541281, 
0.004964469871008517, -0.017425622545099311, 0.0013765651974155806, 
0.008666601451852855, 0.00045006119324982746, -0.020661240281894849, 
0.013572504232810201, -0.061418858147304703, -0.0082723336408419158, 
0.010842585083609496, 0.011744567275261733, 0.018111181464896483, 
0.0038456156858262401, 0.0096094186266546741, 0.010769070671938658, 
0.06571903883589543, -0.018609121806810663, 0.00048278323465812618, 
-0.00044452937234829335, 0.0085227674928024279, 0.0021740062797588975, 
0.01883130017166413, 0.050517053955913473, -0.00083519455673847698, 
-0.007177103299608043, -0.012667766992997809, -0.0029385239542646926, 
0.0048946253627929768, 0.0019642073156064641, -0.00063989851929454505, 
0.01289713764544625, -0.0082723336408419158, -0.01541083837986899, 
0.0048423839969740706, 0.0099380404147802037, 0.0020967066584338841, 
-0.0010027452501481233, 0.00074629130709999252, 0.0084278058431342256, 
-0.0011238301222752745, -0.043337225706482095, 0.008400835210452701, 
0.0066318748901135925, 0.012553450683642017, 0.0098870761061902665, 
-0.0064400372150198023, 0.0034136395089949308, 0.0086987027045267278, 
0.00018378410761803391, 0.0057639026011644971, -0.0016942162483885468, 
0.004016800004624857, -0.00020088253088300717, -0.0021296148273930709, 
-0.0040431724714995532, 0.010842585083609496, 0.0048423839969740715, 
0.0061206873047342557, 0.0040880269141847676, 0.0015651519267789037, 
0.0019463875629726173, -0.003283466686441599, 0.0026994315866446222, 
0.030197872348658842, -0.021395969934615972, 0.0027260535578454699, 
-0.0013998762390415309, 0.0016033772922616249, 0.00065512438404262115, 
-0.0048870244501518249, 0.0073031058442506605, 0.0042952146006850628, 
-0.002394742857127919, 0.0061822371924976837, -1.655787419939668e-05, 
0.0045970920317577697, 0.0016691494857830255, -0.0068222566260861418, 
-0.0095545398050847739, 0.011744567275261733, 0.0099380404147802054, 
0.0040880269141847676, 0.004353250361985533, 0.00078493307853957136, 
0.0038766105499486894, -0.0014397377916194895, 0.0030488260912885853, 
0.0070252705128533068, -0.011065441346254467, 0.0016616120057752976, 
0.0010126851322633161, 0.0015425499505640624, 0.00034788370307893996, 
0.0070701133330038635, 0.0096743921874908323, 0.0037037071247520005, 
