structure(c(0.031320412782128028, 0.026817359524265699, -0.0086875770173097146, 
-0.0091369449359861368, 0.00084112828057540255, 0.014772470328311586, 
-0.013970917184556356, 0.032451812835736865, 0.017905654071244788, 
0.0045862036065307237, -0.038263896355166638, -0.0036263505909865457, 
-0.0055912278023265401, -0.005267514866252123, -0.0070851670676139664, 
0.021485380464234729, -0.0011145646738950088, 0.024498735447527554, 
0.089643655280653101, -0.10180008053816368, 0.010741056470376053, 
0.0061686416456332134, -0.014136032353830099, -0.0035136352711829509, 
0.026817359524265699, 0.012036595435917327, -0.018814410370060326, 
0.011233847537495787, -0.00066125781249088984, 0.00045373095133317132, 
0.00053508684664422363, 0.0026319869988056556, 0.0460579279346649, 
-0.024858662192550843, -0.0059016781177966202, -0.016732740517767963, 
-0.0083431062155896723, -0.0072476173092962202, -0.0071128138886642628, 
-0.00097558266338327996, -0.001744198284033711, -0.0033554195967086197, 
0.033563339370250064, -0.022208296833127028, -0.0018478449193802969, 
-0.0011526340543287861, -0.0099886134852603028, -0.00079150225128025108, 
-0.0086875770173097146, -0.01881441037006033, -0.00012251439698977523, 
-0.012154934576455919, -0.0077852162319997911, 0.0008535502164906697, 
0.0015557440600080434, 0.0038652167159787675, -0.0069446785582211214, 
-0.0069841857939126192, -0.025050949244957224, 0.00056871694001799425, 
0.002186260605646946, -0.0049255509157125656, -0.00028197927543286593, 
-0.0026812959887641701, -0.0019799474607155956, -0.0053979479465157687, 
0.096713762915090651, -0.073516473235010774, -0.0095209951884394368, 
-0.0025159700584228947, -0.00051278574637501017, -0.00063617703649530041, 
-0.0091369449359861386, 0.011233847537495787, -0.012154934576455919, 
0.012090284405152583, -0.01498102893716332, 0.0055749496149969198, 
-0.0019703562358249754, 0.0011801004298843268, 0.02302770736434951, 
0.0055664386906295908, 0.0035614294703932843, 0.0081982971753103446, 
-0.0060748921614921635, -0.0018302064696713448, 0.0064094805763482031, 
-0.0045176699886003979, 0.0032609653394197135, 0.0057711936595231696, 
-0.016212091779195553, 0.080188902465601564, 0.003938032072942038, 
-0.0077480400008883999, 0.0052341909368990164, -0.0045116753776936521, 
0.00084112828057540255, -0.00066125781249088984, -0.007785216231999792, 
-0.014981028937163321, 0.0076351271436739046, 0.0096437531667487066, 
-0.0016206076214300364, 0.0011976822613324887, 0.019170571541002265, 
-0.014413841235833152, -0.015158238811322932, -0.0036103209586392394, 
-0.011533111091156104, -0.0094076854333091861, 0.0064831303024515266, 
-0.0033235643404058508, 0.003502735896987959, 0.0018505602735134935, 
0.091205574582283136, -0.055918586856458626, -0.0011403340130099447, 
-0.0060972529659317652, 0.00038793905254905448, -0.0105313244781434, 
0.014772470328311584, 0.00045373095133317132, 0.00085355021649066959, 
0.0055749496149969198, 0.0096437531667487048, 0.007322430246104775, 
-0.0047706517009555131, 0.0066698633597974113, 0.0047105812574476718, 
0.01201121520582993, 0.0065304860561788466, 0.0037291973379168885, 
0.0015277567288907654, -0.00022709229148109409, 0.0037457503802379032, 
-0.0035445343384431015, -0.00098940223422563532, 0.0028482737184377734, 
0.009848998082488682, 0.031214402364541056, 0.0031029399092014501, 
-0.0037314770537526685, 0.0028645156346881911, 0.0019910517551916299, 
-0.013970917184556356, 0.00053508684664422363, 0.0015557440600080432, 
-0.0019703562358249754, -0.0016206076214300364, -0.0047706517009555131, 
-0.0053239805903187313, -0.0064412881850421655, -0.0076738175534749415, 
-0.010881736215296523, -0.0058309677764499385, -0.0032985180736821063, 
0.00046592726951188616, 0.00099596428956520906, 0.001045482919783251, 
-0.0065361257263545159, 0.0032794946680337104, -0.0038802602332961979, 
0.02331661783562549, 0.0043341800779277432, 0.0069348598552462564, 
0.0015928530264209951, 0.0021862773290107895, 0.0036715769314036454, 
0.032451812835736865, 0.0026319869988056556, 0.0038652167159787679, 
0.0011801004298843268, 0.0011976822613324889, 0.0066698633597974104, 
-0.0064412881850421655, 0.0082257010009200125, 0.0019627678843572647, 
0.00017845647025814746, -0.0051620604376439189, 0.010379924143304291, 
-0.00091842751742002412, -0.005593919078084428, -0.0074959075259927298, 
-0.00024778530579711987, 0.0016501803417589877, -0.0034399808171923876, 
0.05042598286709285, 0.015524407494280022, -0.0031571982597493973, 
-0.0036082658976461426, 0.0040841241556779416, 0.0027526103279988182, 
0.017905654071244788, 0.0460579279346649, -0.0069446785582211214, 
0.02302770736434951, 0.019170571541002265, 0.004710581257447671, 
-0.0076738175534749424, 0.0019627678843572652, 0.081238344511710428, 
-0.0094995856926890863, -0.024788762184089669, 0.0022232128301910878, 
-0.00064392747973434272, -0.011992691336575512, 0.001972903951679037, 
-0.0033147442857497204, -0.011234655887720948, -0.0084656253625062516, 
0.039981964221915238, -0.066646038077860403, -0.019480561810366552, 
-0.006848416142180006, -0.01189251923697731, -0.00097771887490392625, 
0.0045862036065307237, -0.024858662192550843, -0.0069841857939126192, 
0.0055664386906295908, -0.014413841235833152, 0.01201121520582993, 
-0.010881736215296521, 0.00017845647025814746, -0.0094995856926890863, 
0.031787421876173699, 0.0017617744493558254, 0.0083289178994102875, 
0.00095715932422878105, 0.0032510845751975567, -0.00090264846214515053, 
0.0013895354493122605, 0.012883638812391745, -0.0018806449013889946, 
0.051249548257384168, -0.012317984890850509, 0.0081189803403681482, 
0.0061113726877274266, 0.006178539364754025, -0.0031041150334686182, 
-0.038263896355166638, -0.0059016781177966202, -0.025050949244957221, 
0.0035614294703932839, -0.015158238811322932, 0.0065304860561788466, 
-0.0058309677764499376, -0.0051620604376439189, -0.024788762184089666, 
0.0017617744493558254, -0.037968466132920826, -0.0046426249452976654, 
-0.00075170657603665283, 0.0012524537437821775, -0.026677328621908719, 
0.013142469077387179, 0.0027348555690574995, -0.0084430825212210032, 
0.099763530775861461, 0.010147276025935377, 0.0037584263622168789, 
0.00020980867994152579, -0.0020968575791065411, -0.0035599276887668977, 
-0.0036263505909865453, -0.016732740517767963, 0.00056871694001799425, 
0.0081982971753103446, -0.0036103209586392394, 0.0037291973379168881, 
-0.0032985180736821063, 0.010379924143304289, 0.0022232128301910878, 
0.0083289178994102875, -0.0046426249452976645, 0.0026068003183105561, 
0.0020537797414801255, -0.0014266966493453068, -0.0061311042223792366, 
0.0063295275487599617, 0.0085214343724216348, 0.010845360094525736, 
0.013845071870412886, 0.039400603271296152, 0.00012212274605984604, 
-0.00077718163557866961, 0.0021517722392902479, -0.0068306400300878435, 
-0.0055912278023265392, -0.0083431062155896723, 0.002186260605646946, 
-0.0060748921614921635, -0.011533111091156106, 0.0015277567288907651, 
0.00046592726951188621, -0.00091842751742002412, -0.00064392747973434261, 
0.00095715932422878105, -0.00075170657603665283, 0.0020537797414801255, 
-0.0012657962150357483, -7.1741049166653214e-05, 0.0025703224582611095, 
-0.0034265302639987297, 0.0018507463711654147, -0.0010496647528507484, 
0.011120780806247893, -0.014279456784552712, -0.0026550694011928059, 
0.0026424422411148612, 0.00095623848949221108, 0.0015858927834198457, 
-0.005267514866252123, -0.0072476173092962202, -0.0049255509157125656, 
-0.0018302064696713448, -0.0094076854333091844, -0.00022709229148109406, 
0.00099596428956520927, -0.005593919078084428, -0.011992691336575512, 
0.0032510845751975563, 0.0012524537437821775, -0.001426696649345307, 
-7.1741049166653214e-05, -1.7284963839743135e-05, 0.0011329191741004251, 
0.00024500190129828786, 0.0038401449460505632, -0.0048039438390505371, 
-0.0039266646231531054, 0.0086141625225784127, -0.0015426912139632437, 
0.0012607808094707304, 0.0042153949858926079, -0.00011105924742912636, 
