structure(c(0.0066488003703771247, -0.035569301696211947, 0.046475967068809639, 
-0.017165150435134221, -0.017401772994084779, -0.015727304271231469, 
0.029796111512221914, -0.038838559239892045, -0.039395093617939199, 
-0.028134868357099163, 0.016552836736496431, -0.027519764728505425, 
-0.0078945362397754067, -0.0094820229230334219, -0.007995529828056562, 
-0.008026998679188449, -0.0083401956383351971, -0.037104165302423449, 
-0.0083182908836858683, 0.11316232390467376, -0.031756535273232113, 
-0.031912154074966434, -0.0035020543517912308, -0.019216559536316891, 
-0.035569301696211947, -0.019870787138291005, 0.030944987287193727, 
-0.0095762089546705797, -0.015328292506700869, -0.022528190800303605, 
0.0063349203766312947, 0.0073270367410807639, -0.029730326179876632, 
0.02785262104775655, 0.052354210014921583, 0.025391459381132554, 
0.004107468263696022, 0.0008790086826039068, -0.012737332316451556, 
0.012654272391646633, -0.015843742087812477, 0.016378611465758412, 
0.019279903411312367, 0.021013223173499681, -0.0022787944609171835, 
-0.010405790639077594, 0.0040373287490285117, -0.0055059619046656256, 
0.046475967068809639, 0.030944987287193727, 0.0030243616202128721, 
0.01294300190932287, 0.01832215096809936, 0.006865213931542994, 
0.0014149533913059801, -0.0098708280906155809, -0.0026918771304640359, 
0.014451460092256114, 0.002943147650537806, 0.0010549551005766085, 
0.0037254885514921713, 0.0024768820961985835, -0.0057579659700199761, 
0.0056756589090876403, -0.0079887267550042274, 0.00017731958923774196, 
-0.062815631375276737, 0.02327188716919756, 0.0044206533674564855, 
-0.0026035828039642456, -0.013292226379418721, -0.0031135511424925481, 
-0.017165150435134217, -0.0095762089546705797, 0.01294300190932287, 
-0.012453491519180527, 0.005983095569378866, 0.00044890197860169391, 
0.00029960491358018587, -0.0037938341646796699, -0.031210546120025391, 
0.00077854186288832004, -0.014393310667638104, -0.0060172965820652312, 
-0.0010871153942470322, 0.0039874232883033763, -0.00044886810713114391, 
0.0051476819553306812, 0.0082363797796957613, -0.0056915706881003059, 
0.014355198068146087, -0.071797367485542912, 0.0058824117508448938, 
0.014105022037526494, 0.0099891351373451297, 0.0033217357919068185, 
-0.017401772994084779, -0.015328292506700869, 0.018322150968099363, 
0.005983095569378866, -0.026909519050645994, -0.00086053242970347702, 
-0.010727991211553599, -0.0020959563019807806, -0.011610698072101631, 
0.0074557793897038031, 0.0019649985089247647, 0.0057212048297246142, 
0.003440502852003321, 0.0051686475285332633, -0.00078057891184954539, 
0.0089411051365680984, 0.00021403621678190842, 0.0074737483796280891, 
0.041079178854945581, -0.010121226256717413, -0.0084133136034507134, 
0.0037907840737791509, 0.0034882487887000534, 0.0071169348441979079, 
-0.015727304271231472, -0.022528190800303601, 0.0068652139315429931, 
0.00044890197860169391, -0.00086053242970347702, -0.0029851766754318203, 
0.0038882025713496767, -9.9490293748737924e-05, -0.0076474867398329434, 
-3.754725811268533e-05, -0.017158136598819165, -0.007220496784781533, 
-0.0022713707841441506, -0.0011854023995660581, -0.0055209995145299598, 
-0.0021051841738949336, 0.00066810640309160894, -0.0075074332586284086, 
-0.016585931959012628, -0.066287090765940498, -0.0024870019018106374, 
-0.0023802819158073177, 0.0041644012167861124, -0.0075355525579593671, 
0.029796111512221911, 0.0063349203766312956, 0.0014149533913059801, 
0.00029960491358018592, -0.010727991211553599, 0.0038882025713496771, 
0.00047265830136666159, 0.0002120543276339099, 0.0034667090607291571, 
0.015419684330107463, 0.0018195887899192431, -0.0013273984503859066, 
-0.00050712535028581184, 0.0035216057472735422, 0.0044543185310375617, 
0.0056615574139607929, 0.00070915362304401148, 0.0017579432891051592, 
-0.0095989375781940205, 0.012044317491158212, 0.0014261393459587221, 
0.003024473778717666, 0.0077434235379890822, 0.00042460323355256543, 
-0.038838559239892045, 0.0073270367410807639, -0.0098708280906155809, 
-0.0037938341646796699, -0.0020959563019807806, -9.9490293748737924e-05, 
0.0002120543276339099, 0.0087103527587854158, -0.013911446424162836, 
0.00098129472744862343, -0.008572277854101043, -0.0080147865345903957, 
-0.0086194370395360851, -0.001221465258148699, -0.0022884357083716635, 
0.0059294222378289806, -0.011190493180187057, 0.0078392448979945992, 
0.029801637598041452, -0.031833424937260227, 0.00092807765763704099, 
0.00057488004214263655, -0.0058228842148958584, -0.0066616609999877877, 
-0.039395093617939206, -0.029730326179876632, -0.0026918771304640359, 
-0.031210546120025391, -0.011610698072101629, -0.0076474867398329434, 
0.0034667090607291571, -0.013911446424162834, -0.07800055872886591, 
-0.031127556140537985, -0.0035312030651708489, -0.02119541023135282, 
-0.0039021818545888244, 0.011169146020690815, -0.010164770523133464, 
0.010626036321786755, -0.0043293059330201103, -0.0087886235853985393, 
-0.030164701676056654, 0.090592793614148417, -0.0051768328944083722, 
0.00014756705533459932, 0.0056417186712990463, 0.010196244143820575, 
-0.028134868357099167, 0.027852621047756546, 0.014451460092256115, 
0.00077854186288832004, 0.0074557793897038031, -3.754725811268533e-05, 
0.015419684330107462, 0.00098129472744862322, -0.031127556140537981, 
-0.0036854143935628001, 0.004191561257294394, -0.024890778522817375, 
0.0044588501817331254, -6.8602414581786983e-05, 0.00022053338752838411, 
-0.0018363742031819786, -0.0037105138032034919, -0.0058096061776233918, 
-0.064795133357270218, 0.024072873919911201, -0.0005848486678240001, 
-0.0071510221597959325, 0.0030875151009694614, 0.0054244738467680549, 
0.016552836736496431, 0.052354210014921583, 0.002943147650537806, 
-0.014393310667638104, 0.0019649985089247647, -0.017158136598819165, 
0.0018195887899192431, -0.008572277854101043, -0.0035312030651708489, 
0.004191561257294394, -0.022027713507510257, 0.007014387066138641, 
0.0028681251324635371, 0.0083032818119488302, 0.016705729319802572, 
-0.0084376702648367805, 0.0036790545209056452, -0.0026352355916823811, 
-0.019989570772741515, 0.035307057856066838, -0.018487703030354206, 
0.0018767791013908728, 0.014740976504240152, -0.012051989174958982, 
-0.027519764728505425, 0.025391459381132554, 0.0010549551005766085, 
-0.0060172965820652312, 0.0057212048297246134, -0.007220496784781533, 
-0.0013273984503859066, -0.0080147865345903957, -0.021195410231352817, 
-0.024890778522817375, 0.0070143870661386418, 0.0036418649879518851, 
0.0052036032417078744, 0.0081337970319311, 0.0023720675591794864, 
0.00049058828289850575, -0.0013609586860427198, -0.003249577534748473, 
0.013705245332631743, -0.051281068384783843, -0.0033854153639299254, 
-0.0021914378637706562, -0.0030710471954779016, 0.0057322813124331788, 
-0.007894536239775405, 0.004107468263696022, 0.0037254885514921717, 
-0.0010871153942470322, 0.003440502852003321, -0.0022713707841441506, 
-0.00050712535028581184, -0.0086194370395360851, -0.003902181854588824, 
0.0044588501817331254, 0.0028681251324635371, 0.0052036032417078744, 
0.0023351310095000547, 0.0030866459464690826, -0.0028632536702070349, 
0.0019491228806683455, 7.0532579479179575e-05, 0.00020503271791487093, 
-0.0068000773557337271, 0.019461486897252477, 0.0054297508920528948, 
0.0023104733869238059, 0.0016603093289288336, 0.0016476501320528256, 
-0.0094820229230334219, 0.0008790086826039068, 0.0024768820961985835, 
0.0039874232883033763, 0.0051686475285332633, -0.0011854023995660583, 
0.0035216057472735422, -0.001221465258148699, 0.011169146020690815, 
-6.8602414581786983e-05, 0.008303281811948832, 0.0081337970319311, 
0.0030866459464690826, 0.0037025386881948609, -0.0010030135695625396, 
0.0012810789650798643, -0.0032308652068962231, 0.0010176596583426735, 
0.001650032711954098, -0.010932670071005903, 0.0012568308121039045, 
0.0027080438311246164, -0.0015645739997948277, 0.0029674710851157722, 
-0.0079955298280565603, -0.012737332316451556, -0.0057579659700199761, 
