structure(c(-0.29595079020320053, -0.22903766973651515, 0.0047096132788696995, 
0.082859288347386317, -0.075883838726561154, 0.050104480663322716, 
0.0035392023413757258, 0.026859341588646734, -0.26564969052138682, 
-0.12172882921831756, -0.29590474883444456, -0.0052958142368487423, 
0.0075907872529771409, 0.0085410865326598171, 0.0052865833151227405, 
-0.0031166561993151132, 0.0014762744796078448, 0.002476756176283481, 
-0.074891206382165246, -0.033962269714502558, -0.001435688393502145, 
0.012792593514937219, 0.0058989131267853483, 0.0051750824722583124, 
-0.22903766973651515, -0.12674123271046142, -0.0011671227101139659, 
0.052097191398240567, -0.067549385893650837, 0.040575049592088033, 
0.0016167871585404275, 0.001896800714857658, -0.17201434446872235, 
-0.094435876353230683, -0.18316227540545271, -0.0070681426205405507, 
0.006395453484448475, 0.01050898527617717, 0.0030243751076569308, 
0.011523382260037709, -0.003912817192482247, 0.021674666705478036, 
-0.064750904264827908, 0.01706944114506451, 0.0068513266360940859, 
0.004003250422288657, 0.0088772483281612819, 0.005881659996963412, 
0.0047096132788696995, -0.0011671227101139657, 0.027476865501560269, 
-0.0065471837910566228, 0.010425056663773181, -0.0033829573426643568, 
0.0046538888728280322, -0.002142224298149913, -0.010578120316792354, 
-0.0019627885133705327, -0.00073733431529300869, 0.0056777470689689975, 
0.00033185236660184366, -0.0034100694132967631, 0.0031389590377250867, 
-0.0073054566559112829, 0.001467299366805556, 0.00080577937923513609, 
-0.015298199011440286, 0.022952259196753571, -0.00078100588289174006, 
-0.00077502872364523128, 0.0013291503855087355, -0.0048383777243738747, 
0.082859288347386317, 0.052097191398240573, -0.0065471837910566228, 
-0.0067050397152084162, 0.023498464699132107, -0.0073654659185959544, 
-0.0018481294962673447, 0.0029298652655652931, 0.066864719990723534, 
0.039078054071271247, 0.090517740425448592, 0.0031691919970662603, 
-0.00075602338702908996, 0.002337651313807716, -0.00055858578573303355, 
0.012085197425495846, 0.0044736346465218497, 0.0019647019697646055, 
0.012265878372179599, -0.010046011935504624, 0.00036859621521325759, 
0.0010390902389649723, 0.00040161565826921244, 0.003865996580620288, 
-0.075883838726561154, -0.067549385893650837, 0.010425056663773179, 
0.023498464699132103, 0.0078386552232385387, 0.0072310053607780676, 
0.0034613121750360167, -0.0026564920832564398, -0.092723009551073626, 
-0.033003588407654459, -0.07819387749424106, -0.0085205580683685028, 
0.0033439362483030557, 0.0035901696504061931, 0.0058370873081850204, 
0.0052871984260770069, 0.01032444588809776, -0.0017446189201001192, 
0.0036968621728010794, -0.018401007166716783, 0.0039698850477099656, 
0.0024859214814592617, 0.0076541736137548493, 0.010400987152908133, 
0.050104480663322723, 0.040575049592088033, -0.0033829573426643568, 
-0.0073654659185959544, 0.0072310053607780676, 0.0046349745028416234, 
-0.0029336025750909332, 0.00026384548056151671, 0.050763399241838827, 
0.013243026362977429, 0.057794516980229464, 0.004035530413207704, 
-8.9337441851930399e-07, -7.932024269693722e-05, -0.0061928631614313698, 
-3.2292806541532165e-05, 0.0049744098360512308, 0.0029512229215005337, 
0.0065930155260570458, 0.0014802134661441807, 0.0043089365536839921, 
0.00033941349012367661, -0.001053172369838888, 0.0006318880720913413, 
0.0035392023413757258, 0.0016167871585404273, 0.0046538888728280331, 
-0.0018481294962673449, 0.0034613121750360163, -0.0029336025750909328, 
0.0081959666226214586, -0.0038129995517956483, -0.0010317010654544978, 
-0.0025028924827849314, -0.0010151683158779476, -0.0029306904640001678, 
0.0016671168939191923, 0.0014576078693152236, 0.0030471196481656527, 
-0.0016805832920191186, 0.0017971724273132613, 0.001479851013996631, 
0.0064645376536795933, 0.0015565580534841696, 0.0040491504258331696, 
-0.0002482654225069647, 0.0045888688286246848, 0.002956255187916426, 
0.026859341588646734, 0.0018968007148576582, -0.002142224298149913, 
0.0029298652655652931, -0.0026564920832564398, 0.00026384548056151671, 
-0.0038129995517956483, 0.0050813416992349543, 0.01490391342086521, 
0.02021017912022555, 0.0090485923899840514, 0.0012530076213716052, 
0.00099987892348010797, 0.0029538701784950381, 0.0010286010177439852, 
0.0043213444052322553, 0.0030962410771716588, 0.0024615741297868117, 
-0.0099221068071083732, -0.0024107623836509299, 0.0044127530758010349, 
0.0022876298907068961, 0.0027823617152845665, 0.0037768825144504862, 
-0.26564969052138682, -0.17201434446872238, -0.010578120316792354, 
0.066864719990723534, -0.092723009551073626, 0.050763399241838821, 
-0.0010317010654544978, 0.01490391342086521, -0.25943877973203083, 
-0.13299809775079929, -0.29617860801064705, -0.0026779391830441517, 
0.0060786868343943997, 0.012425750400049784, 0.0087168331078686673, 
0.010079777941751838, 0.0093257577805895449, 0.0010633755633111398, 
-0.096315989857157308, -0.016341138821334464, 0.013974833219137298, 
0.0083953014789261635, 0.013871290621185011, 0.0067700486676101615, 
-0.12172882921831756, -0.094435876353230683, -0.0019627885133705327, 
0.039078054071271247, -0.033003588407654459, 0.013243026362977429, 
-0.0025028924827849314, 0.02021017912022555, -0.13299809775079929, 
-0.021202280898412345, -0.15257393822886878, 0.006790033927756815, 
0.0034888298694271823, 0.0039559120755748751, -0.0033867059099327869, 
0.0031835172202861074, 0.0058782580535289052, 0.0063682841213809141, 
-0.0019592355268736664, 0.028319184686980657, 0.0025805389074286937, 
0.014470719300936999, 0.012964946710125966, 0.0085870025397780866, 
-0.29590474883444456, -0.18316227540545274, -0.00073733431529300869, 
0.090517740425448592, -0.07819387749424106, 0.057794516980229464, 
-0.0010151683158779476, 0.0090485923899840514, -0.29617860801064705, 
-0.15257393822886878, -0.29715523086591733, 0.0003130436348053501, 
0.0093128809012963717, 0.01088511247814551, -0.00081810449464328277, 
0.0043017905259260213, 0.0044100520621198572, -0.0069102033416968446, 
-0.091987548668035421, 0.050698750920690462, -0.0041361597081037722, 
0.0081051793523514108, 0.014698147109615561, 0.00530611908198797, 
-0.0052958142368487431, -0.0070681426205405507, 0.0056777470689689984, 
0.0031691919970662607, -0.0085205580683685028, 0.004035530413207704, 
-0.0029306904640001674, 0.0012530076213716054, -0.0026779391830441522, 
0.006790033927756815, 0.00031304363480535004, 0.0092591106584012182, 
0.0066552045252464892, 0.0093692037607370979, 0.0038653998442181822, 
0.0083079612217652199, 0.0085976583850777416, 0.0063140147399600175, 
0.055932665810260435, 0.053949558677507982, 0.013566726109000673, 
0.016178072411289907, 0.0097576996003305785, 0.009405415494836665, 
0.0075907872529771417, 0.006395453484448475, 0.00033185236660184371, 
-0.00075602338702908996, 0.0033439362483030561, -8.9337441851930399e-07, 
0.0016671168939191923, 0.00099987892348010797, 0.0060786868343943997, 
0.0034888298694271832, 0.0093128809012963717, 0.0066552045252464892, 
0.015663842595276811, 0.014995392015500967, 0.0018726486723000064, 
0.0036285068904180172, 0.0047511594593930241, 0.0045022670364313535, 
0.0016294357151019582, -0.00074010068905910149, 0.0047442619306971691, 
0.0073871384694921671, 0.0045621850905275506, 0.0059309824793331275, 
0.0085410865326598171, 0.010508985276177172, -0.0034100694132967635, 
0.0023376513138077164, 0.0035901696504061936, -7.9320242696937206e-05, 
0.0014576078693152236, 0.0029538701784950377, 0.012425750400049786, 
0.0039559120755748751, 0.01088511247814551, 0.0093692037607370979, 
0.014995392015500967, 0.016108820902946699, 0.0017572995443265371, 
0.005829324852902564, 0.0030803948298816618, 0.0064765744312193334, 
-0.0066828765922041468, 0.0013315113373744711, 0.0065385526153942481, 
0.0066881967789708665, 0.0043099663865489753, 0.0052539906381239808, 
0.0052865833151227405, 0.0030243751076569308, 0.0031389590377250867, 
-0.00055858578573303355, 0.0058370873081850204, -0.0061928631614313707, 
