structure(c(-1.9770463247380845, -1.5728510307717054, 0.01994393316267239, 
0.6185037162397321, -0.53317078564192089, 0.39223904682041644, 
-0.0024937467234454279, 0.18553567195845011, -1.7642086303241491, 
-0.82675860887104446, -2.1075701490434962, -0.076538069046392362, 
0.0090116768726994558, 0.039943461974289746, 0.04053020042518643, 
-0.019978055367837644, 0.026129150360793808, 0.002726359441543091, 
-0.7743608226955736, -0.34531367694282522, 0.0084867203064330505, 
0.11410701972726113, 0.071038155292917224, 0.047877425569115346, 
-1.5728510307717056, -0.88031369825336547, -0.035357723987165558, 
0.36582755823948221, -0.41102567970103526, 0.3122660285472425, 
0.0090810658374669492, 0.0075058097708636728, -1.1957382916860497, 
-0.70485760588949353, -1.2813838566883839, -0.023064402796398868, 
0.015599148869734361, 0.049320705018848103, -0.015101748031139292, 
0.061369114476824527, -0.02855406676341132, 0.093308023978099813, 
-0.72000305484823646, 0.053272804902013658, 0.04218341931639287, 
0.016984042339045477, 0.047043528590358534, 0.021485034061388762, 
0.01994393316267239, -0.035357723987165558, 0.153103280756235, 
-0.019013875812953933, 0.054474054062090826, -0.024659591281919233, 
0.024697788258163496, -0.036207637408928683, -0.087714587780389694, 
-0.012932841144632742, 0.050388579167768649, 0.026596590328375466, 
0.013678749993387229, -0.01103639939075819, 0.0077386489077944636, 
-0.030300396377296833, 0.015440649261649697, -0.0058324363045456143, 
-0.059476207540158969, 0.061607397962860022, 0.0019211941439618099, 
-0.0019940599494690427, 0.015635441749410388, -0.015820748259447612, 
0.6185037162397321, 0.36582755823948221, -0.019013875812953933, 
-0.087945025819048145, 0.15916693368414539, -0.067255175362709987, 
-0.038949982015044196, 0.012461762883176112, 0.4598039250541967, 
0.23075281356985694, 0.5885937396818961, 0.00093001764739689488, 
-0.001291467090044693, 0.020115094887890268, 0.0023592574657236649, 
0.044683877748686859, 0.029291049486549346, -0.0016688366369161818, 
0.078396622827820284, -0.056061874919083494, 0.00098572001341356414, 
-0.0025764937009140629, -0.0023469032520932287, 0.025338918062348708, 
-0.53317078564192089, -0.41102567970103532, 0.054474054062090826, 
0.15916693368414539, 0.028583413076907638, 0.052640183669280555, 
0.030338586077899615, -0.054036568821031875, -0.65556414770030658, 
-0.23368395994066965, -0.54933116626809775, -0.053317924511001272, 
0.024753481704496087, 0.025941102468757644, 0.046896852027948348, 
0.030031294464017852, 0.052941624138645615, -0.016712330564886833, 
0.084858400074045839, -0.11354367072927608, 0.036087415395120545, 
0.011727152654123205, 0.056659734800732192, 0.084418948732729898, 
0.39223904682041649, 0.3122660285472425, -0.024659591281919233, 
-0.067255175362709987, 0.052640183669280562, -0.01428582812081248, 
-0.027256213670395702, -0.0057197267629701971, 0.33387343345759285, 
0.082542655562386075, 0.42880156278350023, 0.023198020807070979, 
0.0079880395943510308, 0.008875803252791286, -0.04400891933383682, 
-0.0020149653983433215, 0.0267294381873622, -0.00014016689375455802, 
-0.038549356798221378, 0.10332032835042677, 0.024779542844192228, 
0.0062238739864704231, 0.011328416310646589, 0.0061406816997859378, 
-0.0024937467234454279, 0.0090810658374669492, 0.024697788258163499, 
-0.038949982015044196, 0.030338586077899615, -0.027256213670395706, 
0.058451718042519314, -0.0090959810302329754, 0.005176644554791535, 
-0.013059226247800256, 0.010945674696612345, -0.039734011819504249, 
0.016358684608408117, 0.0044231401986418555, 0.031393835198060251, 
-0.012975336998541885, -0.001793141863589726, -0.0016558521746709595, 
0.13880471341345324, -0.0037086820906292507, 0.027645434279245616, 
-0.0081793789990719824, 0.02931847123680284, 0.012938605425781503, 
0.18553567195845011, 0.0075058097708636728, -0.03620763740892869, 
0.012461762883176112, -0.054036568821031881, -0.0057197267629701971, 
-0.0090959810302329754, 0.050334283642214879, 0.067626011619362658, 
0.13699671556808363, 0.066020038980245777, 0.008212776819883149, 
0.0054984063956376745, 0.019725766940536682, -0.00033422189752303115, 
0.024604230312250525, 0.022452454017006067, -0.00075798809633155625, 
-0.22788343590428625, 0.0079237130561293483, 0.023558062647755579, 
0.014087085995098324, 0.0035126298792444626, 0.021322642817181957, 
-1.7642086303241493, -1.1957382916860497, -0.08771458778038968, 
0.4598039250541967, -0.65556414770030669, 0.33387343345759279, 
0.005176644554791535, 0.067626011619362672, -1.9239276395752396, 
-0.92941449057594994, -2.0512552160698023, 0.010435239288913489, 
0.033121319012488187, 0.071929117322967251, 0.031782375975256037, 
0.072175033909334274, 0.045058429443609618, -0.0094039370965016012, 
-0.51469678651760198, 0.02635939429589446, 0.083881959768934949, 
0.060202049202961488, 0.036721031559178399, 0.051756062040892267, 
-0.82675860887104446, -0.70485760588949353, -0.012932841144632744, 
0.23075281356985697, -0.23368395994066962, 0.082542655562386075, 
-0.013059226247800254, 0.13699671556808363, -0.92941449057595005, 
-0.16681807932324297, -1.0749571710007173, 0.022529347551735857, 
0.021353555011632341, 0.024108917653982726, -0.00025517870603041371, 
-0.0041833794469279375, 0.018951706722543923, 0.031118252015481223, 
-0.20654533754158524, 0.1745057805954702, 0.005052851656447456, 
0.083615332965514044, 0.078153789440354296, 0.051471287743833159, 
-2.1075701490434962, -1.2813838566883837, 0.050388579167768649, 
0.5885937396818961, -0.54933116626809775, 0.42880156278350023, 
0.010945674696612345, 0.066020038980245763, -2.0512552160698023, 
-1.0749571710007173, -2.1037395138384416, -0.016081233684261745, 
0.031262555500316064, 0.049188246361648598, 0.0038335553990082854, 
0.017857322735552864, 0.011494011315782567, -0.04810469299689047, 
-0.70934157993964408, 0.30177827314008354, -0.025084197097305933, 
0.031024336579932022, 0.093483528633270224, 0.043430048204470148, 
-0.076538069046392362, -0.023064402796398868, 0.026596590328375462, 
0.00093001764739689488, -0.053317924511001279, 0.023198020807070979, 
-0.039734011819504242, 0.0082127768198831507, 0.010435239288913489, 
0.022529347551735857, -0.016081233684261745, 0.039055691978378423, 
0.029969899120140839, 0.05446811268502063, 0.019616294279792865, 
0.069875174606148713, 0.054193611099742689, 0.057249256338597253, 
0.031730787048321475, 0.29224737455956529, 0.086958851472217782, 
0.099922880179520807, 0.049437916680179328, 0.033869438853241826, 
0.0090116768726994558, 0.015599148869734361, 0.013678749993387229, 
-0.001291467090044693, 0.024753481704496087, 0.0079880395943510308, 
0.016358684608408117, 0.0054984063956376745, 0.033121319012488187, 
0.021353555011632337, 0.031262555500316064, 0.029969899120140839, 
0.084617368808714122, 0.080897759444738745, 0.015076366726887381, 
0.018319080543236881, 0.025811503941795117, 0.027502203031350429, 
0.039837595247491836, 0.027945364614621247, 0.031123194061851708, 
0.042751498622736778, 0.021274552185416237, 0.024769432067775425, 
0.039943461974289746, 0.049320705018848103, -0.011036399390758192, 
0.020115094887890265, 0.025941102468757648, 0.008875803252791286, 
0.0044231401986418555, 0.019725766940536679, 0.071929117322967237, 
0.024108917653982726, 0.049188246361648605, 0.05446811268502063, 
0.080897759444738732, 0.08105173237978272, 0.010832281727227859, 
0.022654846690476609, 0.011750864984545615, 0.035471397753545277, 
-0.027946315195765351, 0.062589278550155475, 0.037434382351429075, 
0.03591168060913591, 0.011165086580141065, 0.022292238622393563, 
0.040530200425186437, -0.015101748031139294, 0.0077386489077944636, 
0.0023592574657236649, 0.046896852027948348, -0.044008919333836827, 
0.031393835198060244, -0.0003342218975230311, 0.031782375975256037, 
-0.00025517870603041366, 0.0038335553990082854, 0.019616294279792865, 
0.015076366726887379, 0.010832281727227857, 0.058754916822352163, 
-0.012282561837917075, 0.01752103625510712, -0.019001931511565612, 
