structure(c(0.2291004643987764, 0.091046436842656661, 0.048422361501092775, 
-0.019107371400640907, 0.038712978185360528, -0.037221562376214594, 
0.01266428060035453, 0.035172112137160649, -0.0084610684351414944, 
0.073621985032231801, 0.01048165377119566, 0.0039038799455825327, 
0.01537471778599671, 0.017822746359654494, -0.022546941578226634, 
-0.033010357445085035, 0.022256202583250805, 0.0083803006567889117, 
-0.10260854360783439, 0.20928148514627298, 0.011710800656891273, 
-0.023658404876346684, -0.033479519336586383, 0.0022445467721765064, 
0.091046436842656661, -0.057651447049529528, 0.02176717227182284, 
-0.019837952248357837, -0.0086593744865952425, -0.036143880355640215, 
-0.0041034852781204646, -0.024769130374642564, -0.081368786307419144, 
-0.027317515787223128, -0.0054632016973752782, -0.0028015163408365543, 
0.014431991142988185, 0.0074291933414989313, 0.00112055244913361, 
-0.0051662135214436472, -0.0051861912194497315, 0.029242819056536199, 
-0.11938400614345548, -0.025645247409509488, -0.0039754855977448961, 
0.011958576662182556, -0.022015437325854172, -0.0057976523660834113, 
0.048422361501092775, 0.021767172271822843, 0.019118120207528174, 
-0.022297550921959151, 0.026792612081988004, -0.0057835981098857134, 
0.0088032565182797045, 0.0070382197977823437, 0.0055335772074512832, 
-0.011733940401910274, -0.0064299754110087627, 0.024880983378478137, 
-0.0017542638026464472, -0.0084367508471619307, -0.017071978607378007, 
0.013405633934700944, -0.004155236663040289, 0.0051375766525002513, 
-0.07124602414338245, 0.078561883078223912, -0.0013890649365365271, 
-0.0018647737962137595, 0.0037693359998089821, 0.0060169400275566593, 
-0.019107371400640907, -0.019837952248357837, -0.022297550921959151, 
0.0058819910140769319, -0.021314705103875474, -0.0099825110209378239, 
0.0094456883770077955, -0.0075478912814480664, -0.025333095182868085, 
0.029040197891481885, 0.006558455378308542, -0.0099601176148473025, 
-0.0020552312268169739, -0.0073436420772249981, 0.0026792879543065403, 
-0.010017723837174267, 0.0089297603270271537, -0.0088113520783591193, 
-0.0091232757404813777, -0.14081191467005391, -0.01663575933491972, 
-0.0075836756103086723, -0.026458523276850873, -0.0088506541737678728, 
0.038712978185360528, -0.0086593744865952442, 0.026792612081988004, 
-0.021314705103875477, -0.015665905027423908, -0.0086446026479868581, 
0.011837917043698342, -0.0055899817535297264, -0.014432829265779183, 
-0.036974455109051833, -0.049707714795754802, -0.0027460967497429157, 
0.0022451525108694611, -0.0030900112580440216, 0.00088083522942861365, 
-0.0096881592482146103, 0.0030969861987713049, -0.0020745169792349108, 
-0.096081455166099589, -0.031391441080801483, 0.011434622575950874, 
-0.0044779709348851645, -0.0051737202247886206, -0.0028814137952107247, 
-0.037221562376214594, -0.036143880355640215, -0.0057835981098857125, 
-0.0099825110209378239, -0.0086446026479868581, 0.01252301076910238, 
-0.013122648079032637, -0.014300468844486099, -0.0075011286937005433, 
0.0047766732029380452, 0.046176136557207433, -0.0083326428224883928, 
-0.00025029497830349163, -0.0040489756041732451, 0.012095317512241664, 
-0.0025412818956036293, 0.00038017029046931477, 0.0063701023910066297, 
-0.092904666928674842, -0.022121833139133594, -0.0012691945646491169, 
-0.0040526826372587433, -0.0056849861851236486, -0.0015515333824271339, 
0.01266428060035453, -0.0041034852781204655, 0.0088032565182797045, 
0.0094456883770077937, 0.011837917043698342, -0.013122648079032635, 
-0.014215613070974707, -0.0077631169049950967, -0.015310954258235554, 
0.0071565859273471383, -0.0076766138332304184, 0.0039209959378846138, 
-0.0068217631145745467, -0.0074310731985291487, 0.0040082517528984736, 
0.00081404269361702608, 0.0033466852466356987, 0.0018514863612674687, 
0.07469266709149755, -0.024840869582203707, 0.010037132886704518, 
0.003179807420313146, 0.00060239745090136969, -0.0019699034125109974, 
0.035172112137160649, -0.024769130374642564, 0.0070382197977823429, 
-0.0075478912814480664, -0.0055899817535297264, -0.014300468844486101, 
-0.0077631169049950976, 0.022721100807960342, -0.014704775376824058, 
0.022485378817460676, -0.0060203409491503867, -0.0068917856897206028, 
0.0031385222230054998, 0.0062766014946932479, 0.0037811782035932226, 
0.00053740905979620117, 0.0028712473084821668, -0.0094173131639659867, 
0.010046563091736059, 0.022113521218104573, 0.0065927654401051012, 
0.0039302412047016429, -0.0018128561437935173, -0.014187064285534646, 
-0.0084610684351414944, -0.081368786307419158, 0.0055335772074512823, 
-0.025333095182868085, -0.014432829265779183, -0.0075011286937005433, 
-0.015310954258235556, -0.014704775376824058, 0.038098955469534054, 
-0.028913689660658815, -0.0076803211525753069, -0.0071349062539741003, 
-0.0043826478888479041, 0.015281045051978364, 0.023894170752173541, 
-0.0086301187965968501, -0.017444562427366965, -0.027641047014364008, 
-0.25300874805572554, -0.28461775585114552, -0.0099053083465826391, 
0.0075900019784944772, -0.024536239390905719, 0.015044654772670602, 
0.073621985032231801, -0.027317515787223128, -0.011733940401910274, 
0.029040197891481889, -0.036974455109051833, 0.0047766732029380452, 
0.0071565859273471383, 0.022485378817460676, -0.028913689660658819, 
-0.028695785852985618, -0.017651512842008745, -0.0097168464013938777, 
-0.015292388273513225, -0.0041603091035950814, 0.015439984020407804, 
-0.0069411863181796079, -0.013495263014435214, 0.0078199820959819304, 
-0.020090393658618175, 0.023480203379034132, -0.018308534417944101, 
0.0072043191194326346, 0.0054355223370992183, 0.0039438156667114836, 
0.01048165377119566, -0.005463201697375279, -0.0064299754110087636, 
0.006558455378308542, -0.049707714795754802, 0.046176136557207433, 
-0.0076766138332304192, -0.0060203409491503867, -0.0076803211525753069, 
-0.017651512842008742, 0.052719075569430694, -0.060737557634579477, 
-0.012059021370752205, -0.0032240493532486019, 0.0049726039421023093, 
-0.027236971186440591, 0.0081255370115086052, -0.015884294116785481, 
-0.082726880961997415, -0.12161493171213203, -0.0017890381860617779, 
-0.009089059641862015, -0.010130309399650128, 0.0081353106289227019, 
0.0039038799455825331, -0.0028015163408365538, 0.02488098337847814, 
-0.0099601176148473025, -0.0027460967497429157, -0.0083326428224883911, 
0.0039209959378846146, -0.0068917856897206028, -0.0071349062539741003, 
-0.0097168464013938777, -0.060737557634579477, 0.036515182152254348, 
-0.012839523286755559, -0.0079594635241049677, -0.00098814803282898031, 
-6.2146733141286569e-05, -0.012409097871295878, -0.0087398978682413624, 
-0.0067596959565045895, 0.052237930885172042, -0.0031473776104912958, 
-0.0057449076163722194, -0.0092174983716482323, -0.0085187950243243628, 
0.015374717785996712, 0.014431991142988185, -0.0017542638026464474, 
-0.0020552312268169739, 0.0022451525108694616, -0.00025029497830349163, 
-0.0068217631145745467, 0.0031385222230054994, -0.0043826478888479041, 
-0.015292388273513225, -0.012059021370752205, -0.012839523286755559, 
-0.0057808472737272461, -0.0070116799547554559, 0.0048211635538437788, 
-0.0024757528487436673, 0.00094822961002923164, -0.0040706221710652612, 
0.016796146951919947, 0.032709863842428327, 0.012266259585039394, 
0.0063763301131987754, 0.0048918650018829057, 0.0062479818278259915, 
0.017822746359654494, 0.0074291933414989313, -0.0084367508471619324, 
-0.0073436420772249981, -0.0030900112580440221, -0.0040489756041732442, 
-0.0074310731985291487, 0.0062766014946932479, 0.015281045051978366, 
-0.0041603091035950814, -0.0032240493532486019, -0.0079594635241049677, 
-0.0070116799547554559, -0.0087245271553348189, 0.0016496814116925566, 
-0.0082620906245677219, -0.00077744181448383424, -0.0043873501936808708, 
-0.0070001777164007814, 0.031252436847094736, 0.0093258647883236335, 
0.0024221662672089042, 0.0026710782551325691, 0.0059023795220113527, 
-0.022546941578226631, 0.00112055244913361, -0.017071978607378007, 
