structure(c(-0.18207857071255396, -0.075304933407022975, 0.026323449252676948, 
0.010074891499503705, -0.013158660775829957, 0.016003739816942145, 
-0.017762740615919589, -0.020656362041893511, -0.02616294836244186, 
-0.077492010364356989, 0.050279990057332233, -0.02527879737291432, 
-0.013059818884657043, -0.016110103811815532, -0.0024764609918258829, 
0.003544237652808706, -0.038601866239757407, -0.021177122562966978, 
0.057240586361632588, -0.15165280165701669, -0.017258348247280883, 
-0.0013641721308053861, 0.016731959111087841, -0.0084295359452622957, 
-0.075304933407022975, -0.071709971750596804, -0.012228425546354265, 
0.01367598789607646, -0.0033768052187738927, 0.015953068613849812, 
-0.035355294039447246, 0.030555788708104759, 0.0010115354897365389, 
-0.0061971665093956312, 0.018757009514393755, -0.01148152554685925, 
0.00055360081274282975, 0.0035968274805911055, -0.014358741992891116, 
0.018336827260265195, -0.0021674336330297292, -0.014300182332217557, 
0.074747873318854213, -0.020069655027360786, 0.017150421393941056, 
-0.0083523104483432496, 0.0048818568482931262, 0.0060680529721611103, 
0.026323449252676951, -0.012228425546354265, -0.0026903307133218893, 
0.011044034066916722, 0.017499356531388861, 0.0034459917708279759, 
-0.0053426222184587077, -0.014246961679822054, 0.012649331920090132, 
0.022524370676613743, 0.028913050104198194, 0.00079764174309848246, 
0.0062750989694868023, -0.0031045074052261736, 0.014540853686495169, 
-0.012916383721275872, -0.00093679975775254906, 0.00041563036244255579, 
-0.0018197606070416499, -0.055968066376660026, -0.0027886460844573006, 
9.6005450563507087e-06, -0.022118160066051121, -0.00085351679975936205, 
0.010074891499503705, 0.013675987896076462, 0.011044034066916723, 
-0.021997031355833925, -0.013807500494410735, -0.0080290311613844707, 
-0.017579370754535237, -0.005123289559493498, 0.01161387072683401, 
0.007666321369883545, -0.011804488824555729, 0.0022545287031509069, 
-0.0078857520572495256, 0.0044508407242129407, -0.0015526134130683848, 
0.0098677946259688037, -0.0038058066201994431, 0.0089245758154447991, 
-0.028660118266139942, 0.061383392513751148, 0.015225443791619849, 
0.00035715104572029403, 0.021000050695464539, 0.0091202906153294173, 
-0.013158660775829957, -0.0033768052187738927, 0.017499356531388861, 
-0.013807500494410735, -0.033667004288316003, 0.0045780959073687963, 
-0.014328625475125603, 8.0127150173249061e-07, -0.028543348252475807, 
0.005049444310256293, 0.018561111197720227, -0.0064083146303418005, 
-0.0044066116432581433, 0.0019823718437196498, -0.0013644646372461904, 
0.035111274732815181, -0.012651513860582032, 0.010684650206011772, 
0.0019700507261099557, -0.026330732927352302, 0.0013698032271346207, 
0.0019296263186046377, 0.01077053415324712, 0.011356247182263489, 
0.016003739816942145, 0.015953068613849816, 0.0034459917708279763, 
-0.0080290311613844707, 0.0045780959073687963, -0.0089611669214878821, 
0.0043411049135795689, 0.0060468734913171288, 0.029185338098900206, 
0.00011098865159782209, -0.011697559058797552, 0.003449703019610415, 
-0.0010216347657950012, -0.0016574989996416436, -0.0033260461820047845, 
-0.0064732221425078031, 0.0037137486266234643, -0.009650899018274461, 
0.13460644709335315, -0.0048076789440141786, -0.0060985543578759502, 
0.0038092182047272916, 0.01009690321034017, -0.011902858526774506, 
-0.017762740615919589, -0.035355294039447253, -0.0053426222184587077, 
-0.017579370754535237, -0.014328625475125603, 0.004341104913579568, 
-0.0024841763787124336, 0.0026290572585425816, 0.0026933611474011885, 
0.0030508432041162887, -0.0068110597410080192, -0.0072483543643981595, 
-0.0020364668627275008, -0.0029150894272982832, -8.127709579573601e-05, 
-0.010165251394796609, 0.0042712651057470368, -0.0047181227336148546, 
-0.021443881287962603, 0.027683835778344837, 0.0045005839365035456, 
-0.0023008075840242029, 0.0090808980444293495, 0.0094157757697596028, 
-0.020656362041893511, 0.030555788708104759, -0.014246961679822052, 
-0.005123289559493498, 8.0127150173249061e-07, 0.0060468734913171288, 
0.0026290572585425816, -0.016977327352467795, -0.0053779252761148024, 
0.00027730443313738807, 0.013000399390835958, 0.00093120767219763651, 
-0.0067565333292623026, -0.005712438975123673, -0.0027690919973087269, 
-0.0011590659418906162, -0.0028839121811931614, 0.0012588524327860836, 
0.055932504468281997, -0.0013834590227905842, -0.0074060260729711712, 
-0.0080807968950584279, 0.0018454409966274399, 0.0013431726626211237, 
-0.026162948362441856, 0.0010115354897365389, 0.012649331920090132, 
0.01161387072683401, -0.028543348252475807, 0.029185338098900202, 
0.0026933611474011885, -0.0053779252761148016, -0.062000316912179783, 
0.014006141226414458, -0.014935404886743098, 0.009378680931272837, 
-0.010658553989245662, -0.010742135248863079, -0.0044109257272445974, 
0.022122449869352599, 0.0024394553543183321, -0.017717893233857442, 
0.16066437238941805, -0.0014578118561462102, -0.00038537787991446524, 
-0.019455325078200626, 0.021692101054909527, 0.010355935449318752, 
-0.077492010364356989, -0.0061971665093956303, 0.022524370676613739, 
0.0076663213698835459, 0.005049444310256293, 0.00011098865159782209, 
0.0030508432041162887, 0.00027730443313738802, 0.014006141226414458, 
0.069583228626631313, -0.0033536387620948919, 0.00827606092593949, 
-0.0013546425518345634, -0.0052052142881064099, -0.010266292514289546, 
-0.0082095309668262732, 0.0058321742906660076, -0.011137728982934445, 
-0.077386963101562331, -0.12892974011729838, 0.017003268902802633, 
-0.014063648714693072, -0.0050061823582651611, -0.0011875045031068811, 
0.050279990057332233, 0.018757009514393755, 0.028913050104198194, 
-0.011804488824555728, 0.018561111197720227, -0.011697559058797552, 
-0.0068110597410080192, 0.013000399390835958, -0.014935404886743098, 
-0.0033536387620948923, -0.065456280317764126, 0.039366286413989385, 
0.016760234054679128, 0.016571165697680218, 0.0011900542903637047, 
0.025275495314742876, 0.017847340949685805, -0.0063187877728457399, 
0.017070618483190834, 0.085944942381461997, 0.025076221097250828, 
0.0077800406435425329, 0.014958304457505059, -0.0039465584275312372, 
-0.02527879737291432, -0.011481525546859248, 0.00079764174309848235, 
0.0022545287031509069, -0.0064083146303418005, 0.0034497030196104154, 
-0.0072483543643981603, 0.0009312076721976364, 0.0093786809312728352, 
0.00827606092593949, 0.039366286413989385, -0.03021023479213971, 
0.013470518979150053, 0.010095864795812731, -0.0018706357039070852, 
-0.003271976033622827, 0.015258204056148392, 0.0028750217111120613, 
0.017881664386415148, -0.065883185518658627, 0.0057185043522542771, 
-0.0036339952329483799, 0.0015454154603563267, 0.012364624666669884, 
-0.013059818884657043, 0.00055360081274282975, 0.0062750989694868023, 
-0.0078857520572495256, -0.0044066116432581433, -0.0010216347657950012, 
-0.0020364668627275008, -0.0067565333292623026, -0.010658553989245664, 
-0.0013546425518345634, 0.016760234054679128, 0.013470518979150055, 
0.010035020536976089, 0.0097071609790677481, -0.0065518354442777038, 
0.0014240418580793888, -0.00021914962461460074, 0.0056845251630715868, 
-0.043668830736302816, -0.019349151029462417, -0.0063677378925042173, 
-0.0023752482098037646, -0.00054522220268865952, -0.0030898319396956524, 
-0.016110103811815532, 0.003596827480591105, -0.0031045074052261736, 
0.0044508407242129407, 0.0019823718437196498, -0.0016574989996416436, 
-0.0029150894272982836, -0.0057124389751236722, -0.010742135248863078, 
-0.0052052142881064108, 0.016571165697680218, 0.010095864795812731, 
0.0097071609790677481, 0.010981191188436981, -0.002142170779409158, 
0.004258963066820505, -0.00079237301614809271, 0.0015841484427328296, 
-0.034675678068396359, -0.0039996748552205315, -0.003545546691935166, 
0.0022484715671168849, 0.003573029717386583, -0.0022995350706632731, 
-0.0024764609918258825, -0.014358741992891116, 0.014540853686495171, 
-0.0015526134130683848, -0.0013644646372461902, -0.0033260461820047845, 
