structure(c(-0.076447979161083063, -0.044742536707940275, -0.013605379389135135, 
0.030189831959416387, -0.038399952426836421, 0.013318576595442057, 
0.016990226296175769, 0.00023532482300764611, -0.090905400639521114, 
-0.061806264561588609, -0.10889609572391397, -0.01297515265059062, 
-0.0018677163656394484, 0.0076227991137375068, -0.00801165490861417, 
-0.010069760141342461, -0.0050248669747023694, 0.0096583637178831276, 
-0.0019743975897827093, 0.057811768733957034, -0.0072243766991546285, 
0.0085526122397677033, 0.010527633867585644, 0.008238296011971331, 
-0.044742536707940282, -0.051679140817021421, -0.0055981579522916027, 
0.018380579349078975, -0.020326967770102716, 0.013741716694544442, 
-0.0086937401037685061, -0.0051794432940126048, -0.057265079910925221, 
-0.02871561887085481, -0.065922792929208884, -0.010019246026291879, 
-0.0039027796080300342, -0.0010774705483248504, -0.0048017216809992172, 
-0.0067908778552544825, -0.0022241789698670507, 0.0040901304050701606, 
-0.040164992963662903, -0.092036698151148746, -0.014160245389080534, 
-0.006388875839668828, -0.013178567150758221, -0.0040438632214916522, 
-0.013605379389135136, -0.0055981579522916027, -0.0017151524112650935, 
0.0030551531246483586, 0.0087105364669108482, -0.00081605612540649618, 
0.0016143143178602921, 0.0011698090988591268, 0.006310650301169265, 
0.0013705277859651791, -0.0094151961611260368, -0.001313992058569803, 
0.0057380443731648786, 0.0044251115001862117, -0.00045778083053287199, 
0.00020889189098103055, 0.0076200284341985582, 0.012037501868915571, 
-0.040953539702009684, 0.038425566547378227, 0.0077655957738814096, 
0.00023305825490303229, 0.004777333142134685, 0.00524696660897905, 
0.030189831959416387, 0.018380579349078975, 0.003055153124648359, 
-0.0033861762722535997, -0.0051317654804354127, -0.0049143536219263028, 
0.0024057848297839466, -0.0032404170181916576, 0.0033583558659324554, 
0.0011278341209366445, 0.01655080247180199, 0.0061902148421626229, 
-0.0060252937137362439, -0.0059449259727106067, -0.004770689467277411, 
-0.0033114589002875916, -0.0047194130009873617, -0.0080659823016849385, 
-0.022808318760940825, -0.048679043118091347, -0.010695498340347937, 
0.0004668829625798251, -0.0027990446954514253, -0.0027922209125996892, 
-0.038399952426836415, -0.020326967770102712, 0.0087105364669108482, 
-0.0051317654804354136, -0.0086069730839213685, -0.0020434928662877963, 
-0.0099994146047757953, -0.0090333791212873094, -0.055292989229887964, 
-0.019388937257603531, -0.034581440898607284, -0.0020812360490514588, 
0.0038437116258252264, 0.0030949291834880296, 0.0022730380986069228, 
-0.0037142722342898859, -0.00062376722286110403, -0.0053895874567427412, 
-0.03455772097865184, 0.026114480409414373, 0.0017787597717463977, 
-0.0019580425821653516, -0.010006143033101203, -0.0025635045289752897, 
0.013318576595442057, 0.01374171669454444, -0.00081605612540649618, 
-0.0049143536219263028, -0.0020434928662877963, 0.00084589508086533639, 
0.0017867432016239666, -0.0098926385219320449, 0.020655665480280472, 
-0.0060683715627553765, 0.011668752362112841, 0.0031152581363824562, 
0.0013505210522037718, 0.00092661430180209989, -0.0041884110950943035, 
0.0049546831470444613, 0.0020935333918698936, -0.00063371376556080382, 
-0.0027647914318313367, -0.017517624027965133, 0.0010763254096782732, 
-0.00058192658904689543, 0.0035199986433563923, -3.6865742473572824e-05, 
0.016990226296175769, -0.0086937401037685061, 0.0016143143178602921, 
0.0024057848297839466, -0.0099994146047757953, 0.0017867432016239664, 
-0.0031024611299796624, -0.0043152366322181659, -0.0052509791262611745, 
-0.0038497192166988886, 0.00051262036783317677, -0.002577438456150057, 
0.0025443396707981888, 0.0034010866771974377, -0.0038290898072999907, 
0.0027158247229736453, 0.0034500948332473599, 0.0020810510984927682, 
-0.0086137727790865509, -0.0058220171547252158, 0.0027079839980613759, 
0.00025447176821851434, 0.0027887662951289658, 0.006022105791963283, 
0.00023532482300764614, -0.0051794432940126056, 0.0011698090988591266, 
-0.0032404170181916576, -0.0090333791212873077, -0.0098926385219320449, 
-0.004315236632218165, 0.0012185472607117009, 0.0061443516377854591, 
-0.010880147624414239, -0.011208017417748432, -0.0098077614087449423, 
0.0055543818115762721, 0.0069335538393243343, 0.0040947174029109228, 
-0.0080627062710889822, 0.0023331737155832663, 0.006274697190839622, 
-0.035537190193848801, -0.027665890853759798, 0.0061023126947129611, 
0.0015588815491755757, 0.00041904824617811841, 0.0010992695920904998, 
-0.090905400639521114, -0.057265079910925228, 0.006310650301169265, 
0.0033583558659324554, -0.055292989229887964, 0.020655665480280475, 
-0.0052509791262611754, 0.0061443516377854591, -0.060211611015827352, 
-0.042140569689995612, -0.088613956540669322, 0.0014728410402404522, 
0.0038882010828874725, 0.0032803985475881744, -0.0046826295213348839, 
-0.0058058232887175532, -0.0016665795113308239, -9.9274061919048798e-05, 
0.084828240650657832, -0.055365425485679423, -0.0053621185540623974, 
0.0023924827985969074, -0.011746865038035549, -0.0018360298760713438, 
-0.061806264561588609, -0.028715618870854807, 0.0013705277859651791, 
0.0011278341209366445, -0.019388937257603531, -0.0060683715627553756, 
-0.0038497192166988881, -0.010880147624414239, -0.042140569689995612, 
-0.012308236761445109, -0.058331109325320617, -0.0016801058726469186, 
0.0046378444468168105, 0.0067349480623276649, -0.0041837901141599295, 
-0.0024661573368084016, 0.0022997698017639895, -0.0070557656559939331, 
-0.016734679298507311, -0.0059997413027172699, 0.0026412290860463082, 
0.0029665685730780925, 0.00043281800921472996, 0.00019804185812035189, 
-0.10889609572391398, -0.065922792929208898, -0.0094151961611260368, 
0.01655080247180199, -0.034581440898607284, 0.011668752362112842, 
0.00051262036783317688, -0.01120801741774843, -0.088613956540669322, 
-0.058331109325320617, -0.092117130562848037, -0.035098249477433195, 
-0.0019753773942182591, -0.0047658750439874553, -0.00092732737085951446, 
-0.0096812841660969869, 0.0094898340289736784, 0.00063495397923470196, 
0.032661392975237541, 0.042097477132408037, -0.011082201539326661, 
-0.0027324037650161793, 0.00089693922515903543, 0.0006582062497577936, 
-0.01297515265059062, -0.010019246026291879, -0.001313992058569803, 
0.0061902148421626238, -0.0020812360490514588, 0.0031152581363824558, 
-0.002577438456150057, -0.0098077614087449423, 0.0014728410402404522, 
-0.0016801058726469186, -0.035098249477433195, 0.0013257518309426417, 
0.00042135689943247404, 0.0044528120625267932, 0.0027038218661871978, 
-0.0011724628767523127, 0.001002970236189789, 0.010211956408654481, 
-0.035289065763355491, -0.013577846237233128, -0.0055686220693077033, 
0.0030828589457055798, -0.0045038228661055816, 0.0039831677045326034, 
-0.0018677163656394484, -0.0039027796080300342, 0.0057380443731648786, 
-0.006025293713736243, 0.0038437116258252268, 0.001350521052203772, 
0.0025443396707981892, 0.0055543818115762721, 0.0038882010828874729, 
0.0046378444468168113, -0.0019753773942182591, 0.00042135689943247404, 
0.00058577077471739939, 0.0020065591338523144, -0.00018246264445443623, 
-0.00019474298195841007, -0.0011328882900475856, 0.0027768329116492833, 
0.013605154686840516, -0.019178846387816487, 0.0015581265203193165, 
-0.0013116964760795282, -0.00049681956506260263, 0.00064543564726664727, 
0.0076227991137375077, -0.0010774705483248504, 0.0044251115001862117, 
-0.0059449259727106067, 0.0030949291834880292, 0.00092661430180209989, 
0.0034010866771974372, 0.0069335538393243343, 0.0032803985475881744, 
0.0067349480623276649, -0.0047658750439874553, 0.0044528120625267923, 
0.0020065591338523144, 0.0032366470183447771, -0.00051828767608186875, 
0.0016714287364618526, -0.00070151383526940384, 0.0038027114442057918, 
-0.0037026810389172286, -0.015010304291031907, 0.0016438664739708967, 
0.0007828972080108341, 0.0033311730675103994, -0.0018686540026739769, 
