structure(c(-0.14850687718904446, -0.049514501938758559, -0.004176804205254547, 
0.01526173389839651, -0.0330129626720711, 0.010908697812807643, 
0.0051054971430101077, 0.0077254176025073644, -0.088294164593328908, 
-0.030262716597992831, -0.15546619629639474, 0.0045592054493558921, 
-0.0070770046666487315, -0.011207050050855457, 0.014765983784938659, 
0.0089380975414536778, 0.0092206802927367378, 0.01289335371290018, 
0.031242473757005725, -0.0055608034140175984, -0.0025416047812008369, 
-0.0022575001299517763, -0.0011430257154419255, 0.0083589404265597151, 
-0.049514501938758552, -0.027093207756048409, 0.01139376228864809, 
-0.001593249331590438, -0.039938021011503462, 0.022305413020772127, 
-0.00089912882584437511, 0.0035814521154208605, -0.0832731858854657, 
-0.031895888422165911, -0.10502401227797746, -0.0020976782236962906, 
-0.00079731286574780949, -0.0050556904337341283, -0.0080389225125739993, 
0.010632473587978348, -0.011428206545989708, 0.008413368322985738, 
-0.071422687352842823, 0.066473307666060896, 0.0089795888788509349, 
0.010003835240051507, 0.0095862498236220835, 0.007041061089274111, 
-0.004176804205254547, 0.01139376228864809, 0.017931847242318649, 
-0.0078698725588575522, 0.0027932381100001687, 0.0024884486633440059, 
0.0017584966811858679, -0.0054388364528446063, 0.015068162185688596, 
-0.012122499593629939, -0.009459162528933876, 0.011216312603677132, 
0.0011110916527078902, 0.00097692739907047268, -0.0029224503459634272, 
0.0034606807946813709, -0.00075880539491238739, -0.0018618856204431124, 
0.0028222036344785458, 0.0137603239726386, 0.0071058741624487531, 
0.0049469273037348362, 0.0016700299070979653, -0.0072271581438828657, 
0.01526173389839651, -0.001593249331590438, -0.0078698725588575522, 
-0.0026741071234730658, 0.018682547456824655, -0.020994813937334073, 
-0.003784623780957484, 0.0041939100006940658, 0.01481799491223375, 
0.010718370491201211, 0.0054401316478171775, -0.011642025755442506, 
-0.0018714549692717983, -0.00080152621481519243, -0.0018289918051907831, 
0.00067409485983119135, -0.0039315191570806988, 0.005811809983940334, 
0.062137378695278453, -0.047015292202492821, 0.002100685045973774, 
-0.0043666746449741696, 0.0092643699819595794, 0.0048040143636917648, 
-0.033012962672071093, -0.039938021011503469, 0.0027932381100001682, 
0.018682547456824655, -0.019350110103008102, 0.0075704737064161325, 
0.0043593421469121495, -0.00096836311567418364, -0.053310039052895539, 
-0.038093462381417281, -0.049833676218881559, -0.0057841086595730616, 
-0.0025208876064448859, 0.00010159890954592756, 0.0051664905020266279, 
0.0054238871333256149, -0.0034610723995223721, 0.013371069207600504, 
-0.0010740733208115213, -0.01651522030156893, 0.013742614272199728, 
0.010426516351862916, 0.02421469604224926, -0.0028614945096110873, 
0.010908697812807643, 0.02230541302077213, 0.0024884486633440059, 
-0.020994813937334069, 0.0075704737064161325, -0.014216502136563962, 
-0.0034467979735189449, -0.0024220351054087133, 0.0049294645688995721, 
0.021194541581691186, 0.023882888856895265, -0.01327441288953613, 
0.0047552486688712987, 0.0020722891802870832, 0.001594101252787196, 
0.0019430733322119693, 0.0026258072943231947, -0.0025572865183127744, 
0.033631176700591903, 0.020816888962505976, 0.0031157468113830735, 
0.0098949915729706055, -0.0039733267599696039, 0.0059642937904865571, 
0.0051054971430101077, -0.00089912882584437511, 0.0017584966811858677, 
-0.003784623780957484, 0.0043593421469121487, -0.0034467979735189453, 
0.0099564986608570646, -0.0013909611886568679, 0.016378410376955563, 
0.0018654082498269072, -0.0080774324863134902, 0.0073456936712971788, 
-0.0016761574112861787, -0.0013064042756336365, 0.001045877493317852, 
-0.0045993560253642461, 0.00038328126488020226, 0.0059560436289546074, 
-0.0083081247681875466, -0.021426188098101095, -0.0079852666142268512, 
-0.0033192541163095048, 0.0063534011209704705, 0.002458619166276807, 
0.0077254176025073635, 0.0035814521154208605, -0.0054388364528446054, 
0.0041939100006940658, -0.00096836311567418364, -0.0024220351054087138, 
-0.0013909611886568679, -0.0013162823500701211, -0.0035962002077450754, 
-0.0036630377603567984, -0.010563445585030643, -0.0032450674078365977, 
0.0061549122343282957, 0.0032975856223604336, 0.0011091628890092034, 
-0.0041582079782027286, -0.0010986269275522237, 0.0020850641474028783, 
0.056146859634188875, 0.043337104551676241, 0.0094186314591545202, 
0.0021758857650638259, 0.0017142746453937842, 0.0039765421849204596, 
-0.088294164593328908, -0.083273185885465714, 0.015068162185688596, 
0.01481799491223375, -0.053310039052895539, 0.0049294645688995721, 
0.016378410376955567, -0.0035962002077450758, -0.053146018683079568, 
-0.056391632744249354, -0.091248235945836698, -0.027751433634709756, 
-0.013333476356546333, -0.010797740106551426, -0.015225848430470534, 
0.02301241134014095, -0.018274704282993104, 0.010850309372609366, 
-0.011719636330786546, -0.026447798165673563, -0.011430124358455356, 
0.0040818691502868994, 0.00818190484674515, -0.002646531586572179, 
-0.030262716597992827, -0.031895888422165911, -0.012122499593629937, 
0.010718370491201211, -0.038093462381417274, 0.021194541581691186, 
0.001865408249826907, -0.0036630377603567989, -0.056391632744249347, 
-0.0081657019832056064, -0.04584408646283538, 0.010914541184478623, 
0.0062165850756573148, 0.006938035743811374, -0.0020930050854737255, 
-0.001150442389967609, 0.009791139508754397, 0.0054344299825416159, 
0.027435259684309141, -0.014236822921694599, 0.018175204289655824, 
0.0032233787909453507, 0.011272411097690147, 0.0071310698111271883, 
-0.15546619629639474, -0.10502401227797745, -0.009459162528933876, 
0.0054401316478171775, -0.049833676218881559, 0.023882888856895265, 
-0.0080774324863134885, -0.010563445585030643, -0.091248235945836698, 
-0.04584408646283538, -0.192147822120943, -0.019881134773460828, 
0.0013877207959461383, 0.0067695089585471319, 0.0027165698261439096, 
0.0065178039216058654, -0.0028604800732424797, 0.0057215150389529779, 
-0.11553206013056244, 0.012593595199725822, 0.018716997216793242, 
0.010290306138016379, 0.024120783219586623, 0.022599116537005175, 
0.0045592054493558921, -0.0020976782236962906, 0.011216312603677132, 
-0.011642025755442506, -0.0057841086595730624, -0.013274412889536132, 
0.0073456936712971797, -0.0032450674078365977, -0.027751433634709756, 
0.010914541184478623, -0.019881134773460828, 0.0029986859077741506, 
-0.013238088024168834, -0.0047424869508034999, 0.0013307640573878006, 
0.010738884215807019, 0.0036914425855939952, 0.0048949340916905788, 
0.099680311508829694, -0.019163198035959009, 0.0049854632573477289, 
0.0040004519681346336, 0.0074916754215945359, -0.0059915982952741462, 
-0.0070770046666487323, -0.00079731286574780949, 0.0011110916527078904, 
-0.0018714549692717983, -0.0025208876064448855, 0.0047552486688712979, 
-0.0016761574112861787, 0.0061549122343282948, -0.013333476356546331, 
0.0062165850756573148, 0.0013877207959461383, -0.013238088024168834, 
0.00069083043773534474, 0.0020551188516065126, 0.002475452473321307, 
0.0051190611065681652, 0.0072509267172526448, 0.00058693120380171071, 
0.01448360409360502, 0.01005364933085213, 0.0026345659966175031, 
0.0020212895692711202, 0.0035107909770375214, 0.0019199345394557822, 
-0.011207050050855455, -0.0050556904337341283, 0.00097692739907047268, 
-0.00080152621481519243, 0.00010159890954592756, 0.0020722891802870832, 
-0.0013064042756336363, 0.0032975856223604336, -0.010797740106551424, 
0.0069380357438113749, 0.0067695089585471319, -0.0047424869508035008, 
0.0020551188516065126, 0.0035390395617211834, 0.0016871571660649386, 
0.003059864428527263, 0.0029748433721151005, 0.0017654902997916106, 
0.019006904731215815, 0.0034487520769721893, 0.0040796832509639351, 
0.00034545373548870956, 0.0022123478362236076, -0.0010161919086449302, 
0.014765983784938659, -0.0080389225125739993, -0.0029224503459634272, 
-0.0018289918051907831, 0.0051664905020266287, 0.001594101252787196, 
