structure(c(-0.23020565577076119, -0.13588797859938395, -0.01339454098047688, 
0.091952137236445547, -0.013048539708624362, 0.057061026427633353, 
0.01298959586658929, 0.0018732607050836456, -0.16141491583503315, 
-0.042754621658275281, -0.16383137109078405, -0.012301596089129835, 
0.00083916660748644019, 0.010699146488715408, -0.0024872191034768184, 
0.025027219934401358, -0.0034661514661251248, 0.0083142456434443651, 
-0.10682099373187542, 0.023786291168541078, 0.012899889136771162, 
0.02594621847933189, 0.014399764540732579, 0.013537336732714508, 
-0.13588797859938395, -0.026327602910186779, -0.026198305049099879, 
0.03306799393668973, -0.040040330137703459, 0.029009766912835945, 
-0.017194815204585268, -0.016934936758185186, -0.11896700112831766, 
-0.067752972792798349, -0.14929869224281142, -0.013591841004629193, 
0.015305526857590934, 0.011047443632383545, -0.011282253302754437, 
-0.0047867340989213407, -0.0020041133063097433, 0.0005299984605542891, 
-0.24815793230429437, 0.099426791157936817, -0.0015737279750632459, 
-0.0066663463658040807, -0.0062512659051329458, 0.0081885840358602718, 
-0.01339454098047688, -0.026198305049099882, 0.0053444176487758227, 
-0.0076678987568216742, 0.0019598188415660411, 0.004205417270971199, 
-0.0026452760657801411, 0.00064124079833970159, 0.001340626337603121, 
0.0030251165512876167, -0.0028205792103906608, 0.0099418986630334747, 
-0.0038190912151463544, -0.004948752729839175, -0.0047600424372838098, 
-0.0043025192140905156, 0.0019461740070607322, -0.0080053245644814437, 
0.024067252761678509, -0.02602040661271713, -0.016249851613122229, 
0.00039868636883424145, -0.0039602220508172708, -0.00059942973253239462, 
0.091952137236445561, 0.03306799393668973, -0.0076678987568216742, 
-0.0200376079499744, 0.0030855239604730298, -0.012073052759366138, 
-0.010194647429605611, -0.005247638410802411, 0.029146928346664217, 
0.028382357343129751, 0.034635558169247252, -0.015132966117739455, 
0.0021815093365556092, 0.0024483470077629019, 0.0087553382851684458, 
0.0034660448021502986, 0.0073709667868867533, 0.0076160754556046798, 
0.018394324615956407, 0.013792608405416799, 0.0034552622504128447, 
0.0041934515591678838, 0.0099720565636307323, 0.0048911903028925228, 
-0.013048539708624362, -0.040040330137703459, 0.0019598188415660411, 
0.0030855239604730298, 0.013424943069827817, 0.01113054402599222, 
0.00087782398068771529, 0.0047185314470089626, -0.070311584669754165, 
-0.015005229693409054, -0.047499126438475356, -0.011669242435202818, 
0.0039821501727053668, -0.00031968780919407826, -0.0024931730708089247, 
-0.011780830692496004, -0.0057527656513673116, 0.0017485333692041339, 
0.0097331721538564502, -0.0060175869861060485, -0.010211545919272435, 
-0.0034096743181953799, 0.016181504029633781, -0.0016768645720612709, 
0.057061026427633353, 0.029009766912835942, 0.004205417270971199, 
-0.012073052759366138, 0.01113054402599222, 0.00011600330809847117, 
0.0026078948463566262, -0.0086883697487518154, 0.014321197717295765, 
0.00087037158879102656, 0.042321614336716315, 0.010849102587643102, 
0.00051145252506076843, -0.0011015165056415582, -0.0061505665692006472, 
0.00072529074203155606, -0.0069795376881330966, -0.0051131839305911808, 
-0.02117433799736293, -0.0092762408154614361, 0.0088432679250357894, 
0.010096014065602097, 0.0014308769895132049, -0.0010571593258092286, 
0.01298959586658929, -0.017194815204585268, -0.0026452760657801407, 
-0.010194647429605611, 0.00087782398068771529, 0.0026078948463566258, 
-0.0019929129710661055, -0.0025414817155730994, -0.021795738568138517, 
0.0036898717871363968, -0.025624986357576134, -0.0048563086004506295, 
0.0019888458765348724, 0.00053430466212622666, -0.0021115050345008753, 
-0.0049616600189588385, -0.0051294039622304449, 0.0067230179182152993, 
-0.004214611768284195, 0.0032235981751817609, -0.0032313496401227839, 
-0.0014567103794311601, 0.00042561526964346295, -0.0071199440231665733, 
0.0018732607050836452, -0.016934936758185182, 0.00064124079833970159, 
-0.005247638410802411, 0.0047185314470089626, -0.0086883697487518154, 
-0.002541481715573099, -0.011986762105067765, -0.0063005519767550975, 
-0.0061880438461344367, -0.022832597744410689, 0.0018878373259150511, 
0.0011313341437172632, 0.0040418934147218805, -0.00056279991571335627, 
-0.0013970362774645782, -0.0068966823395098685, 0.0027444112935626885, 
0.055922025438880946, 0.01300015874483987, 0.0025435360857718795, 
0.0085260351610875491, -0.0036710484908799171, 0.0034079132308932458, 
-0.16141491583503312, -0.11896700112831766, 0.001340626337603121, 
0.029146928346664217, -0.070311584669754165, 0.014321197717295765, 
-0.021795738568138521, -0.0063005519767550984, -0.19011074406781181, 
-0.09999013925757666, -0.24537196408787712, 0.034955652886448599, 
0.0027569413937984602, 0.012868449871489286, -0.0095930870444061317, 
0.017220627173442197, -0.013454065207825057, 0.028116538782649376, 
-0.062110123589580943, 0.069083766205046984, 0.035361202264708631, 
0.023982985789987466, 0.02064276412311656, 0.025803818408163755, 
-0.042754621658275274, -0.067752972792798349, 0.0030251165512876167, 
0.028382357343129751, -0.015005229693409053, 0.00087037158879102656, 
0.0036898717871363968, -0.0061880438461344367, -0.09999013925757666, 
0.02108871595687992, -0.11470395057686679, 0.018635341284511563, 
-0.0052032229455771534, -0.0045729616158474784, -0.0010197447043095022, 
0.00040450623859678654, -0.0063752182582161605, -0.0030553751034860504, 
0.08311312032434337, -0.013437930857762936, -0.013238666561192802, 
0.00092236868383708788, -0.0090139574666170657, 0.0027240894952072084, 
-0.16383137109078405, -0.14929869224281142, -0.0028205792103906608, 
0.034635558169247259, -0.047499126438475356, 0.042321614336716315, 
-0.025624986357576134, -0.022832597744410689, -0.24537196408787709, 
-0.11470395057686679, -0.27181127788840276, 0.00900734179525557, 
0.0092654434680263572, 0.022921866676368478, -0.0026312961526615795, 
0.013989868750650615, -0.0089587423849192376, -0.022620520611131841, 
-0.18730054720975906, 0.097245698444949624, 0.023454148083743971, 
0.0058540693925893516, 0.018021725712541067, 0.0099906258094301457, 
-0.012301596089129833, -0.013591841004629193, 0.0099418986630334747, 
-0.015132966117739453, -0.011669242435202818, 0.010849102587643102, 
-0.0048563086004506295, 0.0018878373259150509, 0.034955652886448606, 
0.018635341284511563, 0.00900734179525557, 0.0076196472161166127, 
-0.0014721042226457336, 0.0019678012851054773, 0.0048745984985759582, 
0.0021560919238507999, 0.010099924040896621, 0.0067582847998983852, 
0.054427930219321269, 0.023370751751317718, -0.0067019708130396207, 
0.011395299895268697, 0.0016957439118843989, -0.0056336750794764188, 
0.00083916660748644019, 0.015305526857590932, -0.0038190912151463544, 
0.0021815093365556096, 0.0039821501727053668, 0.00051145252506076832, 
0.0019888458765348724, 0.001131334143717263, 0.0027569413937984606, 
-0.0052032229455771534, 0.0092654434680263555, -0.0014721042226457338, 
0.0086727219569551935, 0.0085864477573519178, -0.00086459561521821254, 
-0.0066352319106754249, 0.0038752268516653947, 0.0034561059216382914, 
0.017838421948550807, -0.019353842609018585, 0.0010589458138198957, 
0.00013392825171561022, 0.0022201428951445163, 0.0037050825062433456, 
0.010699146488715408, 0.011047443632383544, -0.0049487527298391742, 
0.0024483470077629019, -0.00031968780919407826, -0.0011015165056415582, 
0.00053430466212622677, 0.0040418934147218805, 0.012868449871489288, 
-0.0045729616158474784, 0.022921866676368478, 0.0019678012851054778, 
0.0085864477573519161, 0.0098596789586658084, -0.0034626962404528385, 
-0.0022846596105218137, 0.00151240552984893, 0.003193457827880043, 
0.0015211391808961133, 0.0028361840956933285, 0.00087971121967765533, 
0.0019830553619415042, 0.003350787416690195, 0.0044924876339295485, 
-0.0024872191034768184, -0.011282253302754437, -0.0047600424372838098, 
0.0087553382851684458, -0.0024931730708089247, -0.0061505665692006472, 
