structure(c(-0.18432886931903586, -0.085713506047443544, 0.042320424659361026, 
-0.034629399076323314, 0.025393202915678426, 0.015810940837591523, 
-0.023842303147528419, 0.012747006843048763, 0.078707561183158609, 
-0.12376675913679878, -0.083342213717095284, -0.063265008908056031, 
0.0072981012313568282, -0.0010733933812287824, -0.02586881721525584, 
-0.003279602655845636, -0.021691371627568002, -0.012694259156961252, 
-0.13095039924392907, -0.25008749413563525, -0.028461790412708562, 
-0.0056675398569183159, -0.077015478508504251, 0.012961224270652548, 
-0.085713506047443544, -0.11328306471162727, 0.03260742197785272, 
0.026037309803756924, -0.051521431406439916, 0.022183782023383697, 
-0.0054899308524107137, -0.0083228231969439282, -0.012052710243406232, 
-0.034562497775905927, -0.14122211166229945, -0.018267402652714669, 
-0.001146921504083045, -0.0047463041745386784, -0.0087268021923934212, 
0.0021902900554678895, -0.040863076890874719, 0.014443692879162334, 
-0.0039065199560267888, -0.010153125720772527, 0.0032732397547581846, 
-0.023096530339498673, -0.039058787867783558, -0.014467343780335569, 
0.042320424659361026, 0.03260742197785272, -0.0067162785084477717, 
0.013897716285196159, 0.0033027374974487498, 0.013465951916854955, 
-0.0057644065702076386, -0.022229310318660954, 0.032871878105653438, 
0.024469904787218947, -0.043790948107197712, 0.024773394818160772, 
0.0013046395045731355, -0.015424598289446638, -0.010807721899109267, 
0.003712441646996936, 0.0063197571624059607, -0.0087417144774079043, 
-0.021858925678911938, -0.032531401077821286, -0.0079479583982836367, 
-0.0061953881064391765, -0.0031681069830162369, -0.0029426763326418073, 
-0.034629399076323314, 0.026037309803756927, 0.013897716285196159, 
-0.030406743595546088, -0.018271880826220645, 0.0018742803329237557, 
-0.0072267361024326172, -0.007732233940675199, -0.032032269904126207, 
-0.0077946130382686466, 0.0077745886602971518, 0.0037740759499647111, 
-0.012209377935043118, -0.0033378593947392321, 0.013033301872972003, 
-0.025912728237257949, -0.0035755731067125384, 0.0013446919874049105, 
-0.020147642311362089, 0.057709222510836336, -0.010685726693122817, 
0.0053896512702430437, -0.024944913192738574, 0.007434873533496888, 
0.025393202915678429, -0.051521431406439916, 0.0033027374974487502, 
-0.018271880826220645, -0.024726831530303903, -0.0017374658690279608, 
-0.012486946973111947, 0.0026688574061070518, -0.037516398741297412, 
0.022657991193005742, -0.098109726517213156, -0.014020166444661298, 
-0.0074909393719923079, -0.0088141554875446997, 0.0073622380940864662, 
-0.0047992762376750141, 0.009105923295481105, 0.0066303265496053896, 
0.01018748829949318, -0.07398548224041164, 0.016553131708351244, 
0.0087235694083896975, 0.006022067820440632, 0.028573166658530411, 
0.015810940837591523, 0.022183782023383697, 0.013465951916854955, 
0.0018742803329237559, -0.001737465869027961, 0.024433788510795224, 
0.0015041906956884694, -0.0028983803167035756, 0.0038239348181333, 
-0.0051570164771199732, 0.011704837069590052, 0.024523186632687662, 
-0.0076640655068235582, -0.013819835359847496, 0.0047613128540159519, 
-0.02248151224622397, -0.0023812354781984671, -0.0020783799578500588, 
0.063844127532930894, -0.026081007618393628, -0.0065317173522339844, 
-0.0070601664762023715, -0.011050483437815513, -0.017671117415783616, 
-0.023842303147528419, -0.0054899308524107137, -0.0057644065702076386, 
-0.007226736102432618, -0.012486946973111949, 0.0015041906956884694, 
-0.0095099222656647841, -0.0092056291028148555, 0.023266416319952372, 
0.0109202201661142, 0.013111293172750688, -0.010843824045642124, 
-0.004915237856150851, -0.0012915785657965923, 0.012103014274037267, 
-0.0078772731768802073, 0.0098370630930192365, 0.0070652272874883165, 
-0.072539385941247037, -0.095053115024882312, -0.0053530889308577292, 
0.00061004982979391217, -0.0021836897616673498, -0.0042152313387614311, 
0.012747006843048764, -0.0083228231969439282, -0.022229310318660954, 
-0.007732233940675199, 0.0026688574061070518, -0.0028983803167035756, 
-0.0092056291028148537, -0.010621516255356759, 0.010947924300509969, 
0.0031464949422175415, 0.011156412707430575, 0.0011395697581866344, 
-0.010729502204561028, -0.0098736821134086643, 0.0022467831767710327, 
-0.00078186035688709995, 0.0028591348863644473, -0.005673872116116036, 
0.11646030938556767, 0.030571573712969476, 0.0018067738332360559, 
0.008052361197727901, 0.0037609301221513867, 0.0011589155510676394, 
0.078707561183158609, -0.012052710243406232, 0.032871878105653438, 
-0.032032269904126207, -0.037516398741297412, 0.0038239348181333, 
0.023266416319952375, 0.010947924300509969, -0.014966967387245669, 
0.013825807769642161, -0.1119086829176853, 0.00010173518328712924, 
0.007318109075006054, 0.0030388482230522306, 0.014734846711313603, 
-0.010653357791544386, -0.0085595871978120224, -0.026776300806358188, 
0.20253471448206659, -0.23497247485668959, -0.028106141178328527, 
-0.056414778572391404, -0.028281157416618873, 0.010443965666377666, 
-0.12376675913679878, -0.034562497775905934, 0.024469904787218947, 
-0.0077946130382686458, 0.022657991193005742, -0.0051570164771199732, 
0.0109202201661142, 0.0031464949422175415, 0.013825807769642163, 
-0.019871468489982891, -0.045123650785464618, 0.024969663054884655, 
0.0089961498564507126, -0.00075025992227487385, 0.0056512207580549402, 
-0.023220749981008714, -0.0056961547060848964, 0.012624007483685385, 
0.2962305876876376, -0.10192827065245455, -0.011647852122649377, 
-0.034207258065415108, -0.021282321496562454, 0.0062792403789094656, 
-0.08334221371709527, -0.14122211166229945, -0.043790948107197712, 
0.0077745886602971518, -0.098109726517213156, 0.011704837069590053, 
0.013111293172750687, 0.011156412707430575, -0.1119086829176853, 
-0.045123650785464625, -0.1692324219847319, 0.022229878396238807, 
-0.0065540996817339521, 0.0037089163753697531, 0.017156657406033973, 
-0.014125271284273268, 0.051062934662261035, -0.0054693976676336818, 
0.074451591355905858, -0.2178629874951383, 0.038004451757531074, 
0.018276638822504816, 0.050027832682429635, -0.0068838104890694375, 
-0.063265008908056031, -0.018267402652714669, 0.024773394818160772, 
0.0037740759499647115, -0.014020166444661298, 0.024523186632687665, 
-0.010843824045642122, 0.0011395697581866346, 0.00010173518328712924, 
0.024969663054884655, 0.022229878396238811, 0.0024734773312273871, 
0.00039467043578612183, 0.0010521272069254602, 0.0043998385065414907, 
-0.0037222429237837016, -0.0020390968660568779, -0.016116369906624198, 
0.1412626851364073, 0.096109845930018964, -0.0052201545193029239, 
0.0028404616887307593, -0.010528345652354467, 0.007087825765598247, 
0.0072981012313568282, -0.001146921504083045, 0.0013046395045731355, 
-0.01220937793504312, -0.007490939371992307, -0.0076640655068235582, 
-0.0049152378561508501, -0.010729502204561028, 0.007318109075006054, 
0.0089961498564507126, -0.0065540996817339521, 0.00039467043578612183, 
-0.0034245804876023916, 0.0015314481333724994, 0.0056067444593940405, 
0.0051058289852550075, -0.00541884673355548, 2.8853107865177049e-05, 
-0.006925266057565398, 0.0051320801580264893, 0.0058749418156715258, 
0.0043301342271762858, 0.0033103260766056851, 0.0022238096944224338, 
-0.0010733933812287824, -0.0047463041745386784, -0.015424598289446638, 
-0.0033378593947392321, -0.0088141554875446997, -0.013819835359847496, 
-0.0012915785657965923, -0.0098736821134086643, 0.0030388482230522306, 
-0.00075025992227487385, 0.0037089163753697531, 0.0010521272069254602, 
0.0015314481333724994, 7.1526335833977987e-07, 0.0072870772279468154, 
0.0067836495257475819, -0.0063659115156347069, -0.0029355124473865513, 
0.0019259019398399767, -0.010757090212855112, -0.0054156347834880348, 
0.0011496825426175813, 0.00015529491416787369, 0.0023533830621739653, 
-0.02586881721525584, -0.0087268021923934212, -0.010807721899109266, 
0.013033301872972003, 0.0073622380940864662, 0.0047613128540159519, 
