structure(c(-0.029458766936581483, -0.055610763340553711, 0.02146779502517384, 
0.0031998387470048443, -0.037575141214416893, -0.047762025496816414, 
-0.0089331824289850432, 0.0075963998494029726, -0.078910825640788024, 
-0.004016128033585374, 0.032334627574003239, -0.021711539950313205, 
-0.0092366560294136792, 0.0074449384373348679, 0.0029763666371339734, 
0.021933056873133447, -0.023949375646301688, 0.021921425379875552, 
0.21883460146125028, -0.047160021115669776, 0.016609359921409252, 
-0.013863287208585791, 0.0044528330979762831, -0.012004798333674705, 
-0.055610763340553704, -0.043461624233425984, 0.032524552215922535, 
-0.01085058611209026, 0.016029653216700249, -0.021202431309204153, 
-0.012768050664202462, -0.012607402869826522, -0.0020621915133405824, 
0.002559994339021938, 0.032877213598744563, 0.008077739947901284, 
2.1180035413323011e-05, 0.0096047751336102872, 0.010261602306580143, 
0.0024091202859528957, 0.010538742053313116, 0.038213676006195227, 
0.065943481603469092, 0.010139481676073649, 0.0096820303082668733, 
0.013889972008536505, 0.0075831547038130772, 0.015447369596309877, 
0.021467795025173837, 0.032524552215922535, 0.022968629552700237, 
-0.022755110915877147, -0.0019745860821545566, -0.010045482957806754, 
-0.014968517708289409, 0.022562572764104564, 0.018416370006921378, 
-0.0006203202294393223, 0.036789142009497323, -0.0043977332809604607, 
-0.0065535389156522218, 0.0041476321979996332, 0.012125413094525452, 
-0.0070470906571465444, -0.014369307636784524, 0.0076433032583505768, 
-0.020515737052092455, -0.0284641397266528, 0.0052416897434438897, 
0.0017409970972911122, 0.010306879291292155, -0.0042781351496472874, 
0.0031998387470048443, -0.01085058611209026, -0.022755110915877143, 
0.026616739569075929, -0.0088873042455519143, 0.010994663273415396, 
0.017364603061925034, -0.01165587987991998, 0.01583137173051383, 
0.021450247681811349, 0.0086464455196120192, 0.011602926829205702, 
0.015737376490850684, 0.0099798148763961658, -0.0028172326831974945, 
0.0079924846117320671, -0.010927924219744711, -0.0047761714835834893, 
0.059933976476269551, -0.048599884973093838, -0.004866830281268276, 
-0.0046257375103715536, 0.0094401503502269876, 0.0071473870339058432, 
-0.037575141214416886, 0.016029653216700253, -0.0019745860821545566, 
-0.008887304245551916, 0.014486848809274403, -0.012336238094077509, 
0.011169824105670748, -0.0042170703041226549, 0.02054518204403653, 
-0.013811685703708764, 0.018908164100678491, 0.0014932586848371298, 
0.0018368133994990645, 0.0045485322816904202, -0.002432772646791734, 
0.015722136295248143, 0.0010401164371938807, -0.010503046557459114, 
-0.011939540203058614, 0.034099488385807397, -0.019726128401880354, 
-0.0013858544331213744, -0.0060588313047469618, -0.0068524137078801173, 
-0.047762025496816414, -0.021202431309204153, -0.010045482957806755, 
0.010994663273415396, -0.012336238094077507, 0.0012275200601980895, 
0.0028816243556297207, -0.0022920154162836153, 0.0076140956228259813, 
-0.0083847566227619168, -0.020525869492900212, -0.023502738105709044, 
0.0075952682506223784, 0.0064190443919887328, -0.0089119886164618183, 
0.0079317886508956242, 0.017623813507760291, -0.004005559478349045, 
-0.020802197880994681, 0.011549661202976853, 0.0023407050632633744, 
0.0067101283219502591, 0.0086710325123380491, 0.018216876569636036, 
-0.008933182428985045, -0.01276805066420246, -0.01496851770828941, 
0.01736460306192503, 0.011169824105670748, 0.0028816243556297211, 
-0.0017844855909593721, 6.3778921418657558e-05, -0.027393873073656247, 
-0.0026957466525649636, 0.0038215769066956276, -0.0062321168278169125, 
0.0031768583572095448, 0.0018270611621166624, -0.0073516039350531763, 
-0.0018413353224061254, -0.003668433693638124, -0.0046417230050293749, 
0.00851685281758921, 0.044465075659466745, 0.0028359521635316757, 
0.0086161431478584041, 0.0034669233641453135, -0.00016169700687751552, 
0.0075963998494029718, -0.012607402869826522, 0.022562572764104564, 
-0.01165587987991998, -0.0042170703041226549, -0.0022920154162836153, 
6.3778921418657558e-05, 0.011817893138427517, -0.010983112801081654, 
-0.0029150978714198271, -0.024341151602209794, -0.0056684567450455909, 
0.0043949962664931235, 0.0049557379093605157, -0.010568837745443439, 
0.0084891150994988018, -0.010667697509961487, 0.0062482732381778641, 
-0.056071548842616246, 0.018868686983772205, -0.0015296353621839015, 
-0.0082017047694325513, -0.0026960169029099637, 0.0058213579413035578, 
-0.078910825640788024, -0.0020621915133405824, 0.018416370006921378, 
0.01583137173051383, 0.02054518204403653, 0.0076140956228259813, 
-0.027393873073656247, -0.010983112801081654, 0.026332955046400843, 
-0.050424681072316638, 0.022158655985958824, -0.010734126476290774, 
0.0028650996517923574, 0.0057132777964018612, -0.012272722468018311, 
0.026470394085837654, 0.0068832848088728566, 0.010816999515083988, 
-0.048350622581779391, 0.014669284378105335, 0.0080507223775927242, 
0.036789723001750763, 0.015088796181295839, 0.0032625474128592257, 
-0.0040161280335853731, 0.002559994339021938, -0.0006203202294393223, 
0.021450247681811349, -0.013811685703708762, -0.0083847566227619168, 
-0.0026957466525649636, -0.0029150978714198271, -0.050424681072316638, 
0.0073294717199889675, -0.028734412624677821, -0.018814361187116647, 
-0.0077533179367283529, 0.0011557684670204117, -0.0060784459514515651, 
0.017987672243980575, 0.005756398146914643, -0.0084104190582834585, 
-0.15668699150323365, 0.063138487197817464, 0.0038226068308969303, 
0.0140472716079682, 0.017920824385578096, -0.0028094349720116686, 
0.032334627574003232, 0.032877213598744563, 0.03678914200949733, 
0.0086464455196120192, 0.018908164100678491, -0.020525869492900216, 
0.0038215769066956276, -0.024341151602209791, 0.022158655985958824, 
-0.028734412624677821, -0.033989252989688863, -0.019102294439060776, 
0.020160052629893954, 0.021624625028163463, -0.012501368781261004, 
0.034658590305924289, -0.02267053935628156, -0.017824996440566798, 
0.024988031232488064, 0.20043832412812551, -0.019328713310472537, 
-0.0034215324250824065, -0.015446284810778949, 0.0099776337887881855, 
-0.021711539950313209, 0.0080777399479012822, -0.0043977332809604598, 
0.011602926829205702, 0.0014932586848371301, -0.023502738105709041, 
-0.0062321168278169125, -0.0056684567450455909, -0.010734126476290774, 
-0.018814361187116647, -0.019102294439060776, -0.038631262038407305, 
0.003825515272743202, 0.0018666671847159034, 0.0008850773688529077, 
0.011619854929626788, 0.016918091502415605, 0.0057048182170723796, 
0.10781142816577201, 0.0087962324514294591, 0.0060687021628270891, 
0.010082492286737167, 0.009551280770038157, 0.006425879072558629, 
-0.0092366560294136792, 2.1180035413323011e-05, -0.006553538915652221, 
0.015737376490850684, 0.0018368133994990648, 0.0075952682506223784, 
0.0031768583572095448, 0.0043949962664931227, 0.0028650996517923574, 
-0.007753317936728352, 0.020160052629893954, 0.003825515272743202, 
0.0066755706853657776, 0.0068058556606841814, 0.00070321667558275163, 
-0.0040402750823280995, 0.0079075100703888228, 0.0059335386575644156, 
0.00053430536455525935, 0.0071540632694166006, 0.0067804142655548804, 
0.004430484914461851, 0.0035901271213194673, 0.0022076208350704282, 
0.0074449384373348679, 0.0096047751336102872, 0.0041476321979996332, 
0.009979814876396164, 0.0045485322816904194, 0.0064190443919887328, 
0.0018270611621166624, 0.0049557379093605148, 0.0057132777964018612, 
0.0011557684670204114, 0.021624625028163466, 0.0018666671847159036, 
0.0068058556606841814, 0.0084022971315644585, -0.0036653314373603632, 
-0.0043824478587886871, 0.0085186582537369153, 0.0062461989616117135, 
-0.00052988723183105245, 0.024746058227775206, 0.0043233476973145377, 
0.0051479286147076073, 0.0019414554448915569, 0.0018133676251238147, 
0.0029763666371339734, 0.010261602306580143, 0.012125413094525453, 
-0.002817232683197494, -0.002432772646791734, -0.0089119886164618183, 
