structure(c(-0.047843598747804646, -0.15796677155628006, 0.049327566514919624, 
0.042962562491287139, -0.11256276322828908, 0.057857102907614935, 
0.01076123510496821, -0.0075900452685911009, -0.07225899765791384, 
-0.027823136157763904, 0.0057075476267915773, -0.036888559931733275, 
-0.014302084694697993, -0.028727780987774655, 0.011222922634046357, 
-0.013701061155917137, 0.021702994177621688, 0.073744117100186371, 
0.17091248023893041, -0.13016469704747818, -0.11107446698233622, 
0.032074527399026678, -0.008683481494682458, 0.0037100608714223508, 
-0.15796677155628006, -0.15587851951925463, 0.029136469120861118, 
0.05180698799503345, -0.069885932118247618, 0.078781870497711348, 
0.0017315190835743483, -0.0054671536704154894, -0.073463868593581297, 
-0.030069273532451549, 0.024075324281919282, 0.0018409396731824325, 
0.010751142571118462, 0.030982606682493155, 0.01766241726143903, 
0.03906684220163037, 0.05546752864536008, 0.044717768329448349, 
0.16990631409508242, -0.089861730404955764, 0.020538372303565994, 
0.033795595414720027, 0.058636822096655175, 0.013130933970735625, 
0.049327566514919631, 0.029136469120861118, 0.023056986704210684, 
0.0071024062179726854, -0.035683515849787129, 0.017331127648056676, 
-0.0037454358864749621, 0.020595327994794577, 0.057059109278156883, 
-0.00056809447341901363, -0.00292336346496813, 0.014755750391396974, 
-0.0066272242892720917, 0.0019729655638163097, 0.016789877362166326, 
-0.0087676225846903266, -0.011185043651013206, 0.013492526266757676, 
0.14500583852242541, -0.070745582799747672, -0.0018824857581513702, 
0.0016161286828183458, 0.0042800346843081842, -0.0059202000052393537, 
0.042962562491287139, 0.051806987995033443, 0.0071024062179726854, 
-0.002303465997759992, 0.062779085976199245, -0.033389552487620995, 
0.017155980499194947, -0.0083405795726042859, 0.043740513949979729, 
0.0363179535911601, 0.079405449748124954, -0.014566514708282319, 
0.013621000877310382, 0.012497390034604766, -0.005255763880742453, 
0.0050585124159946444, 0.01583839479087441, 0.013655719285634412, 
0.18144237327269591, -0.009599037404187041, 0.027929895328519836, 
-0.015099765340453618, 0.013053971699703435, 0.030795900306585001, 
-0.11256276322828909, -0.069885932118247618, -0.035683515849787129, 
0.062779085976199245, -0.040414458158815739, 0.035324208893303795, 
-0.0010350653596552545, -0.016253813709794462, -0.012410508052928322, 
-0.039005834958583514, -0.045711156886755325, -0.0030794426747211604, 
-0.0083354067889514355, -0.0024438691371682936, -0.0049912339865639107, 
0.020151800806561124, -0.0010950396968966716, 0.012683003917649267, 
0.16840625461919279, 0.02717306325880546, -0.0016123176694204315, 
0.014787789649650893, 0.024487464895266944, 0.0023198495184242247, 
0.057857102907614935, 0.078781870497711348, 0.017331127648056676, 
-0.033389552487620988, 0.035324208893303795, -0.021113720020134681, 
-0.023224075402195392, -0.018963507064722988, 0.048412996364962539, 
0.0053610209815189895, 0.033056867728704843, -0.011011275736941425, 
0.0039996257307383723, -0.0047922191167274336, -0.011993464835296971, 
-0.018582454160430847, 0.0017622014605232026, 0.010576377558406571, 
0.07301825381900455, 0.040120087421186876, -0.012196391191480915, 
-0.0085534190581607432, -0.020516281393330154, -0.0016129524634062376, 
0.01076123510496821, 0.0017315190835743483, -0.0037454358864749625, 
0.017155980499194947, -0.0010350653596552545, -0.023224075402195395, 
-0.0057740765482388384, -0.015471091272840957, -0.088219225869029, 
-0.0044754705786587082, -0.032889222781884456, 0.0094882877823875937, 
0.015001755421407708, 0.0060158275886796238, 0.01094362661523046, 
-0.031565023536439592, 0.01224842921734067, -8.9810221535103774e-06, 
0.005021771831693991, 0.040266658806508288, -0.0038752255777924163, 
0.010266369845934006, 0.01652217543433963, -0.0016749123926643806, 
-0.0075900452685911017, -0.0054671536704154903, 0.020595327994794577, 
-0.0083405795726042859, -0.016253813709794462, -0.018963507064722985, 
-0.015471091272840957, -0.012806378422675199, 0.011653576853330069, 
-0.015059302215484533, -0.051344515971436085, -0.00063861139475931917, 
-0.0056749258136050973, -0.00071552452286025232, -0.0012909245421255193, 
-0.0058152141183106494, -0.0041119954969472891, 0.016580106943106791, 
-0.082798741659340355, -0.052275966488224322, -0.0017326189259691189, 
0.0075354409661573711, -0.013933442947280788, 0.016352541823321198, 
-0.07225899765791384, -0.073463868593581311, 0.057059109278156876, 
0.043740513949979735, -0.012410508052928324, 0.048412996364962539, 
-0.088219225869029, 0.011653576853330069, 0.053857926477549375, 
-0.053052345864197333, -0.008673766141155512, -0.011842419641892133, 
-0.030926485622552222, -0.0064510019754602547, 0.0041861675696994016, 
0.011030097162457626, 0.013729653482025577, 0.025653297341159089, 
-0.30432362043559175, -0.32658766732012984, -0.011830402980994985, 
0.037730617282361094, 0.0069722181307794867, -0.00049200976085007312, 
-0.027823136157763901, -0.030069273532451549, -0.00056809447341901363, 
0.0363179535911601, -0.039005834958583514, 0.0053610209815189895, 
-0.0044754705786587082, -0.015059302215484533, -0.053052345864197333, 
0.0073853649514908437, -0.088781187679782284, 0.022053079417263137, 
-0.0060693836854539647, -0.0067078167835492464, 1.0106160470399949e-05, 
-0.01611590380349779, 0.0077868033093709274, 0.018833922317914208, 
0.17232457954690233, -0.18252747879984671, -0.0078628846343340407, 
0.0029367000607650531, -0.0060390054928327113, -0.0061464691670625009, 
0.0057075476267915773, 0.024075324281919278, -0.00292336346496813, 
0.079405449748124954, -0.045711156886755325, 0.033056867728704843, 
-0.032889222781884456, -0.051344515971436085, -0.008673766141155512, 
-0.088781187679782284, -0.065170457452770073, -0.0033063525042962521, 
0.0033516669912181702, -0.0003502741328940511, 0.024102091524052599, 
-0.014403065187550006, -0.0022888776753145317, -0.0032226307923188917, 
-0.2567516822074426, 0.019512346506646887, -0.085904353909298223, 
0.018833744503356481, -0.024854812549058095, 0.0041552386197563516, 
-0.036888559931733275, 0.0018409396731824325, 0.014755750391396972, 
-0.014566514708282321, -0.0030794426747211604, -0.011011275736941427, 
0.009488287782387592, -0.00063861139475931917, -0.011842419641892133, 
0.022053079417263137, -0.0033063525042962521, -0.029712209775409459, 
0.016019874296131546, 0.020961558460168679, 0.0032886996873713742, 
0.017579994957629321, 0.0043141643207589529, 0.036132390963639113, 
-0.091258534700141364, -0.092213595950111513, -0.0080133166043736947, 
0.033435693952949791, -0.027264979992302756, 0.011884327662796099, 
-0.014302084694697993, 0.010751142571118462, -0.0066272242892720917, 
0.013621000877310383, -0.0083354067889514355, 0.0039996257307383723, 
0.015001755421407706, -0.0056749258136050964, -0.030926485622552218, 
-0.0060693836854539638, 0.0033516669912181702, 0.016019874296131546, 
0.0081835043241651473, 0.0050240176842940637, 0.0015622353299668567, 
0.0019776921980681058, 0.022712938766240566, 0.010070140827226182, 
0.072797126741735954, -0.011195330175076068, -0.0010842574389858537, 
0.0078346857629335732, 0.0024724936901098352, 0.0087823804487256601, 
-0.028727780987774659, 0.030982606682493155, 0.0019729655638163102, 
0.012497390034604766, -0.0024438691371682936, -0.0047922191167274327, 
0.0060158275886796229, -0.00071552452286025221, -0.0064510019754602547, 
-0.0067078167835492464, -0.0003502741328940511, 0.020961558460168683, 
0.0050240176842940645, 0.0064988870202336915, -0.0030801300490292346, 
0.0073252669877715629, 0.021868646359050132, 0.0055702877172100025, 
-0.0018201205297036153, 0.02665080603319761, 0.0053465344631199443, 
0.010175309955347338, 0.0036699686965255707, 0.010119785465106239, 
0.011222922634046359, 0.01766241726143903, 0.016789877362166326, 
-0.0052557638807424522, -0.0049912339865639107, -0.011993464835296973, 
0.01094362661523046, -0.0012909245421255193, 0.0041861675696994007, 
