structure(c(-0.91177098231848619, -0.64222153323444076, 0.19120465393887978, 
0.046651589102339679, -0.018929854757043695, 0.010824693381661976, 
-0.0087783759024562587, 0.14955449414179092, -0.58375899640154283, 
-0.34192141413677785, -0.47597767518556244, -0.10808665908856747, 
-0.024020183396908569, 0.013292478601299373, -0.034108533238425554, 
0.052540961823502375, -0.076040755271771232, -0.076446801282840801, 
-0.58504526297955262, 0.12440650853717658, -0.0031747405793225445, 
-0.053025850662499353, -0.11996605482093124, -0.013265266915802369, 
-0.64222153323444076, -0.20410891906575748, 0.045568565578197211, 
0.065482421732024398, -0.053562057081846269, 0.08282129244503654, 
0.074767389873987775, -0.084106348024869201, -0.52568376301419739, 
-0.26198304543275619, -0.61671824061039759, 0.040714967177136803, 
-0.041811558309068825, -0.020606225996179381, 0.039394123301877644, 
-0.018922135212308226, -0.079879235943852434, 0.038805842375595576, 
-0.55496720671404731, 0.349616545788414, 0.044345240680515867, 
-0.10312746048589554, -0.054629349844450809, -0.0083953096943522112, 
0.19120465393887978, 0.045568565578197211, 0.045035065903004531, 
0.0034580725074859157, 0.058096303303631393, 0.0018677329247985828, 
0.002304154946287211, -0.084743670302341714, -6.6779255912173267e-05, 
-0.0095788127196705635, 0.062873488878958897, 0.072622629212164752, 
0.030827107648616296, -0.00095638192440987511, -0.04562942568008585, 
0.0017411805676349095, 0.020255360491567825, -0.023956795516165072, 
-0.24847390586327334, 0.29322838923326955, -0.014616950948861385, 
-0.0082447735265163066, -0.0091711411901690722, -0.035080291948742182, 
0.046651589102339679, 0.065482421732024398, 0.0034580725074859157, 
-0.0060914439079763254, -0.077782664797587081, -0.0057986241902736515, 
-0.0100790615339225, -0.022868357266543318, -0.042541596701340792, 
-0.0058985671499716544, 0.019973514252622841, -0.035907361942692263, 
-0.012330094047372408, 0.0007521631056739258, 0.00072916101799596527, 
0.0036332827581862744, -0.047507001494246262, 0.03818477780701085, 
0.040921681152920275, -0.05392117430228608, -0.010180852522810249, 
0.03927086697211974, 0.0018713151530449763, 0.0037453609571480389, 
-0.018929854757043698, -0.053562057081846262, 0.0580963033036314, 
-0.077782664797587081, 0.062948209056953822, -0.04640386786896554, 
0.010668515988500228, 0.0055248144779737832, -0.25880540750717457, 
-0.11585826190902863, -0.18001776031836844, -0.02610612626370433, 
0.012177698925223289, 0.01602808155125212, 0.040759166745451762, 
-0.0028259436468834886, 0.060915811592583635, -0.019095432184050506, 
-0.42478023599297421, 0.067848818902210103, 0.042424473720256102, 
0.0064626255228420861, 0.040151559776044454, 0.028046256612304959, 
0.010824693381661976, 0.082821292445036554, 0.0018677329247985825, 
-0.0057986241902736506, -0.04640386786896554, 0.054703433756319267, 
0.034214065480778953, -0.010492246514800912, 0.018503983015426047, 
0.05062248199704944, 0.12278900421307072, 0.021360383576036642, 
-0.016056231014924503, -0.00035646942010378655, -0.0034301483910170803, 
0.024776444383871169, 0.022021395474395678, 0.022892633496917777, 
-0.13068273304989586, -0.093651488749170744, 0.024978374970949475, 
-0.0030242102950109083, 0.046869440735692214, -0.0062882175087624727, 
-0.0087783759024562605, 0.074767389873987775, 0.002304154946287211, 
-0.0100790615339225, 0.010668515988500228, 0.034214065480778953, 
0.028011024989960897, 0.020410339645639493, 0.067241064914721427, 
0.0098512349327935702, 0.072220350856119664, -0.030151971843935359, 
-0.01219422177407063, 0.011474353384245675, 0.0068940580751746111, 
-0.023564872765022424, -0.00053583896630267781, -0.0012793246093153493, 
0.1034226293757389, -0.14234929082370087, -0.021888690142246585, 
-7.7126882401147275e-05, 2.4639527039097927e-06, 0.017039332015861119, 
0.14955449414179092, -0.084106348024869201, -0.084743670302341728, 
-0.022868357266543314, 0.0055248144779737832, -0.01049224651480091, 
0.020410339645639493, 0.056869401103927651, -0.0086017012778472016, 
0.073429790024123739, 0.027446906600479704, -0.0024339624366007113, 
0.0052470999602607987, 0.0097326196322577475, 0.022603545734315205, 
0.018122385194294207, 0.027248634588911917, 0.012785279633312273, 
-0.16666055898112273, -0.024268537225393509, -0.018693100518092816, 
0.0059098347691897016, 0.045257938317899565, 0.0056710084950985437, 
-0.58375899640154272, -0.52568376301419728, -6.6779255912173267e-05, 
-0.042541596701340799, -0.25880540750717457, 0.018503983015426044, 
0.067241064914721427, -0.0086017012778472016, -1.003583208355695, 
-0.40450479845559506, -0.92831393111142257, -0.13958852996978044, 
0.060794245699392992, 0.079335722341463091, 0.046735056380633626, 
-0.0070266046302828612, -0.019099710235815179, 0.0032489286847813895, 
-0.047554918608714136, 0.30071340223675957, 0.028543282374593845, 
-0.02824144602778058, 0.074807371229803299, -0.045941394404426308, 
-0.34192141413677785, -0.26198304543275613, -0.0095788127196705635, 
-0.0058985671499716535, -0.11585826190902865, 0.05062248199704944, 
0.0098512349327935685, 0.073429790024123739, -0.40450479845559512, 
0.055124127820203261, -0.39056575628527218, -0.046151097257162058, 
0.0074050858316772362, 0.00090578553979156885, -0.034790374908208369, 
-0.015826984696582239, -0.027909395305005403, -0.0017634796594783286, 
-0.4176982155334043, 0.13152654438495964, 0.0031700429815016231, 
-0.021819149725750369, 0.09189958540804645, 0.077602163426530937, 
-0.47597767518556244, -0.61671824061039759, 0.062873488878958911, 
0.019973514252622841, -0.18001776031836844, 0.12278900421307072, 
0.072220350856119664, 0.027446906600479704, -0.92831393111142269, 
-0.39056575628527218, -0.80098090797037058, -0.012249877148724452, 
0.051109167816395774, 0.089089551609901702, -0.032601319630149561, 
0.0086766748568482387, 0.09455877722623425, -0.0048965128794275876, 
-0.8868065638091156, 0.23235338409281514, 0.099118400589100722, 
0.0055129375084297253, 0.16342014083129697, -0.0039331869097633263, 
-0.10808665908856747, 0.040714967177136803, 0.072622629212164752, 
-0.035907361942692256, -0.02610612626370433, 0.021360383576036642, 
-0.030151971843935359, -0.0024339624366007109, -0.13958852996978044, 
-0.046151097257162065, -0.012249877148724452, -0.012979760499694818, 
0.0068093714206894354, 0.019881624392781995, 0.0050065941566867396, 
0.0038207738528412915, 0.047480374411349446, 0.014294069407828108, 
0.48066911800261447, 0.31732206030955346, 0.0023030736185898982, 
-0.001543447023414984, 0.057560647256489558, -0.0086095628505104549, 
-0.024020183396908569, -0.041811558309068818, 0.030827107648616296, 
-0.012330094047372408, 0.012177698925223289, -0.016056231014924503, 
-0.012194221774070629, 0.0052470999602607996, 0.060794245699392992, 
0.0074050858316772354, 0.051109167816395774, 0.0068093714206894354, 
0.034139236563588471, 0.036311008530159304, 0.0011693699059360594, 
0.0087921967612184636, -0.0066268756028027573, -0.0013090988684071457, 
-0.078782809395324935, 0.06340304319279326, 0.023327855562705866, 
0.023545168814000553, 0.0154001504026286, 0.0090763095768891452, 
0.013292478601299375, -0.020606225996179381, -0.000956381924409875, 
0.00075216310567392569, 0.016028081551252116, -0.00035646942010378655, 
0.011474353384245675, 0.0097326196322577475, 0.079335722341463091, 
0.00090578553979156885, 0.089089551609901702, 0.019881624392781995, 
0.036311008530159311, 0.042248919652589222, 0.0018929614092970158, 
0.011661371514662884, -0.030339564718007465, -0.002353306296249448, 
-0.1812475158004497, 0.059634970654577388, 0.007068424672690421, 
0.016741023389005794, 0.0067606394876042579, 0.012909575301879946, 
-0.034108533238425554, 0.039394123301877637, -0.045629425680085857, 
0.00072916101799596516, 0.040759166745451755, -0.0034301483910170803, 
0.0068940580751746111, 0.022603545734315205, 0.046735056380633626, 
-0.034790374908208369, -0.032601319630149561, 0.0050065941566867387, 
