structure(c(-0.10477385894539086, -0.094742469794076134, 0.031000909708949594, 
0.053858786971913181, -0.08354862000231511, 0.066879783754258376, 
0.035293870347058283, 0.011277055181500802, -0.01593500815071237, 
-0.0060167243890859824, -0.0178276894483426, -0.0062469738931392607, 
-0.022658404541013904, -0.020655720346441728, 0.015918417719169253, 
-0.034860377221065185, 0.0063269353970988422, 0.079300179672893018, 
0.28912000869644594, -0.27008190786727804, -0.080720993939892016, 
0.038101139491315834, -0.017976778663963168, 0.019515713813380704, 
-0.094742469794076134, -0.14685449868639783, 0.027290554023986585, 
0.036391052481333362, -0.058723036655255662, 0.038561680216928955, 
0.0097361023096365022, -0.0024014220966533423, 0.063921061829859988, 
-0.033804056424047324, 0.060614277437953036, -0.0047607760266462108, 
0.0098163527189648742, 0.027876748492389785, 0.021413861967698351, 
-0.0037360176808702407, 0.044613332479979506, 0.03430797466431007, 
0.23721043238145789, -0.10954207254471948, 0.012690875043013729, 
0.064551147573118459, 0.028256424391068898, 0.011095427179241422, 
0.031000909708949594, 0.027290554023986585, 0.066452800272783427, 
-0.0066296158110345288, -0.040106090501622602, 0.018402269264640357, 
0.00065395126647880219, 0.0073049831127726577, 0.034329931896471655, 
-0.00032778490541193083, -0.025989280341140231, -0.006999013511971513, 
-0.01172054351022977, -0.0021959686186260245, 0.016463918960845928, 
-0.009383604889370652, -0.01512976523668479, 0.019163836849948771, 
0.079417743160218518, -0.12019712091296174, 0.00060581715002644692, 
0.0080026051692879078, 0.0040746615323176616, -0.0013651553254792261, 
0.053858786971913188, 0.036391052481333362, -0.0066296158110345288, 
-0.022935704479992207, 0.064329175610627676, -0.030631419289190106, 
0.0093168076598821193, -0.0097180341426087984, 0.049414856920526017, 
0.037849832573568144, 0.068888479668983302, 0.001266066214914328, 
0.0078120093012080888, 0.0058329771477812469, 0.0033682972872325664, 
0.0017955061730983094, 0.017953181890111903, -0.0044090351940741504, 
0.20435770992411653, -0.020956619972724383, 0.01515079402083554, 
-0.019841988293068047, 0.020088862617552203, 0.013990116602265954, 
-0.08354862000231511, -0.058723036655255662, -0.040106090501622602, 
0.064329175610627676, -0.01977719413393925, 0.029837762881748539, 
0.0064936533977462893, 0.0033626851053097308, 0.0060578134278696759, 
0.0086889218161468537, -0.057074471445348988, 0.028328829551037948, 
-0.0035660038823527641, -0.0015288660205490094, -0.011239357138632172, 
0.014984791437681845, -0.017551987442919706, 0.017601549676352538, 
0.18651810008729469, -0.014698326319139431, -0.015638467472112005, 
0.0085321460799157797, 0.0061194101975957788, 0.010436908674920213, 
0.066879783754258362, 0.038561680216928955, 0.018402269264640361, 
-0.030631419289190106, 0.029837762881748539, -0.027180040431247981, 
-0.029633477012972084, -0.025687437570298111, 0.052309652997938938, 
0.010702734859851097, 0.027841447449636732, -0.022196700801720481, 
-0.0010695822561760918, -0.0081386454173622887, -0.018349355030206762, 
-0.026404903109085269, -0.0035310058570148326, -0.010161619833397981, 
0.14167701992516474, -0.030891950968978291, -0.015718872066394642, 
-0.0064978668873088797, -0.032659124456230239, -0.0058345957674169266, 
0.035293870347058283, 0.0097361023096365004, 0.00065395126647880208, 
0.0093168076598821193, 0.0064936533977462893, -0.02963347701297208, 
0.0031075081580244114, -0.024120997907873504, -0.073595103974703382, 
0.0056758832894763028, -0.027173984867548594, 0.019033680563956937, 
0.015555038609566422, 0.003686513953240361, 0.0052377878583330121, 
-0.027202594151764209, 0.015578761869826803, 0.00065645112391850204, 
-0.12434052198169158, 0.060579393351451932, 0.0080303619208617477, 
0.0098210667130772655, 0.012274256605961233, 0.0027756830039906799, 
0.011277055181500802, -0.0024014220966533423, 0.0073049831127726577, 
-0.0097180341426087984, 0.0033626851053097312, -0.025687437570298115, 
-0.024120997907873504, -0.015554092770534537, 0.028962523248004066, 
-0.0098674003770086692, -0.036761617704152198, -0.0017950002632221994, 
-0.0010280391105263529, -0.00052549190038993969, -0.0056202120748144666, 
-0.0061418830892589014, -0.0095878408077218567, 0.0037283510794452156, 
-0.0045991181057651771, -0.11813116635650787, -0.013858116350663897, 
0.0039404615395243021, -0.028671355677898119, 0.00067982906519154581, 
-0.01593500815071237, 0.063921061829859988, 0.034329931896471655, 
0.049414856920526017, 0.006057813427869675, 0.052309652997938938, 
-0.073595103974703382, 0.028962523248004062, 0.20272503848529175, 
-0.007211694018877589, 0.10807015675216551, 0.046134525788253243, 
-0.027519800854451881, -0.014235241615319657, -0.006170767685880962, 
0.0093893380651675282, 0.016113633640924649, 0.009659300467095228, 
-0.024232058725198815, -0.49126351981981325, 0.0047055126088867607, 
0.023126102675075304, -0.021745816193716346, 0.012550549733732498, 
-0.0060167243890859833, -0.033804056424047331, -0.00032778490541193083, 
0.037849832573568144, 0.0086889218161468537, 0.010702734859851097, 
0.0056758832894763019, -0.0098674003770086692, -0.007211694018877589, 
-0.040011822336522528, -0.059011673892151735, 0.03116606289514836, 
-0.014407795320538777, -0.013255563484359981, 0.0085777939438498561, 
-0.015223576640221942, -0.004350258097745606, 0.0059214671233212158, 
0.33153604889337479, -0.26276943239732453, 0.0027465860708531858, 
-0.0039521789544241705, -0.036762275166026148, -0.023683927341171095, 
-0.017827689448342603, 0.060614277437953036, -0.025989280341140231, 
0.068888479668983302, -0.057074471445348988, 0.027841447449636736, 
-0.027173984867548594, -0.036761617704152198, 0.1080701567521655, 
-0.059011673892151735, -0.019988436372086402, 0.03287671634835173, 
0.00047660993496695999, 0.0012557233661067489, 0.037067302518087084, 
-0.00096640482288600112, -0.010193003030563875, -0.039540169444646417, 
-0.0059032744645953865, 0.016111487467284684, -0.057719424665766864, 
0.00051892509920988797, -0.030054656809442047, 0.0087708324419390939, 
-0.0062469738931392607, -0.0047607760266462117, -0.006999013511971513, 
0.0012660662149143282, 0.028328829551037948, -0.022196700801720478, 
0.019033680563956934, -0.0017950002632221992, 0.046134525788253243, 
0.031166062895148353, 0.03287671634835173, -0.030222234077923859, 
0.0057845799816828069, 0.011301720488930279, 0.0097301579274408755, 
0.013127581940441292, -0.0031201589890018041, 0.015304962486554517, 
-0.010565141183549707, -0.14025814213884324, 0.0066860551373240894, 
0.032850452519155894, -0.032018083576803372, 0.0073954942699106137, 
-0.0226584045410139, 0.0098163527189648724, -0.011720543510229772, 
0.007812009301208088, -0.0035660038823527641, -0.0010695822561760918, 
0.015555038609566424, -0.0010280391105263529, -0.027519800854451878, 
-0.014407795320538777, 0.00047660993496695999, 0.0057845799816828069, 
0.0041598128792327844, 0.0022766760776417468, -0.0038901249657830529, 
-0.00066868653374466363, 0.014641983041784217, 0.012342995994780101, 
0.081304394568842059, -0.034703834052273022, -0.0066533075990059792, 
0.0020325769091112562, -0.006482797119993151, 0.0053927561096035253, 
-0.020655720346441732, 0.027876748492389785, -0.0021959686186260245, 
0.0058329771477812469, -0.0015288660205490096, -0.0081386454173622887, 
0.003686513953240361, -0.00052549190038993969, -0.014235241615319657, 
-0.013255563484359982, 0.0012557233661067491, 0.011301720488930279, 
0.0022766760776417468, 0.001268292074047336, -0.0027455177310050658, 
0.0029842516352410679, 0.020165499230000293, 0.0053746304516012148, 
0.057849022625849511, 0.0034465887495532246, 0.0013309612553270521, 
0.0070341917465128181, -0.002997238656612132, 0.0035088710191098025, 
0.015918417719169253, 0.021413861967698348, 0.016463918960845928, 
0.0033682972872325669, -0.011239357138632172, -0.018349355030206762, 
0.0052377878583330121, -0.0056202120748144666, -0.0061707676858809629, 
