structure(c(-0.15002109725573437, -0.21806176144696349, -0.043443468141172857, 
0.03090390489816195, -0.097554125052282156, -0.017320195625557099, 
0.00809562673805596, -0.026104086400510349, -0.025163093042524804, 
-0.093828689634346443, -0.072648155365643313, -0.042371019240644479, 
0.0017866077090645904, -0.034068578773333476, -0.005725509849635481, 
0.0019596141871541348, 0.043168634842991389, 0.09156180615337034, 
-0.031903643820111252, -0.054689423078865144, -0.041167562069984752, 
0.015534603906952752, 0.015423713731108336, -0.024975863725256911, 
-0.21806176144696351, -0.16676195027730559, -0.0011757680909144186, 
0.028441260480757027, -0.1359225441732887, 0.029872113861915156, 
0.011565945413099693, -0.046199441746916321, -0.0010524582068839306, 
-0.090695509319665316, -0.051471785115807717, -0.042132910116844481, 
0.017607975515965414, 0.014187668897173154, 0.036345584599882311, 
-0.0092746011323047578, 0.028010971768692019, 0.022714088486771294, 
0.29845894625108843, -0.13302659260918775, 0.0019025242658342841, 
0.036854819556266023, 0.022138488432387426, -0.0084702794356994668, 
-0.043443468141172857, -0.0011757680909144184, 0.041482344452195369, 
0.0052740508328599943, -0.024927379074216341, 0.014630820996254821, 
0.01889968873519977, -0.0014746243832862115, 0.08105844947228949, 
0.032258019515300704, 0.014712104966514535, 0.013291841728832857, 
-0.012883896985843869, 0.00091978038592296799, -0.0016621315203181868, 
-0.0012922284431771123, -0.0163154977342451, 0.014123419821323008, 
0.061423283595873845, -0.068431704863508705, 0.021884889428833754, 
0.0013013571078150535, 0.0030749820627365265, -0.0067641632329776451, 
0.03090390489816195, 0.028441260480757027, 0.0052740508328599943, 
-0.024323324035992591, 0.033051041666838157, -0.012474156060996897, 
-0.0064424429778305262, -0.0040215658973034004, -0.0081662530245827682, 
0.02311717549746483, 0.073000406584327007, -0.019935015469976124, 
0.0083356699733447732, 0.010275469616977357, 0.0062763416153258358, 
-0.013037321335635677, 0.0099843809555466567, -0.011954101255704086, 
0.052162612898843982, -0.11508637930938971, 0.012198819593352863, 
-0.017845878317189597, 0.028777643806194859, 0.026474610259481557, 
-0.097554125052282156, -0.13592254417328872, -0.024927379074216341, 
0.033051041666838157, -0.043347373186687195, 0.0078191128264255404, 
-0.0019873787915871584, 3.4378732852628682e-05, 0.020977053671921358, 
0.022439770753930492, -0.052591447802987995, 0.03188984756181365, 
0.0044039542526761923, 4.4707154263242077e-05, -0.014045896911838383, 
0.0040635017853763418, -0.00076631651661116114, 0.014487374201893034, 
0.16941639740889974, -0.0047327185810734917, 0.0015384160232882044, 
-0.0014439720914139085, 0.013786774235265246, -0.0074558455767115717, 
-0.017320195625557099, 0.029872113861915156, 0.014630820996254821, 
-0.012474156060996895, 0.0078191128264255404, -0.024159915190587147, 
-0.031185077556151679, -0.011617788443993552, 0.0343345732359603, 
-0.033915109738345293, 4.0270125114549423e-05, -0.035803161114228148, 
0.0020213911219953873, -0.00063684130265708415, -0.0094556125430955984, 
-0.010210572990036462, 0.0051897540843932706, 0.0060240430594196807, 
0.13970690665376623, -0.0057006347823196288, -0.0078461932592451145, 
-0.0074692260149665391, -0.010127713317768542, -0.00052260859069063771, 
0.00809562673805596, 0.011565945413099693, 0.01889968873519977, 
-0.0064424429778305254, -0.0019873787915871584, -0.031185077556151682, 
0.021714385823986902, -0.0036306615476539065, -0.059109201338921884, 
-0.016404124689100644, -0.024153113926937687, 0.018269423941618186, 
0.0085465949723552963, 0.013589547457094354, 0.00084324873005040544, 
-0.025804197550943458, 0.017224295418203615, 0.004060929080507601, 
-0.091860585058859787, 0.02954458992965776, 0.01453967559925232, 
0.014978376251369829, 0.0036477894648204116, -0.010143124496398311, 
-0.026104086400510346, -0.046199441746916328, -0.0014746243832862115, 
-0.0040215658973034004, 3.4378732852628675e-05, -0.011617788443993552, 
-0.0036306615476539065, 0.00029691949298568025, 0.025932338958645842, 
0.025446646822621904, -0.031968542638536622, 0.011164742691312965, 
0.0096543333986203132, 0.010524533439291325, -0.0063921678263739682, 
-0.0035323283500614962, -0.0099604962062398335, 0.0070081760337965329, 
-0.10234949260194062, -0.10168504204806204, -0.012408537043027629, 
-0.010672717160974834, -0.014124837414257362, 0.0090923145409884231, 
-0.025163093042524804, -0.0010524582068839308, 0.08105844947228949, 
-0.0081662530245827682, 0.020977053671921361, 0.0343345732359603, 
-0.059109201338921884, 0.025932338958645846, 0.15554405529389403, 
-0.017680705989587729, 0.10312774644820009, 0.0069011369337521489, 
-0.013540862612624997, 0.0044178692416483355, -0.013673561002417603, 
0.020237976037239199, 0.019781620936486714, -0.0057058934044772296, 
0.11045232309648792, -0.12414457784097349, -0.025056515466589175, 
0.021466986351472397, -0.011010608237353746, -0.017638283262140425, 
-0.093828689634346443, -0.090695509319665329, 0.032258019515300704, 
0.02311717549746483, 0.022439770753930492, -0.033915109738345287, 
-0.01640412468910064, 0.025446646822621908, -0.017680705989587729, 
-0.012203379763696868, -0.13910534977927405, 0.0090503217300086803, 
-0.0015355017404867744, -0.0022294529577950705, 0.020741996899946571, 
-0.024910129005790208, 0.005044684204032846, 0.0014578922408896014, 
0.1569972537327122, -0.13473809418076618, -0.01749806942663764, 
0.00035324084352966148, -0.012579866694280196, -0.030120332890905481, 
-0.072648155365643313, -0.051471785115807717, 0.014712104966514537, 
0.073000406584326993, -0.052591447802988002, 4.0270125114549423e-05, 
-0.024153113926937687, -0.031968542638536615, 0.10312774644820009, 
-0.13910534977927402, -0.050098983097734563, 0.014884722841971273, 
0.034634743058282881, 0.025517343426633487, 0.049282196142219077, 
-0.02692288577801194, -0.016066628895958914, -0.015778491654399561, 
-0.2688683923429791, 0.34267460022125396, -0.072137890894023823, 
0.011531357564654565, -0.015641401620072385, -0.01417606560196436, 
-0.042371019240644472, -0.042132910116844481, 0.013291841728832857, 
-0.019935015469976124, 0.031889847561813657, -0.035803161114228148, 
0.018269423941618186, 0.011164742691312964, 0.0069011369337521481, 
0.0090503217300086803, 0.014884722841971275, -0.010282161436499656, 
0.0014086891088501746, 0.014373304831495315, 0.0089863927957042223, 
0.0042759274283143524, 0.013397815630474269, 0.024002094437177927, 
0.014110790112470567, -0.1127978179278155, 0.03058213883443605, 
0.027785944015904229, -0.010376520917387491, -0.0075786461074546551, 
0.0017866077090645906, 0.017607975515965418, -0.012883896985843869, 
0.0083356699733447732, 0.0044039542526761923, 0.0020213911219953873, 
0.0085465949723552963, 0.0096543333986203149, -0.013540862612624995, 
-0.0015355017404867744, 0.034634743058282888, 0.0014086891088501746, 
0.0077385397252791735, 0.0034886236458551586, 0.0057206428854147265, 
-0.0089049773174102696, 0.0031553314109515887, 0.01182577403490037, 
-0.027729089528953255, 0.0043149268905300986, -0.011779776510137955, 
-0.002821940396671527, -0.0087413610651988233, 0.0076857895637818894, 
-0.034068578773333476, 0.014187668897173154, 0.00091978038592296799, 
0.010275469616977357, 4.470715426324207e-05, -0.00063684130265708415, 
0.013589547457094354, 0.010524533439291326, 0.0044178692416483355, 
-0.0022294529577950705, 0.025517343426633483, 0.014373304831495315, 
0.0034886236458551586, 0.0015115175222508862, 0.0012091106907154705, 
-0.0057116644975081189, 0.010050927130309499, 0.0053911117937322462, 
0.019217896872901211, 0.0034407422990165564, -0.0034644312593747227, 
0.0057919161472552152, -0.0070185517886112462, 0.010361197663423702, 
-0.005725509849635481, 0.036345584599882311, -0.0016621315203181868, 
0.0062763416153258358, -0.014045896911838385, -0.0094556125430955984, 
0.00084324873005040555, -0.0063921678263739673, -0.013673561002417603, 
