structure(c(-0.29419714122261764, -0.12722676434215141, 0.051981099430061795, 
-0.012853575325568689, -0.087960364344996975, -0.051518891108113897, 
0.058358243401260834, 0.026528519790486704, -0.020990216818601398, 
0.011202570350367173, 0.11266768347179527, -0.0047139193614546097, 
-0.013647708031106194, -0.029037322485273038, -0.028983124760856498, 
-0.015042223484412812, -0.020068107497458621, 0.078409563450243802, 
-0.065296056065910366, 0.13458544981123571, 0.00062126948583039689, 
0.015396580574272895, -0.022772499150225525, -0.021696773417373996, 
-0.12722676434215141, 0.025195504314391104, 0.049320280892063154, 
-0.020916992542473197, 0.012518525406271516, 0.030718344505137617, 
0.026703034679078433, 0.023146025531543876, 0.048970120553633312, 
-0.007864989292204333, 0.099212159031528246, -0.024608583269860252, 
-0.019082662920295736, -0.020813920225186435, -0.0053195934998788051, 
-0.0032474631760103772, 0.0053848450052308011, 0.020738288756719174, 
0.070792374666134528, -0.054571059934994434, -0.0099895547465265362, 
0.011408243147733086, -0.015024535249078302, -0.0064561276534855858, 
0.051981099430061795, 0.049320280892063154, 0.056150299013247307, 
-0.040300200420298568, -0.027605555273017054, 0.0019007730140301149, 
0.011885073173057118, -0.010955230769834512, 0.013337675544459389, 
-0.026717612386414052, 0.026812331455169123, 0.0053721644090337084, 
-0.02189972510481197, -0.0062023084027880522, 0.0013816040376359495, 
-0.0010765522983533415, -0.010895745180896102, 0.0035903615265877975, 
-0.084535382216842536, -0.14707768415918435, 0.024258033852158422, 
0.0066013602973511356, 0.0048595443444677767, -0.00086719265616581453, 
-0.012853575325568689, -0.020916992542473194, -0.040300200420298568, 
0.024095935466149111, 0.025027371481259851, -0.0047226976741079497, 
0.0039984604461020395, 0.027633076613828269, 0.015522483946219308, 
0.048985556854023914, -0.014997983781904589, -0.0040332817168638232, 
0.0056775823542716342, 0.0076972911684490396, -0.0010446314772372372, 
-0.0026705297901241888, 0.0029817549615428489, 0.0038964881124855097, 
0.19613153401360614, -0.089631537625763827, 0.00061306892952299301, 
-0.019457584628798211, 0.020382535450575511, 0.0071565327289591354, 
-0.087960364344996975, 0.012518525406271517, -0.027605555273017057, 
0.025027371481259851, -0.042249453716669022, -0.0082510894523847127, 
0.009260016180245953, -0.0095981557045416287, 0.02547637021410645, 
0.026015557156361651, -0.0029004891853125765, -0.0092952094640615848, 
0.0061549517275958157, 0.0046715723793327429, -0.005975901069535829, 
0.017177653803346019, 0.0051735826629525838, -0.0047608211935817497, 
0.066987837688184948, -0.059316158113219608, -0.042952400433035456, 
0.0090044052017454971, -0.0062415197950115957, 0.0088289841972172302, 
-0.051518891108113897, 0.030718344505137617, 0.0019007730140301149, 
-0.0047226976741079505, -0.0082510894523847144, 0.006331796756830925, 
0.0037666752529468004, 0.00035739964692649425, -0.0027436568998515393, 
0.0051579423745762906, 0.032886922546852659, -0.00010147609393382411, 
-0.001403500392912757, 0.003622951396374135, -0.0096064369062287148, 
-0.0061421531636405239, 0.010521991632876444, 0.0012610881213529219, 
0.12233865608231427, -0.052508729623885475, 0.0087496715441785656, 
-0.0054854945690040171, 0.00071664002368757506, 0.0062934499106393023, 
0.058358243401260827, 0.026703034679078433, 0.011885073173057118, 
0.0039984604461020404, 0.009260016180245953, 0.0037666752529468004, 
0.01902403903134748, 0.00088914522541471005, 0.0046480334001749038, 
0.028010035203266677, 0.0040818446587554029, 0.025474719865963082, 
0.007650261018870971, 0.0067309429653243328, 0.0051697794690018957, 
-0.0090471490531001397, -0.0027291263976885142, 0.0038744654133590862, 
0.045855191351656006, -0.072349466127196976, -0.011659586666243666, 
0.0025204340003484559, 0.0054153058938964079, -0.0046418615527402483, 
0.026528519790486704, 0.023146025531543872, -0.010955230769834514, 
0.027633076613828269, -0.0095981557045416287, 0.00035739964692649425, 
0.00088914522541471005, 0.008388466091400695, -0.033375253957360379, 
0.013523895750055342, -0.001768276722097761, 0.017330851243999235, 
0.007088484494369442, 0.011038244249528473, 0.0002295432838293173, 
0.0012737644565717758, -0.0048917130715655753, 0.0058264841209030522, 
-0.069040430973495714, -0.10482138201745649, 0.0025425696839971568, 
-0.0041070229734612709, -0.0082163469121517788, 0.012972259003262182, 
-0.020990216818601394, 0.048970120553633312, 0.013337675544459389, 
0.015522483946219308, 0.025476370214106446, -0.0027436568998515393, 
0.0046480334001749038, -0.033375253957360379, 0.060237849771178666, 
-0.014654888936840835, 0.094660576448275593, 0.0095739662353236561, 
-0.0092756026705479513, 0.0029337870922257724, 0.0044980310949763276, 
-0.018588419918905679, 0.014949582177825771, 0.0014293894744344142, 
0.012650564451351992, -0.13653617869601306, -0.000313251251095403, 
-0.00058252999097460807, 0.0036738492232706861, 0.010278455994501424, 
0.011202570350367171, -0.007864989292204333, -0.026717612386414055, 
0.048985556854023914, 0.026015557156361651, 0.0051579423745762906, 
0.028010035203266673, 0.013523895750055342, -0.014654888936840835, 
-0.045627540636357038, -0.031709020957832998, -0.0037656750205945734, 
0.013103393150301443, 0.011933056799528824, 0.011378730313037261, 
0.0085147920012511018, 0.011043637949191701, 0.014625864278325079, 
0.034682445134297218, -0.18458419115058539, -0.016146234036178202, 
0.0084630523344156137, 0.014867410152659423, 0.0011650324783073786, 
0.11266768347179529, 0.09921215903152826, 0.026812331455169126, 
-0.014997983781904589, -0.0029004891853125765, 0.032886922546852659, 
0.0040818446587554038, -0.001768276722097761, 0.094660576448275593, 
-0.031709020957832998, -0.049485523368537815, -0.00029298869977265719, 
0.016281961044598843, 0.015470912835241072, 0.011876119270635116, 
-0.0096446191640556372, 0.016360284600117115, -0.016604391475574236, 
-0.13555811671390966, 0.1273985627318043, -0.016942888518195035, 
0.0047858840612953063, -0.004339596609842033, 0.023568277367619614, 
-0.0047139193614546097, -0.024608583269860252, 0.0053721644090337084, 
-0.0040332817168638232, -0.0092952094640615848, -0.0001014760939338241, 
0.025474719865963082, 0.017330851243999235, 0.0095739662353236561, 
-0.0037656750205945729, -0.00029298869977265713, 0.0055147525102228652, 
0.0047820563367773784, 0.016303929110162964, -0.0072226359441772362, 
0.0084393333035902383, 0.012864807707528974, 0.022246025599434244, 
0.051802331536559693, -0.094820271331018863, -0.0014186121043663459, 
0.025077247314323866, -0.0072302865378705092, 0.019256725171131767, 
-0.013647708031106194, -0.019082662920295736, -0.021899725104811973, 
0.0056775823542716342, 0.0061549517275958157, -0.001403500392912757, 
0.0076502610188709692, 0.007088484494369442, -0.0092756026705479513, 
0.013103393150301441, 0.016281961044598843, 0.0047820563367773784, 
0.023985192707221551, 0.014315569233442049, -0.0075810729175438468, 
0.0071028163228146991, -0.0023091717520277518, 0.004857750203046499, 
0.068235551686216561, -0.014893181752168057, 0.0016532082379936339, 
0.0067214353895360722, -0.0042574866952489578, 0.0042400253229002557, 
-0.029037322485273034, -0.020813920225186432, -0.006202308402788053, 
0.0076972911684490388, 0.0046715723793327429, 0.0036229513963741346, 
0.0067309429653243328, 0.011038244249528473, 0.0029337870922257728, 
0.011933056799528826, 0.015470912835241072, 0.016303929110162964, 
0.014315569233442047, 0.0067939777037661917, -0.0063637977768188593, 
-0.00084010642853688032, 0.0049624595007204805, 0.0029289759906336835, 
0.054070817723246296, -0.029214826658658904, 0.0076149982225641767, 
0.0028678853199121043, -0.0082200881494330427, 0.0077638582028119827, 
-0.028983124760856498, -0.0053195934998788051, 0.0013816040376359497, 
-0.0010446314772372372, -0.005975901069535829, -0.0096064369062287148, 
0.0051697794690018957, 0.00022954328382931733, 0.0044980310949763284, 
