structure(c(-0.18222039066434997, -0.37584843796981432, -0.073897099688225096, 
0.081759799046922557, 0.030227238509963884, 0.086810649958516645, 
-0.020978987205225671, 0.026924189719620715, -0.1711509184670795, 
-0.26619069536860313, -0.31135643977056204, -0.013434501814345995, 
-0.00098109504609814979, 0.038786130065927626, 0.042303617360382191, 
0.030960513574977838, 0.0058395380523901981, -0.082291271297436991, 
-0.18218461098858438, -0.35325571844368425, -0.025005349295388377, 
-0.014330341985712916, -0.025645539948535769, 0.03546131095919252, 
-0.37584843796981432, -0.27873314249708953, -0.059828668705329116, 
0.1703053790695144, -0.083694167515150825, 0.033891180773629737, 
-0.0050903113831343317, -0.035393575770108328, -0.25600807772757384, 
-0.054448561606672302, -0.42972496778113861, 0.051236494828620562, 
0.011569269527964422, 0.026848283015726469, 0.027909719066801286, 
-0.04708455218759218, -0.020269646084353297, 0.060099159169160143, 
-0.36506601031585001, -0.10688341624814733, 0.0020650717741421414, 
-0.023906314142293408, -0.0095510685376837996, 0.022896936158972932, 
-0.073897099688225096, -0.059828668705329123, -0.064169743662403425, 
0.072861043964254246, 0.034075590047287586, 0.010300010094479884, 
0.002687030869479262, -0.025580160423119089, 0.033935212062495883, 
-0.017637954944662811, -0.025894111847928149, 0.020629886311699316, 
0.019180245680750302, -0.0078840798417053586, -0.017119784230286067, 
-0.035034134791366141, 0.01725155985459793, -0.02464081254520924, 
0.04183331753860025, 0.22267414380822809, -0.065178350324600481, 
0.0086216761529000069, -0.0033673932989405192, -0.010594765349701435, 
0.081759799046922543, 0.1703053790695144, 0.072861043964254232, 
-0.019353206060393056, -0.045007268188875217, 0.0067957894184493273, 
0.019830907691726907, -0.021452444030238889, 0.082738042239683909, 
-0.015561412244152945, 0.1555532055299933, -0.011912672333821994, 
-0.0080898134801911624, 0.020127432050541762, -0.0070548170169831012, 
0.051453989685336349, -0.0015391354959414186, 0.03055354268925475, 
-0.30183280460027079, 0.20485029128726159, 0.013527038856130378, 
0.018642513824013784, -0.045876619515426459, 0.002041572282901792, 
0.03022723850996388, -0.083694167515150811, 0.034075590047287586, 
-0.04500726818887521, 0.03032396477012135, 0.021388713950350718, 
-0.013374117225520241, 0.021226898607187555, -0.12515383130171154, 
-0.0604552157572288, -0.16346726833472072, 0.011086828527787787, 
-0.0024623711447613085, -0.010062030546057732, 0.0084793532600335678, 
-0.061387692320217617, -0.010857130674327319, 0.029104704206823696, 
0.091198033084213467, -0.2452431480144821, 0.047505163557667304, 
-0.013789432909288985, -0.0039151591326115195, -0.00452559238901366, 
0.086810649958516645, 0.033891180773629737, 0.010300010094479882, 
0.0067957894184493273, 0.021388713950350718, -0.013297265638042144, 
-0.0078151456557422009, -0.0076391947202710383, 0.089796463022611045, 
-0.038057881510704286, -0.0078113284886194454, -0.029296980438014111, 
-0.0087230690803330509, -0.0025321564633257504, 0.008275740627154771, 
0.0035646647334876967, 0.011400918686078341, -0.0030154334985827758, 
-0.035696489111055385, 0.072672892778636089, -0.022809178994542208, 
0.026674519883462637, -0.002060218251771479, -0.0078555720465104274, 
-0.020978987205225674, -0.0050903113831343317, 0.002687030869479262, 
0.019830907691726907, -0.013374117225520239, -0.0078151456557422009, 
-0.039427705816218843, 0.017994231520596534, 0.0182382396024806, 
0.026923062758860767, -0.016459894595309374, -0.037147213213055447, 
0.0016347541982834584, 0.0087100055571942715, 0.004920094901364868, 
-0.0063027097410561514, 0.023649386430698995, 0.0016651579182531797, 
-0.22837753233904562, 0.12445250841204729, 0.041847509259371966, 
0.027946629278048307, 0.020501995124378513, 0.033794615039371194, 
0.026924189719620715, -0.035393575770108328, -0.025580160423119089, 
-0.021452444030238889, 0.021226898607187558, -0.0076391947202710383, 
0.017994231520596534, -0.011590290647763013, 0.076984318851616634, 
0.03426619262154508, 0.049309934764168215, -0.035551939164902659, 
-0.0021485778294855779, 0.0075785293481380389, 0.0022788608145730793, 
0.0047752484727819761, -0.0061603178701644182, 0.010377430692434726, 
0.35553275024941366, 0.10498628880768263, 0.0069717326690627787, 
0.017839688280970732, 0.048589147525658995, 0.013870977193559723, 
-0.1711509184670795, -0.25600807772757384, 0.033935212062495883, 
0.082738042239683923, -0.12515383130171151, 0.089796463022611031, 
0.0182382396024806, 0.076984318851616634, -0.42951186027372024, 
-0.11143987735080378, -0.64958544847937294, 0.050463177598167035, 
0.043150295715270334, 0.038834534802358274, 0.026871322495466785, 
0.047124686245936548, 0.018321431138790402, -0.033529152052182903, 
0.2039355889234396, -0.15693629921310528, 0.054820467380333866, 
0.029925495408751956, 0.044532614532805048, 0.015746084089607336, 
-0.26619069536860313, -0.054448561606672309, -0.017637954944662811, 
-0.015561412244152943, -0.0604552157572288, -0.038057881510704286, 
0.026923062758860767, 0.03426619262154508, -0.11143987735080377, 
0.061730508070595942, -0.23270699543674672, 0.051593030232396718, 
-0.0025558702720806913, -0.012796173829376738, -0.030968989810447396, 
0.040015709639076663, 0.015478058398929238, -0.013636561753456735, 
0.051738804761564214, 0.19890553030931435, 0.03787410333806282, 
0.017200982733738747, 0.015306249915204389, 0.032013541175795204, 
-0.31135643977056204, -0.42972496778113861, -0.025894111847928149, 
0.1555532055299933, -0.16346726833472072, -0.0078113284886194446, 
-0.016459894595309374, 0.049309934764168221, -0.64958544847937283, 
-0.23270699543674672, -0.65241911234409566, 0.009602422491634708, 
0.014112591130377786, 0.0085938050710837148, -0.033019760597507386, 
-0.0080034533093529189, 0.035322403178229676, -0.027779787277297917, 
0.31856671080172522, -0.2139277051639, 0.023926982668511353, 
0.019792892367606618, 0.07594264146177844, -0.027467354508667843, 
-0.013434501814345995, 0.051236494828620555, 0.020629886311699312, 
-0.011912672333821994, 0.011086828527787787, -0.029296980438014115, 
-0.03714721321305544, -0.035551939164902652, 0.050463177598167035, 
0.051593030232396718, 0.0096024224916347097, -0.068371873015205323, 
0.015519681000316268, 0.010354408067286991, 0.019950319658639519, 
0.01280375907902799, 0.012863797834440548, -0.020667847067882404, 
0.34692771375425735, 0.25559657168550415, -0.0034135664877762255, 
0.0091649064010282943, 0.025563693279493881, 0.020698074251973737, 
-0.00098109504609814979, 0.011569269527964424, 0.019180245680750302, 
-0.0080898134801911624, -0.0024623711447613085, -0.0087230690803330527, 
0.0016347541982834584, -0.0021485778294855775, 0.043150295715270334, 
-0.0025558702720806913, 0.014112591130377786, 0.01551968100031627, 
0.0072364079755081233, 0.020954350456859172, 0.023186500297425933, 
0.0056578510300783046, 0.032137361559640573, 0.013240618125060548, 
-0.095352269808294809, 0.046480805376294621, 0.019432059145134982, 
0.02480934916157404, 0.023747363187302389, 0.008622392147466575, 
0.03878613006592762, 0.026848283015726473, -0.0078840798417053586, 
0.020127432050541762, -0.01006203054605773, -0.0025321564633257504, 
0.0087100055571942715, 0.0075785293481380389, 0.038834534802358267, 
-0.01279617382937674, 0.0085938050710837131, 0.010354408067286991, 
0.020954350456859172, 0.037115611993808743, 0.02117285202027137, 
0.019439325218850556, 0.022543067302034585, 0.014475612558336178, 
-0.067447534382965219, 0.040010929150764804, 0.012315797313483739, 
0.029490304626329913, 0.033928915372486594, 0.0060680637294278743, 
0.042303617360382191, 0.027909719066801286, -0.017119784230286067, 
-0.0070548170169831012, 0.0084793532600335678, 0.008275740627154771, 
0.004920094901364868, 0.0022788608145730797, 0.026871322495466789, 
-0.030968989810447399, -0.033019760597507386, 0.019950319658639519, 
0.023186500297425933, 0.02117285202027137, 0.021540748185171064, 
