structure(c(-0.66443810860779695, -0.47335535063284351, 0.20249148348408294, 
0.068023667746449273, 0.0037771162144476932, 0.15319398245195748, 
0.02822108880046478, 0.13301923861020948, -0.44230971021120158, 
-0.27054107483978951, -0.45649413676083511, -0.042944214830297221, 
-0.056249821665769917, 0.035417936848511355, -0.014219877549974223, 
0.0060114800712035661, -0.070972241147281234, -0.055265072497584423, 
-0.16687136145729928, -0.15683252183973445, -0.045349106093182212, 
-0.017211869949141992, -0.11628249433413256, 0.05055486104026307, 
-0.47335535063284356, -0.23749305744363233, 0.08818805790566378, 
0.083275190862977966, 0.036101634683711227, 0.078374028179544961, 
-0.014836201441058712, -0.0012839193356204369, -0.39735761388263008, 
-0.1729715982617625, -0.5016891966420316, 0.028891861700472723, 
-0.039301753298226577, -0.0015708456322843683, -0.012201163114468018, 
-0.0049310715522499441, -0.054222708331847357, 0.049239955127148835, 
-0.89104865670172817, 0.34864296647304976, 0.039838394698112588, 
-0.051485904027129943, -0.050768802698933774, 0.011333955558586692, 
0.20249148348408294, 0.088188057905663794, 0.042157453008087487, 
0.019629645515234675, 0.042198188937978866, 0.0119090021311872, 
-0.018946244243614421, -0.066981008493255445, -0.045162275934989893, 
-0.040717843758412392, -0.00019826312985513506, 0.0095257117614548636, 
0.022492097264467392, -0.0010985934111662084, -0.018090227268401288, 
0.010484672075350608, 0.02116649654309959, -0.021300699260340353, 
-0.22540869394558602, 0.24950850232252916, -0.01961944847873336, 
0.0020596074283371723, -0.022638533170908672, -0.019167270915791457, 
0.068023667746449273, 0.083275190862977966, 0.019629645515234672, 
-0.022905274760158356, -0.023853619273669965, -0.0341884025301381, 
0.0058915766037660154, -0.016611435849719507, 0.07698471713861843, 
0.027046068515880293, 0.056070457033702545, 0.0053685960776439058, 
-0.0017889710385605227, -0.00028942363121095527, -0.0020137337560728976, 
0.0089440709401134265, -0.021881825763038435, 0.033912551497067858, 
0.14453246993038563, 0.091482073236725886, -0.017251284960879066, 
0.026327489488540422, -0.022897389631634322, -0.017539358139317045, 
0.0037771162144476932, 0.03610163468371122, 0.042198188937978866, 
-0.023853619273669965, 0.088710476216856043, -0.021834753337759687, 
-0.002416594981188392, -0.0033173298186810847, -0.30762739826222868, 
-0.11187106187783444, -0.18815353161907203, -0.034584438365651768, 
0.0065117195983652992, 0.0021426952220851736, 0.037374772833225503, 
0.01375173873777728, 0.0225593083329306, -0.031046398313848943, 
-0.34991809664201351, -0.057390736763545815, 0.012051840677601726, 
0.0091292304424095798, 0.0013241124568656062, 0.029832819017823149, 
0.15319398245195751, 0.078374028179544961, 0.0119090021311872, 
-0.0341884025301381, -0.021834753337759687, 0.035160485835874868, 
0.031934370291569356, -0.011076055924238833, 0.076759976687427872, 
0.10715880895890335, 0.1649989008729168, 0.038537898523172409, 
-0.014353194981990889, -0.0086312331473416271, -0.023545016513266872, 
-0.002341600117539107, 0.010182160565192142, 0.011330666402456451, 
-0.2070267168982535, -0.069989070880837362, 0.010447107760434357, 
0.0049670559646148816, 0.003509107977225328, -0.0098152331989595099, 
0.028221088800464776, -0.014836201441058712, -0.018946244243614421, 
0.0058915766037660154, -0.002416594981188392, 0.031934370291569363, 
-0.014453006330904652, -0.0078944952742951626, 0.057530776222129466, 
0.057620249118566599, 0.031385668245225214, -0.040923841152285707, 
-0.0018500902044847496, -0.0075082043614129058, 0.0098567708783064197, 
-0.012441593545155965, -0.0081708011073464096, -0.013206763557371404, 
0.088229022571780377, 0.0096619679989704051, -0.019254650113395881, 
-0.012546820622259343, 0.011094136050002847, 0.03645144452320264, 
0.13301923861020948, -0.0012839193356204369, -0.066981008493255445, 
-0.016611435849719507, -0.0033173298186810842, -0.011076055924238833, 
-0.0078944952742951626, 0.04454860732799356, 0.014582551811502429, 
0.035190448246804257, 0.039785082486312844, -0.031229947709474758, 
-0.0046910455189312006, -0.0034864024186709798, 0.019031145122557651, 
0.0056425950103799966, 0.022981073468739309, -0.01352784242887785, 
0.0089257744692660609, -0.026018165559064891, -0.0081354084450889329, 
0.026097062128600888, 0.022194232463240985, -0.0068642256655788905, 
-0.44230971021120158, -0.39735761388263008, -0.045162275934989893, 
0.07698471713861843, -0.30762739826222868, 0.076759976687427872, 
0.057530776222129459, 0.014582551811502429, -0.79041255622170037, 
-0.32259391925831815, -0.89528379621384224, -0.077735662539382661, 
0.030882278251029238, 0.032711753014485527, 0.031486775654825952, 
0.010024086378453673, -0.018736849745013821, -0.0024023364440094422, 
-0.078746873597674585, -0.27048214122906689, 0.056453174554216431, 
-0.022683545756785998, 0.029683036116546387, 0.0058941933791590408, 
-0.27054107483978945, -0.1729715982617625, -0.040717843758412392, 
0.027046068515880289, -0.11187106187783444, 0.10715880895890337, 
0.057620249118566606, 0.035190448246804257, -0.32259391925831821, 
-0.015986028941291253, -0.290338182339201, 0.012486722854886941, 
-0.0051861802509000146, -0.0099916278589331047, -0.040320353362082874, 
0.02190450791472066, -0.011239680000926271, -0.0055803431034693778, 
-0.30456232956793666, -0.04027630180427922, 0.036528768623662555, 
-0.020603099616538591, 0.059636826197318714, 0.064820013017836645, 
-0.45649413676083511, -0.5016891966420316, -0.00019826312985513506, 
0.056070457033702545, -0.18815353161907203, 0.16499890087291677, 
0.031385668245225214, 0.039785082486312844, -0.89528379621384213, 
-0.29033818233920106, -0.82838924143017933, 0.0051035138115741053, 
0.00096695525238543777, 0.039962654564505373, -0.060901018796780129, 
0.03838857671019049, 0.099938609488797528, -0.039482372732887974, 
-0.16731579456555376, -0.30450514699815501, 0.13536364013655142, 
0.019142044498110897, 0.11371678998362109, 0.032565305954747936, 
-0.042944214830297221, 0.028891861700472726, 0.0095257117614548654, 
0.0053685960776439067, -0.034584438365651761, 0.038537898523172409, 
-0.040923841152285707, -0.031229947709474761, -0.077735662539382647, 
0.012486722854886941, 0.0051035138115741062, -0.038085837357710324, 
0.0046703494830187195, 0.0058051640068405219, -0.0030379165957603832, 
0.026902050875903662, 0.033544286909218651, -0.011421023830957729, 
0.23909427529175103, 0.26384100686189144, -0.012339294716712898, 
-0.0010763274763367235, 0.035593709454026644, 0.019724449733650722, 
-0.056249821665769917, -0.03930175329822657, 0.022492097264467395, 
-0.0017889710385605227, 0.0065117195983652992, -0.014353194981990889, 
-0.0018500902044847496, -0.0046910455189312006, 0.030882278251029238, 
-0.0051861802509000137, 0.00096695525238543777, 0.0046703494830187195, 
0.03073848526487509, 0.038057607962337474, -0.0046491639464478424, 
0.018744955873693146, 0.0068643397042213675, 0.0084354317286900737, 
0.11185641167354365, -0.0032166908864493353, 0.03215055169816939, 
0.031901251662402832, 0.017810580877242153, 0.011392634502673585, 
0.035417936848511355, -0.0015708456322843681, -0.0010985934111662086, 
-0.00028942363121095533, 0.0021426952220851732, -0.0086312331473416271, 
-0.0075082043614129049, -0.0034864024186709803, 0.032711753014485527, 
-0.0099916278589331047, 0.03996265456450538, 0.0058051640068405219, 
0.038057607962337474, 0.043931006491727292, 0.0054338630380431456, 
0.019353094388401392, -0.0092826892822985754, 0.01071602996110854, 
-0.055063484473402806, 0.011619425235736322, 0.015624960979731022, 
0.018404714025993994, 0.011431750634614607, 0.0026266196979884242, 
-0.014219877549974223, -0.012201163114468019, -0.018090227268401288, 
-0.0020137337560728976, 0.03737477283322551, -0.023545016513266868, 
0.0098567708783064197, 0.019031145122557654, 0.031486775654825952, 
-0.040320353362082867, -0.060901018796780129, -0.0030379165957603832, 
