structure(c(-1.0556224391241731, -0.69613109122939898, 0.085915175739696939, 
0.1245148171790616, -0.064484082531136327, 0.055981739456699771, 
-0.0075788102553919837, 0.15354964931500908, -0.52742308372830016, 
-0.45617526270652409, -0.76339511666310367, -0.066225423899674549, 
0.0019335531956708493, 0.060628706811398397, 0.0069093437752105946, 
0.022953626146692396, -0.045814362383571373, -0.078988709842151422, 
-0.1596599586225832, 0.16020709329477531, 0.081708995208032084, 
-0.01950791966997337, -0.098695958770649281, 0.033119366839815478, 
-0.69613109122939887, -0.34171207345161203, -0.043918858769357, 
0.083455351239012224, -0.057444503221744742, 0.041591264920765869, 
0.013367930917628, -0.062602684442966045, -0.45135426440563692, 
-0.37408797714856395, -0.74205937212404549, 0.037134967948789281, 
-0.032593708066230152, -0.022501701749037133, 0.02798566955810743, 
-0.027333681287580965, -0.092545587437840637, 0.040843620487126982, 
-0.37277634719393254, 0.20901723468901354, 0.059675319253296048, 
-0.03151628665444093, -0.089867829418569647, -0.0083213954714651157, 
0.085915175739696939, -0.043918858769357, 0.083174673717733988, 
-0.00046632774496888042, 0.038140033219260058, -0.013673508239011648, 
-0.00087947807776588092, -0.10194626644612965, -0.01514276011443515, 
-0.015006484005096242, -0.013443355192624613, 0.035953453870934439, 
0.028275922082671399, -0.016430480558313931, -0.045141854420866101, 
0.0058971849667481865, 0.019846786545354336, -0.054464361710610795, 
-0.12085595684396025, 0.2292591429751823, 0.0070803888034471621, 
-0.0020735262083455205, -0.0045149851024751534, -0.010718270302629508, 
0.1245148171790616, 0.083455351239012238, -0.00046632774496888036, 
-0.031146808726082286, -0.042434334949296083, 0.013520959850552483, 
-0.012319966705360943, -0.021378313928200592, 0.02659495115748875, 
0.03869242571665725, 0.12738850406616334, -0.016328167022539621, 
-0.021360610939906224, 0.00020314696054322292, 0.0095758551125370607, 
0.014687687205975655, -0.027580837355027459, 0.036398250465311324, 
0.035338789819918295, -0.18918867231564254, -0.030999015752536722, 
0.036313411551524441, 0.011954811792295376, -0.026070613840097942, 
-0.064484082531136327, -0.057444503221744735, 0.038140033219260051, 
-0.04243433494929609, 0.076537985997383068, -0.056631456016326444, 
0.012386103528470751, 0.0050090753144636261, -0.22352270653817863, 
-0.075294116240123082, -0.17372085079803173, -0.027837244308336315, 
0.04117358107325101, 0.020373806189414773, 0.023362144641284131, 
-0.0028856467586113677, 0.041947203264070497, -0.017737651483892662, 
-0.47416896388460539, -0.11161809124698793, 0.033940367317219097, 
-0.01048922151821793, 0.020693061702694537, 0.030328267182619079, 
0.055981739456699778, 0.041591264920765869, -0.013673508239011648, 
0.013520959850552483, -0.056631456016326451, 0.055904549057542857, 
0.016327607461225344, 0.007925702096222953, 0.050080023862803649, 
0.040336506103687261, 0.1255910560378963, 0.015884354758221829, 
-0.026197180220543525, -0.010698745537349938, -0.019224886272964082, 
0.018795055087169891, 0.0088689622014134981, 0.0029102419911214397, 
-0.15482926688222623, -0.095850970161115462, 0.01744907503689655, 
-0.0072177574194651718, 0.016202727837050099, -0.0097875069886423343, 
-0.0075788102553919837, 0.013367930917628, -0.00087947807776588103, 
-0.012319966705360943, 0.012386103528470749, 0.01632760746122534, 
0.032133884000239456, -0.0025914792679268793, 0.069937479002526615, 
0.021823081379907631, 0.070448388178526541, -0.02870866417449932, 
0.0031352249294141123, 0.013092062878272599, -0.0058093992555369733, 
-0.016742129994855918, -0.012898501703540434, -0.00979962350977019, 
-0.089701809259978088, -0.080085214452617862, -0.0033953171850079717, 
0.005471383901213287, -0.0025870695775349873, 0.021494819889338525, 
0.15354964931500908, -0.062602684442966031, -0.10194626644612965, 
-0.021378313928200592, 0.005009075314463627, 0.007925702096222953, 
-0.0025914792679268793, 0.061746755875393765, 0.036323445354949413, 
0.046608216134689219, 0.027980336577946796, -0.0096106154943466707, 
0.012100882480649999, 0.012790338816574869, 0.0041860825003397035, 
0.020702779574286952, 0.03569345173123379, -0.0066194684675840868, 
-0.091301613761215525, -0.01191031146507187, -0.036050232976287802, 
-0.0042533223037716696, 0.022465302803650927, -0.011125958077389605, 
-0.52742308372830016, -0.45135426440563692, -0.01514276011443515, 
0.02659495115748875, -0.2235227065381786, 0.050080023862803649, 
0.069937479002526601, 0.03632344535494942, -0.78527392301590049, 
-0.40871063273865371, -0.7485100413487048, -0.090696602904848628, 
0.064746457352645212, 0.053525026424632069, 0.021717139335077452, 
0.016164596553097772, 0.0059792980707797667, -0.039282125852404447, 
0.61286027677066068, 0.1874859941649068, 0.035130533269858898, 
-0.041556484051964659, 0.032346394085947437, -0.039720703992966309, 
-0.45617526270652414, -0.37408797714856401, -0.01500648400509624, 
0.03869242571665725, -0.075294116240123082, 0.040336506103687261, 
0.021823081379907631, 0.046608216134689219, -0.40871063273865371, 
-0.12705475143239145, -0.49903493089425854, 0.0024860597352475452, 
-0.0013667640025014365, 5.371048974298879e-05, 0.031303302632815819, 
-0.026479419842943136, -0.028877706248263694, -0.038774625818322972, 
-0.22874749105922174, 0.10333905931214293, -0.0088633792773992644, 
-0.038429603112733975, 0.05810863514736915, 0.030599356083555632, 
-0.76339511666310367, -0.74205937212404549, -0.013443355192624611, 
0.12738850406616337, -0.17372085079803173, 0.1255910560378963, 
0.070448388178526555, 0.027980336577946796, -0.7485100413487048, 
-0.49903493089425849, -0.85864284043042005, -0.0063085819317267892, 
0.048811538781000044, 0.076716097600421862, -0.0082974373515281395, 
0.03599024965587317, 0.079743491984053019, -0.024647182047750342, 
-0.39955419935182762, 0.2298864172816282, 0.1505833762212655, 
-0.016845653866659697, 0.18377450582326371, -0.016539266747732817, 
-0.066225423899674549, 0.037134967948789288, 0.035953453870934446, 
-0.016328167022539624, -0.027837244308336315, 0.015884354758221832, 
-0.02870866417449932, -0.0096106154943466724, -0.090696602904848628, 
0.0024860597352475452, -0.0063085819317267901, 0.024621698877548604, 
-0.0059669641040279511, 0.0026317606972902211, -0.0019875000189759438, 
0.018901260640299983, 0.042103549771599906, -0.0096218054387183349, 
0.48054843963084903, 0.12556412311034021, 0.041194788485350957, 
-0.0036276385581857171, 0.060607501850261133, -0.014934300889790635, 
0.0019335531956708493, -0.032593708066230152, 0.028275922082671396, 
-0.021360610939906224, 0.04117358107325101, -0.026197180220543525, 
0.0031352249294141128, 0.012100882480650001, 0.064746457352645212, 
-0.0013667640025014367, 0.048811538781000044, -0.0059669641040279511, 
0.033434478646773687, 0.039090961609466929, -0.0026791946549899947, 
0.0044747990424409681, -0.019430412963658647, 0.0049847995363271665, 
-0.063946321764542235, -0.021834804853750719, 0.019447220540478084, 
0.011858349810997249, 0.0051426670633572293, 0.003290399421575968, 
0.060628706811398397, -0.02250170174903713, -0.016430480558313931, 
0.00020314696054322295, 0.020373806189414773, -0.010698745537349936, 
0.013092062878272599, 0.012790338816574869, 0.053525026424632069, 
5.3710489742988797e-05, 0.076716097600421862, 0.0026317606972902216, 
0.039090961609466922, 0.037010390883247729, 0.010607122078550168, 
0.0034503109707262631, -0.02696437645984252, 0.001586036739636733, 
-0.1304011131571011, -0.023503783447319716, 0.0059917722045631791, 
0.0099870678813920952, -0.0058765655606469258, 0.0045040213634918906, 
0.0069093437752105937, 0.02798566955810743, -0.045141854420866101, 
0.0095758551125370607, 0.023362144641284131, -0.019224886272964082, 
-0.0058093992555369733, 0.0041860825003397027, 0.021717139335077452, 
0.031303302632815819, -0.0082974373515281395, -0.0019875000189759438, 
-0.0026791946549899947, 0.01060712207855017, 0.028115421770183953, 
