structure(c(-0.022204781375793736, -0.017862546316339257, -4.544356985359328e-05, 
0.0071837319103837151, -0.0055947029183622005, 0.0046248882525947339, 
2.1310381556720472e-05, 0.0020969187261366492, -0.019491145718114018, 
-0.0091708870916772187, -0.022452133875549656, -0.0011307900595093996, 
-5.2236745887359377e-05, 0.00032920540537670177, 0.00052000870412474557, 
-8.2684449391457095e-05, 0.00042965724659853815, -0.00020390952443200352, 
-0.0081225878181603282, -0.0029732169791626666, 0.0004306735348168583, 
0.001360762546611076, 0.00084512319905318824, 0.0007715590147235633, 
-0.017862546316339257, -0.01006498571341396, -0.00052160394846680308, 
0.0041749454851471787, -0.004518286614206171, 0.0034250624734398121, 
-5.1124742186726696e-06, 0.00010902837641052273, -0.013592243643786342, 
-0.0080144681126312779, -0.014010763259332875, -0.00041424065305736509, 
0.00026960351191960711, 0.00064721735975541476, -0.00023200289542862164, 
0.00071043500347241727, -0.0003320446358060257, 0.0010550051939442881, 
-0.0078732329344871933, 0.0019124227278443625, 0.00066491957771260457, 
0.00027969800996426009, 0.00050601452072746164, 0.00025237641473672235, 
-4.5443569853593273e-05, -0.00052160394846680297, 0.0015961961951214076, 
-0.00017161293563831883, 0.00079739929022326487, -0.0003556429123586637, 
0.00016870814549134735, -0.000415731080976435, -0.00070884284765465198, 
-0.00024467484394476884, 0.00053956642603077425, 0.00031828189555730118, 
0.00014494553648224462, -0.00013485947375042006, 0.00010147636036733312, 
-0.00035716315984451558, 0.00012242520080301666, -3.6006762558399015e-05, 
-0.00050705054971436798, 0.00039229557670000939, -3.1469555449822929e-06, 
-3.3874883848984792e-05, 7.4512959424617885e-05, -7.4204745872603911e-05, 
0.0071837319103837142, 0.0041749454851471787, -0.00017161293563831883, 
-0.0011498745309289871, 0.0016266617030631597, -0.000825066469718529, 
-0.00042382733860585797, 0.00016877141185371529, 0.0049936139343237955, 
0.0025275588999364765, 0.0064433455746972504, -6.7030385619244409e-05, 
1.7177186700847441e-05, 0.00019710718087196527, 7.8110698157380306e-05, 
0.0005038127664298487, 0.00042431734342479469, -5.3589581951767698e-06, 
0.00049994397483322942, -0.00042716977757360363, -4.9574429537797095e-06, 
1.8092765854557234e-05, 6.7147931499001346e-05, 0.0002565878411788847, 
-0.0055947029183622014, -0.004518286614206171, 0.00079739929022326476, 
0.0016266617030631599, 0.00037305258146745016, 0.00045932823796804431, 
0.00040273201832815355, -0.00044933778194616039, -0.0071536558452828273, 
-0.0024054521903083491, -0.0059403351114139073, -0.00055733369269124033, 
0.0002439138218065199, 0.00026191377627473298, 0.00063036024193335253, 
0.00039056641597861534, 0.00056233978109470099, -0.00013482672563493183, 
0.00065894623245819754, -0.0011524228964440962, 0.0004283025677280656, 
0.00013431683318928728, 0.00069159189099618241, 0.001055302362223185, 
0.0046248882525947339, 0.0034250624734398121, -0.0003556429123586637, 
-0.00082506646971852911, 0.00045932823796804431, -5.1717304174818857e-05, 
-0.00031832009741605778, -5.6634427930957949e-05, 0.0035584271058103252, 
0.00069972264071091808, 0.0048529095537538534, 0.00025957114533479867, 
0.00015407079261235769, 0.00012330273865637174, -0.00046411372586344638, 
-2.3329456928564158e-05, 0.00029913914721239274, 2.8139447039824181e-05, 
-0.00075940050622380064, 0.001494128586238353, 0.00027562548114058472, 
0.00010434364982904782, 0.00010355955967282256, 4.1579748795838414e-05, 
2.1310381556720472e-05, -5.1124742186726704e-06, 0.00016870814549134735, 
-0.00042382733860585792, 0.00040273201832815355, -0.00031832009741605783, 
0.00044963744308023577, 3.827465302540863e-05, -5.9834290689586683e-05, 
-1.2716283879673315e-05, -5.7428968483403005e-05, -0.00044734696779223659, 
0.00012337969319404135, -1.2216665719905859e-05, 0.00032569801102551993, 
-0.00016741168884619863, 1.7956258362168521e-05, 4.1786759842614843e-05, 
0.0021697081939599525, -0.00044444810038887621, 0.00029754277237459921, 
-0.00010622851342341499, 0.00031294944685579594, 0.0001921855452231367, 
0.0020969187261366492, 0.00010902837641052272, -0.000415731080976435, 
0.00016877141185371529, -0.00044933778194616045, -5.6634427930957949e-05, 
3.8274653025408623e-05, 0.00046448232047801154, 0.00076604021100106705, 
0.0013513840365501799, 0.00046655299930420163, 0.0001260403482630951, 
8.135131621763804e-05, 0.00025211546701389714, 1.2528162795263919e-05, 
0.00024195171565084643, 0.00025756355971459232, -7.0087080687438105e-06, 
-0.0025271320809108107, 0.0003009386351622443, 0.00023665620340538365, 
0.00017876833496789852, 6.8261512095461904e-05, 0.00022746179982251809, 
-0.019491145718114018, -0.013592243643786344, -0.00070884284765465198, 
0.0049936139343237955, -0.0071536558452828273, 0.0035584271058103252, 
-5.9834290689586683e-05, 0.00076604021100106705, -0.020896079361573689, 
-0.010326265184945328, -0.022118761163040526, 0.00026714918949668494, 
0.00030657898500255831, 0.00082319309001433123, 0.00031884673235953989, 
0.0010019715252704332, 0.0002957392767011442, -6.8707953391967374e-05, 
-0.0053493913189888468, 0.00031823235414391862, 0.0008904461052232582, 
0.0008637957694867999, 0.00051198467659843878, 0.00068039550863451751, 
-0.0091708870916772187, -0.0080144681126312761, -0.00024467484394476884, 
0.0025275588999364761, -0.0024054521903083491, 0.00069972264071091808, 
-1.2716283879673313e-05, 0.0013513840365501799, -0.010326265184945328, 
-0.0012663005046145872, -0.011993077936360666, 0.00048832356504772013, 
0.00013015964214017843, 0.00018997227258304601, 2.8864718906836456e-05, 
-0.00010649420486465578, 0.00034459827031051892, 0.00035000684814219144, 
-0.0024348913515474849, 0.0021810148412068574, 9.7183251364802936e-05, 
0.00093718358853487314, 0.0007639155580523862, 0.0004891796963016734, 
-0.02245213387554966, -0.014010763259332875, 0.00053956642603077425, 
0.0064433455746972504, -0.0059403351114139073, 0.0048529095537538534, 
-5.7428968483403005e-05, 0.00046655299930420158, -0.022118761163040526, 
-0.011993077936360667, -0.023388840665243795, -0.00042547391479055678, 
0.00020667982960250559, 0.0004747778162841875, -1.5175660354580689e-05, 
0.00022269530405824353, 7.3870830148791203e-05, -0.00052606093924119043, 
-0.0088514053629861287, 0.00410831135497545, -0.00011832988059313709, 
0.00040748901896845758, 0.0012011854848152739, 0.00057883047004614503, 
-0.0011307900595093996, -0.00041424065305736509, 0.00031828189555730113, 
-6.7030385619244409e-05, -0.00055733369269124044, 0.00025957114533479867, 
-0.00044734696779223654, 0.0001260403482630951, 0.000267149189496685, 
0.00048832356504772013, -0.00042547391479055672, 0.0002534354829489845, 
0.00019821518152157106, 0.00052982064835157183, 0.00024783316482841419, 
0.00082922056364901459, 0.00064334553681848856, 0.00068937617464831871, 
0.00046174531755738984, 0.0035073345715603572, 0.00098755186578921629, 
0.0010947860196733297, 0.00052171574028928643, 0.00030944569416296684, 
-5.2236745887359377e-05, 0.00026960351191960711, 0.00014494553648224462, 
1.7177186700847441e-05, 0.0002439138218065199, 0.00015407079261235769, 
0.00012337969319404135, 8.1351316217638026e-05, 0.00030657898500255831, 
0.00013015964214017843, 0.00020667982960250559, 0.00019821518152157103, 
0.00088828351596124261, 0.00084359819641032419, 0.00012211232717958229, 
0.00017970694816574209, 0.00025234490743030965, 0.00034140027795892319, 
0.00039743534125356948, 0.00037989183454957239, 0.0002849206470902421, 
0.00043186193368003928, 0.00019376375847754871, 0.0002369063687733807, 
0.00032920540537670177, 0.00064721735975541465, -0.00013485947375042008, 
0.00019710718087196524, 0.00026191377627473298, 0.00012330273865637177, 
-1.221666571990586e-05, 0.00025211546701389714, 0.00082319309001433133, 
0.00018997227258304601, 0.00047477781628418755, 0.00052982064835157194, 
0.00084359819641032419, 0.00084070805425991645, 7.4023787798767308e-05, 
