structure(c(-0.15188283118778179, -0.15208359616483752, 0.034725793603534123, 
-0.0066424609967911741, 0.025067115009954677, 0.057418737822489969, 
-0.057334851510269583, 0.024749884654587415, -0.2285080646800495, 
-0.11360871074963312, -0.23920746424973396, -0.073778373510983042, 
0.025151464096346332, 0.02416118480286697, 0.014621494098925549, 
0.0060505018602206315, 0.083897672418903876, 0.014975043305811012, 
-0.21607670091413744, -0.14486443123634532, -0.017147852411114821, 
-0.043422590068573935, -0.010194430211125321, -0.019423371708167169, 
-0.15208359616483752, -0.14845459425916235, -0.030433267142013547, 
0.059482585530276154, -0.010709728089923704, 0.011999526780632661, 
0.035871874261947663, -0.033628125493140738, 0.0040359613767996898, 
-0.10913930330941141, -0.062601977952756793, -0.046177888880551125, 
-0.046601449953283795, -0.032262613883027674, 0.046305203363475385, 
0.027651852599762595, -0.022983723651450117, 0.025271713052679088, 
0.072881105036629396, 0.12831804705057187, -0.015588882869522983, 
0.051524113027747273, -0.0078657384249667048, 0.033241203048873527, 
0.034725793603534123, -0.030433267142013547, 0.05708890399244558, 
-0.02446891397700016, 0.066627401522040386, -0.011732167851712215, 
-0.014157376616320357, -0.0026912699050110097, -0.067769785659528625, 
0.031259418361055377, -0.0059745034681495538, -0.012658462401662235, 
0.015358687359320049, 0.014318374404328831, -0.024340320869007614, 
0.011987917163415927, -0.0038709841996101796, 0.0082070997276354595, 
0.042971059707216749, -0.2232001321399163, -0.0049097335018215785, 
-0.017517392776007921, -0.023170809537437307, -0.0063554340167490354, 
-0.0066424609967911741, 0.059482585530276161, -0.02446891397700016, 
0.012222373964535974, 0.017948179272600975, -0.031059802642614133, 
-0.013373118520358669, -0.018128215398950789, 0.081563628161710575, 
0.015497317657852398, 0.088851176611286026, 0.04258812214799855, 
-0.02150742603049571, -0.019733563076712767, -0.0026890450290658402, 
0.028915078065810371, -0.0016345492672817316, 0.0023738184215772703, 
-0.054358774354440802, 0.09683433965838098, 0.021222530759604809, 
-0.0065935018733590993, -0.0049840259235780305, 0.0066318228742439211, 
0.025067115009954677, -0.010709728089923704, 0.066627401522040386, 
0.017948179272600975, -0.0078111035654355922, 0.018631818471244933, 
-0.033941606093655124, 0.0035171721882058054, -0.093575541409316648, 
-0.027516570508807903, -0.04468418668921792, 0.033840734582453111, 
0.015189715053582277, 0.014064131629516297, -0.0094490414012421784, 
0.043003418661419178, 0.0080179548632361812, 0.015436925651120247, 
0.091009219478489167, 0.0061940318329808371, 0.037301047763696311, 
-0.013686896030302218, 0.04798223097012775, -0.012834655449006901, 
0.057418737822489969, 0.011999526780632663, -0.011732167851712215, 
-0.031059802642614133, 0.018631818471244933, -0.023247918308127075, 
0.0017553226386548878, -0.021038045711532154, 0.1088080980967262, 
0.0033126478279219026, 0.047829772417977971, -0.016557631428436023, 
-0.014425379563444144, -0.00066395449982316757, -0.0076520613591278585, 
0.026667944435729528, -0.02087868490697609, -0.013406436963442401, 
0.043674720726747884, 0.08882498033975561, -0.0099236110126394491, 
0.019324131855850718, -0.001719331291463783, 0.0051930245164553586, 
-0.057334851510269576, 0.035871874261947663, -0.014157376616320357, 
-0.013373118520358667, -0.033941606093655118, 0.0017553226386548878, 
-0.0058332719461145271, 0.012228421548087832, -0.03005681920707803, 
0.026224392208163215, -0.0042064190342184053, -0.0089648382663011401, 
0.0040623145715430291, 0.0020925436751150291, 0.021979862185353041, 
0.0038408626377903232, 0.011011010271933054, 0.019495534647300219, 
0.098514692624067618, -0.03262690174672956, 0.0081000797954605668, 
0.016412838049953513, 0.013401806677560463, 0.0071118951120292791, 
0.024749884654587419, -0.033628125493140738, -0.0026912699050110097, 
-0.018128215398950792, 0.0035171721882058054, -0.021038045711532154, 
0.012228421548087832, -0.01349756245651775, 0.023089239071477335, 
-0.0088021908259198044, 0.027124764427225053, -0.014670850088705473, 
-0.0014725782120756255, -0.0053741524970261556, -0.002749226522513107, 
0.0069527327047122986, -0.0090395622102990743, -0.014453425088200087, 
0.041959646004406166, -0.04308542877187508, 0.025790100747844446, 
-0.007690683000753225, 0.0036148512865761696, 0.026290713357022842, 
-0.22850806468004947, 0.0040359613767996889, -0.067769785659528639, 
0.081563628161710575, -0.093575541409316648, 0.1088080980967262, 
-0.030056819207078027, 0.023089239071477339, 0.17016031518723493, 
-0.022841692509756813, -0.050539769291172328, 0.025980536682968871, 
-0.00067240734683179069, -0.0065363178764754146, 0.031491773958903672, 
0.06347248613367816, 0.0057400540807181228, -0.015647681125956679, 
-0.12124082760166446, 0.085420626513215192, 0.004545279951659203, 
0.0095234302636804241, -0.031642840678750207, 0.027183299220006119, 
-0.11360871074963312, -0.10913930330941139, 0.031259418361055377, 
0.015497317657852398, -0.027516570508807899, 0.0033126478279219022, 
0.026224392208163215, -0.0088021908259198062, -0.022841692509756817, 
0.1197039573242675, -0.06035307635647718, 0.021974760209298803, 
-0.018259039657610686, -0.020639324215610818, -0.0003087412419365607, 
0.017922602960954968, -0.0040685788402008019, 0.030057386295682085, 
-0.067106673303904921, 0.091307376120026679, 0.0013710767936455288, 
-0.024604398779579897, 0.01149395742333293, 0.0060089436799189251, 
-0.23920746424973394, -0.062601977952756793, -0.0059745034681495538, 
0.088851176611286026, -0.04468418668921792, 0.047829772417977971, 
-0.0042064190342184062, 0.027124764427225053, -0.050539769291172328, 
-0.060353076356477187, 0.047071950519634559, -0.012611106145615747, 
0.015027903654156681, 0.015436097282691661, 0.0061148507166920926, 
0.035545552792873025, -0.0088643082444868401, -0.0017877687894208287, 
0.43380698948413421, 0.05492558123891432, 0.0037591642228552219, 
0.027853787330374798, 0.037813203601291957, 0.046086524485440213, 
-0.073778373510983028, -0.046177888880551125, -0.012658462401662234, 
0.04258812214799855, 0.033840734582453111, -0.016557631428436019, 
-0.0089648382663011401, -0.014670850088705473, 0.025980536682968871, 
0.021974760209298803, -0.012611106145615746, 0.01999125137040695, 
0.003474873595779626, 0.0038203864803907205, 0.014474657570634998, 
-0.0096258126895463099, 0.0048199647508018507, -0.0017735345335331369, 
-0.27499323946125515, -0.0029134769378584306, 0.048658285386717397, 
-0.0016735939118440665, 0.038884773654799344, 0.032202256595535279, 
0.025151464096346336, -0.046601449953283788, 0.01535868735932005, 
-0.021507426030495713, 0.015189715053582277, -0.014425379563444142, 
0.0040623145715430291, -0.0014725782120756253, -0.00067240734683179069, 
-0.018259039657610686, 0.015027903654156679, 0.003474873595779626, 
0.007325411700105075, 0.00041967367226829406, -0.010799757450150714, 
0.0060578134628364502, -0.0091457395140410631, 0.008748441837596278, 
0.053793944318018122, 0.021934855186126891, -0.00030461643123630644, 
0.0034838070080705098, -0.0048234476300219537, -0.0029438570335905434, 
0.02416118480286697, -0.032262613883027667, 0.014318374404328833, 
-0.019733563076712764, 0.014064131629516299, -0.00066395449982316757, 
0.0020925436751150295, -0.0053741524970261556, -0.0065363178764754155, 
-0.020639324215610818, 0.015436097282691663, 0.0038203864803907205, 
0.00041967367226829411, -0.0045965256542800283, -0.0062036398563692667, 
0.012505329178702229, -0.011519655531637224, 0.011877257959356921, 
0.037131113608184732, -0.021737758947503922, -0.010286598412701964, 
0.0011055002394706572, -0.0027938122658454022, -0.007270289228423551, 
0.014621494098925549, 0.046305203363475385, -0.024340320869007618, 
-0.0026890450290658402, -0.0094490414012421784, -0.0076520613591278585, 
0.021979862185353045, -0.002749226522513107, 0.031491773958903672, 
