structure(c(0.19362817271796914, -0.037453970979384341, 0.0078979818387798408, 
0.035307384337345149, 0.0035918222618524691, 0.0061806298487322936, 
-0.010937485734363402, -0.046214849311096248, -0.00041420075162890434, 
-0.023054261223305821, 0.10344024101174182, 0.058602408550521456, 
-0.053156083262841339, -0.036522387204422038, -0.0013757883628682064, 
-0.0028373812150934217, -0.021971258633424522, 0.0012484718394646227, 
0.32679104717987967, -0.12138059241399629, -0.010410113476151847, 
0.051178194412767247, 0.032783647310019058, 0.0020989535107665239, 
-0.037453970979384348, 0.070275511484555533, -0.032069360557120362, 
0.022074446188701965, 0.012530877070322844, 0.005813606550886914, 
-0.0098865092781298559, 0.012720877183693757, -0.094973421705046995, 
-0.021516935137929381, -0.029401314947219682, 0.012703082192404559, 
0.01745709822097816, 0.026279363191646907, -0.018871068021428586, 
-0.015274582892779805, 0.02424998852819581, -0.01488729723297148, 
-0.16513725549099789, -0.11788750009193399, 0.017931697623332951, 
-0.025914011097427341, -0.021776719389819028, -0.0084717054528448254, 
0.0078979818387798408, -0.032069360557120362, -0.028741154412496629, 
0.033639765796808531, -0.027812921208140114, 0.0019945264665586072, 
0.0098810882922329077, -0.015291274510141013, 0.0098341562984961672, 
-0.026005999535288652, 0.009709718819504172, 0.031517710204385534, 
-0.020501177286437643, -0.018206505827420321, 0.014042864462462997, 
-0.011067629994953823, 0.024481967290009964, -0.021742732561252507, 
-0.098702222949314231, 0.14584473374771426, 0.017139982223641128, 
0.0042737527804729454, 0.028388671725813212, -0.0011128160059819697, 
0.035307384337345149, 0.022074446188701961, 0.033639765796808531, 
0.0046031472451182366, -0.002585292087657697, 0.015500142884867243, 
0.016800591941767064, 0.030284891823779345, 0.020679836387188306, 
0.0068258905363658938, -0.019988255369194505, -0.021140841915659937, 
0.0052276026313791924, 0.012331261966882291, -0.0036773307556153276, 
-0.010649651194528483, -0.009603469378198972, -0.0085502553486025753, 
0.016837869559516615, -0.023449750086523675, -0.025360879160463701, 
0.0094950758725930208, -0.021572253240761497, 0.0037929546163813182, 
0.0035918222618524691, 0.012530877070322844, -0.027812921208140114, 
-0.0025852920876576965, 0.013207534879862858, -0.012929324543679458, 
0.030703410218322916, -0.015280133306425038, 0.030197231582038273, 
-0.014882993917582006, -0.026299731258361443, 0.013035443226142111, 
-0.018163170410557025, -0.014483907909635572, 0.014999352104894057, 
-0.029149910187914376, -0.020877836839519423, -0.030791506036879406, 
-0.15387643546946861, -0.09906114980011331, -0.015694067718454264, 
0.0027315098481552132, -0.033811469579968355, 0.0062717809980577435, 
0.0061806298487322936, 0.0058136065508869132, 0.0019945264665586072, 
0.015500142884867243, -0.012929324543679458, 0.0083652691117209327, 
-0.0060172736102119574, 0.01688224889184187, -0.055763947208043251, 
0.026769457304258292, 0.031598996151672457, -0.0095878304110193924, 
0.018590037481517139, 0.0098858023998571326, -0.00055111550322519212, 
-0.011491012800149789, 0.01650300886825333, 0.0032926867835535254, 
-0.037466050074969948, -0.0008585361580260146, -0.0029960525035937521, 
0.00019547843262779507, -0.0020877086072895539, 0.0002722850828592965, 
-0.010937485734363404, -0.0098865092781298541, 0.0098810882922329077, 
0.016800591941767067, 0.030703410218322912, -0.0060172736102119583, 
-0.0063035997228599264, -0.0368887081694124, -0.0322379296966906, 
-0.025052343829081249, -0.0055843781565148107, 0.023608365855423922, 
-0.0059924196852817416, -0.0067513064174080173, -0.0059104844193210351, 
-0.0171064108943869, -0.013199545590816777, -0.015057125562327842, 
-0.10039100347501587, -0.039204262496976325, 0.0066021218455067582, 
-0.017108484461766649, -0.016132925008226235, 0.00022782180009786954, 
-0.046214849311096248, 0.012720877183693758, -0.015291274510141012, 
0.030284891823779348, -0.015280133306425036, 0.016882248891841874, 
-0.0368887081694124, 0.035648845151845701, -0.0079476908334294681, 
0.036377472065358345, 0.0054490418890501225, 0.0088987804643251046, 
-0.0028726855498921256, -0.0018659385361661485, -0.002957438191947609, 
0.0030131578720212345, 0.0073094575450421036, 0.00064890175339269167, 
-0.039017591353823995, 0.042708309627276016, -0.021503611004582032, 
0.0077401663403028811, -0.0089234418725176855, -0.027713749881519312, 
-0.00041420075162890434, -0.094973421705046981, 0.0098341562984961672, 
0.020679836387188306, 0.030197231582038273, -0.055763947208043251, 
-0.0322379296966906, -0.0079476908334294681, -0.17408887030095913, 
-0.028442996506568178, -0.094954579101547767, -0.028689289029214689, 
0.0017769603182139881, 0.014171811914222987, -0.015644652879730808, 
-0.039774720623326106, -0.023032098051088922, -0.031448658132897614, 
-0.065350170841476582, 0.04428608843894017, -0.015427817452574447, 
0.016240696530165712, 0.041482918215934646, -0.03872758502655814, 
-0.023054261223305818, -0.021516935137929381, -0.026005999535288649, 
0.0068258905363658938, -0.014882993917582006, 0.026769457304258292, 
-0.025052343829081249, 0.036377472065358345, -0.028442996506568174, 
-0.082282923111949041, -0.020587339278321133, 0.020659366426408608, 
-0.0075058517685204235, -0.01827787236549476, 0.0020430091430309509, 
-0.032289529099413954, 0.012537182001415608, -0.016536520579642174, 
-0.11232114451374661, -0.25235588393558051, -0.013265696095704509, 
0.014230024331914811, -0.002738915361335264, -0.010855381018776592, 
0.1034402410117418, -0.029401314947219682, 0.009709718819504172, 
-0.019988255369194505, -0.026299731258361443, 0.031598996151672457, 
-0.0055843781565148107, 0.0054490418890501234, -0.094954579101547767, 
-0.020587339278321133, -0.2342777363105305, 0.012855984243015929, 
-0.019973654940713417, -0.0048921767955825545, -0.018738257499439647, 
-0.0065200040014465948, 0.01380680840742185, -0.026034448768749319, 
-0.46005925538210124, -0.024084310354369899, 0.013903878857940038, 
-0.036326960510581721, -0.001778630239086761, -0.030706220026412805, 
0.058602408550521456, 0.01270308219240456, 0.031517710204385534, 
-0.021140841915659937, 0.013035443226142113, -0.0095878304110193924, 
0.023608365855423925, 0.0088987804643251046, -0.028689289029214693, 
0.020659366426408608, 0.012855984243015929, -0.011752998792029441, 
-0.00011450374062529347, 0.0029310223475318537, -0.0094874606488101788, 
0.00047550687308613269, -0.0044500931177335759, 0.00047283643056503845, 
0.08988887049890823, -0.014989211266978494, -0.032781802995344014, 
-0.01823737927714018, -0.018482263917771385, -0.028087624989960945, 
-0.053156083262841332, 0.01745709822097816, -0.020501177286437643, 
0.0052276026313791924, -0.018163170410557025, 0.018590037481517139, 
-0.0059924196852817416, -0.0028726855498921256, 0.0017769603182139881, 
-0.0075058517685204235, -0.019973654940713417, -0.00011450374062529347, 
-0.0021786812126316593, -0.0021304999845514704, 0.0036971696814576288, 
-0.0084822294627256972, -0.0013040793000711625, -0.001581620328016392, 
0.012097070207739929, -0.030357817839905345, -0.0055038531494709464, 
-0.0013569453090629124, -0.0043824371177213686, -0.007888234426901182, 
-0.036522387204422031, 0.026279363191646907, -0.018206505827420321, 
0.012331261966882293, -0.014483907909635574, 0.0098858023998571326, 
-0.0067513064174080173, -0.0018659385361661487, 0.014171811914222987, 
-0.018277872365494763, -0.0048921767955825536, 0.0029310223475318537, 
-0.0021304999845514704, -0.0027477670450602107, -0.00081489975045467378, 
-0.01743767323919429, -0.0014991611441459449, -0.00014861280370409837, 
0.031032488684618494, -0.018146289011523313, -0.004675850797454, 
-0.0024924438745124716, 0.00044411659494602787, -0.0062304490808213989, 
-0.0013757883628682066, -0.018871068021428586, 0.014042864462462997, 
-0.003677330755615328, 0.014999352104894057, -0.00055111550322519212, 
