structure(c(-1.2174004004068744, -0.68700232915725212, 0.015244076570976579, 
0.44276406960290204, -0.28405389664778613, 0.095139346594363516, 
0.082739087428969488, -0.0054311707348002379, -0.4039699394026362, 
-0.43497707509946743, -0.57600767717340351, 0.012604054629762959, 
0.11567718416740741, 0.1783471891480988, 0.095749496376085291, 
-0.001232755671792541, 0.007229873811699759, -0.17297187325082264, 
0.40833919138369118, -0.42322299707332123, 0.017268428738866907, 
0.071593885898054682, 0.14653408652122063, -0.046062612720224404, 
-0.68700232915725223, -0.65497468917808488, -0.088560026421174984, 
0.11927847067735581, -0.11097905479483466, 0.087313091833230105, 
0.066593196101361704, -0.069105116651703963, -0.46458300564963972, 
-0.44677386233381478, -0.51053573023368315, 0.030757971947260494, 
0.0054600905049338464, 0.046893165813893516, 0.022253069023330692, 
0.12213129856590338, -0.045208500249341178, 0.038426786665837431, 
-1.2965853811398038, 0.075867580866101916, 0.071295200344897156, 
0.059528333025752736, 0.083689109511156545, -0.028936960971568202, 
0.015244076570976579, -0.08856002642117497, 0.14512841988471387, 
-0.033380657458975706, 0.090677339024278811, 0.0067047389224235534, 
0.057652987354290398, 0.053588129677837708, 0.043505741360344095, 
0.10968802767124572, 0.16203500245763408, -0.076180604546111197, 
0.028843227046169498, 0.026877955445306991, -0.0038143017260906047, 
-0.049265685670723813, 0.0039928422433814035, 0.0050296412146307928, 
0.042475802477141993, 0.16979338644037481, -0.048218900521103399, 
0.0018979844978442718, -0.071606482168118601, 0.0014448606371892357, 
0.44276406960290204, 0.11927847067735579, -0.033380657458975699, 
-0.11440087340103698, -0.033358308227883687, -0.014949821594859889, 
-0.061453058984144902, 0.017764990630927586, 0.24113160883291379, 
0.10627921613416906, 0.20644263875442945, 0.011746735615315031, 
-0.031940925098380181, -0.013660978592936423, 0.033951982438666921, 
0.047987095032347687, -0.01374868009912264, 0.010535665087619344, 
0.067264282262891897, -0.18505159790562506, 0.046660564546022791, 
-0.049369407243197445, 0.05014878115494345, 0.03254480299752404, 
-0.28405389664778613, -0.11097905479483466, 0.090677339024278825, 
-0.033358308227883694, -0.00048440325764113391, 0.0019470321493513458, 
0.011236899928922831, -0.0013285538917401202, -0.28595178566957297, 
-0.19142047023937073, -0.21201538893871918, -0.024953625716131897, 
0.014600628542157195, 0.022992962175730207, 0.030493577624120138, 
0.028786427858639205, -0.036029294983243164, 0.060441728753835626, 
-0.090354614845099893, 0.056472770810745469, 0.10289258731325406, 
-0.0040156004036079598, 0.013271543419954072, 0.078145823118259489, 
0.095139346594363502, 0.087313091833230105, 0.0067047389224235534, 
-0.014949821594859889, 0.001947032149351346, -0.083166598150272983, 
0.037895308732066722, -0.071255617176443506, 0.13079944429514362, 
0.030042927782312948, 0.1343075020923456, 0.014223229382847282, 
-0.035462532306500573, -0.022405426276543988, -0.018349770471596333, 
0.022776205856655393, 0.046919811713610995, -0.018924202367934705, 
-0.18200845285557984, 0.39158158737017951, 0.066673194557072588, 
0.027620317024407398, 0.052392871391407435, -0.00079910944192888096, 
0.082739087428969488, 0.06659319610136169, 0.057652987354290398, 
-0.061453058984144902, 0.011236899928922831, 0.037895308732066729, 
0.0090507677927835276, -0.022569054877643015, 0.0086569122983692712, 
0.15041828759444384, 0.016075196331683347, -0.047521132494487341, 
0.0095208975849832775, 0.0096630448963237903, 0.0053491948730484112, 
0.054751996956257439, 0.028108706076355395, 0.0023171656398937538, 
-0.30204250126942017, 0.087806296830130165, -0.010112956384540859, 
-0.00081904534821551059, -0.022421351561408214, -0.00076496682855230051, 
-0.0054311707348002371, -0.069105116651703963, 0.053588129677837715, 
0.017764990630927586, -0.0013285538917401202, -0.071255617176443506, 
-0.022569054877643015, 0.0016473138213135925, 0.058992812725872777, 
0.085321313153380138, -0.048515005005157492, 0.00029311892613730192, 
0.026224498589442518, 0.020338951628063505, 0.030656420192285188, 
-0.024598811485490677, 0.0062735349748305859, -0.0070948396053929523, 
-0.38175693506956138, -0.26538651698231941, 0.056765151078729169, 
-0.0048884063242131265, -0.016118485276510192, 0.032980271054464251, 
-0.40396993940263615, -0.46458300564963972, 0.043505741360344095, 
0.24113160883291379, -0.28595178566957302, 0.13079944429514362, 
0.0086569122983692712, 0.058992812725872777, 0.054919611606782728, 
-0.7106001963047156, -0.74773193709321284, 0.038607828123448935, 
-0.046211750111770505, -0.034733730353814232, 0.11736438883252896, 
0.065264072820969923, -0.082219102270661273, -0.068459489417525929, 
-0.28139927271508369, -0.41609960963474735, -0.020252414715843103, 
0.024401763534656545, -0.14742559348585932, 0.022066869364814772, 
-0.43497707509946737, -0.44677386233381483, 0.10968802767124573, 
0.10627921613416906, -0.19142047023937073, 0.030042927782312944, 
0.15041828759444387, 0.085321313153380138, -0.7106001963047156, 
-0.094525720840599195, -0.58254449090646132, -0.019167559753998021, 
-0.012699691795436294, -0.011852841149809399, -0.032370030365580366, 
0.010913096674267982, -0.02570320361755226, 0.0037617342579880472, 
-0.59879619993686317, -0.52177877966295461, 0.020618427703776268, 
0.018629115609354364, 0.071418234073823528, -0.01223854232535939, 
-0.57600767717340351, -0.51053573023368315, 0.16203500245763408, 
0.20644263875442945, -0.21201538893871918, 0.1343075020923456, 
0.016075196331683347, -0.048515005005157492, -0.74773193709321295, 
-0.58254449090646132, -1.0669187183642557, -0.032173173870677918, 
0.022244047105687555, -0.03020701890123011, 0.018020912450029528, 
0.077857702935247075, -0.0062723561426466928, -0.071866742763991312, 
-0.69903440157945562, -0.36449110736431894, -0.031830091444262687, 
0.038522414490703628, -0.15540857353601481, -0.013653053429700622, 
0.012604054629762957, 0.030757971947260494, -0.076180604546111197, 
0.011746735615315029, -0.024953625716131897, 0.014223229382847282, 
-0.047521132494487334, 0.00029311892613730192, 0.038607828123448942, 
-0.019167559753998021, -0.032173173870677918, -0.034333580224562371, 
-0.011572641696258589, -0.02115369900585385, 0.014985760164402392, 
0.045770453630657459, 0.063737778042231588, 0.024654072925428826, 
-0.040064951897720608, 0.28713767371217119, 0.057922228018419106, 
0.066746277572174231, 0.087145135226182835, -0.0029316809497291238, 
0.1156771841674074, 0.0054600905049338464, 0.028843227046169494, 
-0.031940925098380181, 0.014600628542157193, -0.035462532306500573, 
0.0095208975849832775, 0.026224498589442514, -0.046211750111770519, 
-0.012699691795436296, 0.022244047105687555, -0.011572641696258589, 
0.043082858008793253, 0.033331763042337835, 0.03141671717554062, 
0.031154121167021129, 0.014795776019723291, 0.0028025124549047975, 
-0.001545499500906969, -0.049765925043263153, -0.00025993021979290741, 
0.00070701399149830603, 0.020216964785496134, 0.012980480499580917, 
0.1783471891480988, 0.046893165813893523, 0.026877955445306991, 
-0.013660978592936421, 0.022992962175730207, -0.022405426276543992, 
0.0096630448963237886, 0.020338951628063505, -0.034733730353814232, 
-0.011852841149809399, -0.03020701890123011, -0.02115369900585385, 
0.033331763042337835, 0.027260574963179459, 0.023091150202906665, 
0.0072216220548191644, 0.022395436744910666, 0.004642781504402187, 
-0.094491691456133592, -0.18841219028796269, 0.027478339384652939, 
0.0025874837702636491, -0.010144807468657662, 0.0027123706592568162, 
0.095749496376085291, 0.022253069023330692, -0.0038143017260906047, 
0.033951982438666921, 0.030493577624120138, -0.018349770471596333, 
0.0053491948730484112, 0.030656420192285188, 0.11736438883252895, 
-0.032370030365580366, 0.018020912450029528, 0.014985760164402392, 
0.03141671717554062, 0.023091150202906665, 0.055868283775059542, 
