structure(c(0.2775359128386542, -0.13405703320226359, 0.055394587172385282, 
-0.063368781541468827, -0.0055785960694410006, 0.18462301447855917, 
-0.024599776195668631, 0.10561452441227072, -0.44563998097935525, 
-0.096873835891900406, -0.2904184849729487, -0.044727277950019489, 
-0.079306010347303932, -0.11934576030234546, -0.036414856029224993, 
0.013465911971419189, 0.051506544147980074, 0.14942623432200597, 
-0.19415044492293135, -0.34149585669328503, -0.054078477412213506, 
-0.012372452743958677, -0.055114865635335485, 0.041036061292748123, 
-0.13405703320226359, -0.058192747126508272, 0.077648860844489478, 
0.077526258379481988, -0.076338353633441824, 0.12166584997589031, 
-0.041518837584325702, 0.042473516222967168, -0.21111456028031561, 
0.054141102547296066, -0.14798139499782734, -0.053866045002785627, 
0.0025869625226178166, -0.007860852587144666, -0.0040918481621142868, 
-0.065345967273429437, -0.034245336563965043, 0.028544108926005615, 
0.23723629973188326, -0.30096504581745709, 0.049174089611847362, 
-0.021274283638493735, -0.021868387440795719, 0.044335091989760413, 
0.055394587172385282, 0.077648860844489478, -0.059230864185625495, 
0.044337867418518792, -0.068378120791628388, 0.017547764288646128, 
-0.036652042801822896, -0.044545840881572291, 0.0041001975893193657, 
-0.086996736467285868, -0.078975385369864606, 0.082633224876978523, 
-0.014565473445588957, -0.026480533976158328, 0.012306215221446521, 
0.041426486408707018, 0.0096288455841032437, 0.002514642383622779, 
0.10052881959808686, -0.18592139506641711, 0.024553918285224258, 
-0.016266503091248996, 0.06824838928524915, -0.022297989249727153, 
-0.063368781541468827, 0.077526258379481988, 0.044337867418518792, 
0.010105844510993977, 0.09376306766169272, 0.001718137033053674, 
0.037724558571448089, 0.017139086334766608, -0.12258117630155793, 
0.023269299388902969, 0.094885049656021944, -0.034876089518826238, 
0.034793511940698102, 0.046744408345150618, 0.010144024511658606, 
-0.031532039265996702, 0.012588135423409768, 0.014061168213612812, 
-0.27812240560431051, 0.27541100122134232, -0.016145414580131856, 
0.054559624371039755, -0.013113743832213561, -0.012731119893854845, 
-0.0055785960694409997, -0.076338353633441824, -0.068378120791628375, 
0.093763067661692734, -0.015054772740843152, 0.035233829505156931, 
0.021500866433566104, -0.048465469515159454, -0.029579324820850173, 
0.099819771507927493, -0.17145186848512747, -0.021874341699251964, 
0.0039107025999691155, 0.00091940332541739275, -0.0027299259239492355, 
0.0034122929478078118, 0.053236727662395872, -0.0098389561461079567, 
0.19338066695396736, -0.1538496539035229, -0.031284102366580559, 
0.040607084825305485, 0.03095424027192906, 0.00081195058817574561, 
0.18462301447855917, 0.12166584997589031, 0.017547764288646132, 
0.001718137033053674, 0.035233829505156924, 0.073512458533945335, 
-0.044731434241839813, 0.020698602119386237, 0.10007548768517271, 
0.0032293313760586155, 0.11405961124380702, -0.01139275760024238, 
0.02489255815339594, 0.017687511693948933, -0.014066005547996628, 
-0.036968547192816836, -0.016597025968459293, 0.011074344590741508, 
0.056115185294791661, -0.25675508661021801, -0.024589539911831028, 
-0.017661524101507044, -0.030148591712135634, -0.020622137802038688, 
-0.024599776195668631, -0.041518837584325702, -0.036652042801822902, 
0.037724558571448089, 0.021500866433566104, -0.044731434241839806, 
0.026168816641012956, 0.0090660825476993161, -0.052198008328690183, 
-0.091367267648373413, -0.057059508678787341, 0.03941005045221195, 
0.00028387437602608677, 0.0013645376732954622, 0.013561617723350142, 
-0.055368605465796902, -0.03190508308879568, 0.007695987911445731, 
0.24771660924946712, -0.060700362389588841, 0.0084547224225185666, 
-0.0060802652808355671, 0.02827591462037048, 0.013456776629358472, 
0.1056145244122707, 0.042473516222967175, -0.044545840881572291, 
0.017139086334766608, -0.048465469515159454, 0.020698602119386237, 
0.0090660825476993178, 0.023473719517321003, -0.0016230385780761599, 
0.06651303821996668, 0.13931790791279891, -0.0066939790612008587, 
-0.023052540419864185, -0.015280679335021608, -0.021900598002259578, 
0.041743456514961114, 0.0059043290928825981, -0.002027337708318807, 
0.02466296492587864, 0.16121311357836368, -0.023598047553336662, 
0.012933836928156361, -0.0078965909149156435, -0.0090005628650067625, 
-0.44563998097935525, -0.21111456028031561, 0.0041001975893193666, 
-0.12258117630155795, -0.02957932482085017, 0.1000754876851727, 
-0.052198008328690176, -0.0016230385780761601, -0.76899792179446791, 
0.14793395855684088, -0.19853392912716686, -0.067274555490780666, 
0.054555245558943088, 0.080447079333836241, -0.10459726924007022, 
-0.0061736464976665283, 0.09975568328430659, 0.021832148609197462, 
0.03115798071822615, 0.084807826736999659, 0.1570890002158484, 
0.052529733411623834, 0.17159650683760735, -0.013993703281114333, 
-0.096873835891900392, 0.054141102547296059, -0.086996736467285868, 
0.023269299388902973, 0.099819771507927479, 0.0032293313760586155, 
-0.091367267648373426, 0.066513038219966666, 0.14793395855684086, 
-0.059619559935759112, -0.049233614157506565, 0.041730337768443496, 
0.0052143445426668864, 0.0049055865050417176, 0.011864866422136492, 
-0.010414737440463121, 0.020442245893625793, 0.030713737343391199, 
0.37003271318021774, 0.19023264679053767, -0.00022153871219058653, 
0.027341143903487835, -0.012453858201188907, 0.015412165397473766, 
-0.2904184849729487, -0.14798139499782734, -0.078975385369864606, 
0.09488504965602193, -0.17145186848512747, 0.11405961124380704, 
-0.057059508678787341, 0.13931790791279891, -0.19853392912716686, 
-0.049233614157506565, -0.33973043774239609, -0.014143486871834714, 
-0.016017073243428135, 0.058772360511442301, -0.020841852617694865, 
0.017749478419045447, 0.11785841323910051, 0.027952105831471025, 
-0.068038983364138564, 0.38064744370032588, 0.10178629700774362, 
0.024468127281242449, 0.21407433906542103, 0.055091049523008431, 
-0.044727277950019496, -0.053866045002785627, 0.082633224876978509, 
-0.034876089518826231, -0.021874341699251964, -0.01139275760024238, 
0.03941005045221195, -0.0066939790612008587, -0.06727455549078068, 
0.041730337768443489, -0.014143486871834714, 0.0088881332131397327, 
0.017995289116659922, 0.04563444674788511, -0.0062686671061940825, 
0.0044835355999749867, -0.013345706932472749, 0.032846523405294856, 
-0.027965808894633716, -0.12841530090409603, 0.00095776096310835695, 
0.0058261599712211244, -0.012927659217283781, 0.00027907235300851353, 
-0.079306010347303932, 0.0025869625226178166, -0.014565473445588959, 
0.034793511940698102, 0.0039107025999691155, 0.02489255815339594, 
0.00028387437602608677, -0.023052540419864185, 0.054555245558943082, 
0.0052143445426668864, -0.016017073243428135, 0.017995289116659922, 
-0.0033474526535180343, 0.0011354096472985665, -0.014822316350702565, 
-0.020059519417789044, -0.0029165129358728367, 0.011008371843574156, 
-0.028419954602026506, 0.025824530320097801, 0.0040512538216925711, 
0.017044526804612312, 0.0075823814565281365, 0.0049229486951486816, 
-0.11934576030234546, -0.007860852587144666, -0.026480533976158328, 
0.046744408345150618, 0.00091940332541739275, 0.017687511693948933, 
0.0013645376732954624, -0.01528067933502161, 0.080447079333836241, 
0.0049055865050417176, 0.058772360511442294, 0.045634446747885103, 
0.0011354096472985665, 0.0014732749641931599, -0.0043400907242730075, 
0.00051858789696335682, -0.019751063040446857, 0.0044701121636288206, 
0.041515397011401028, 0.21458371621620925, -0.013598690312259862, 
0.016975192289449402, 0.016807635699080892, 0.0088180101522855117, 
-0.036414856029224993, -0.0040918481621142876, 0.01230621522144652, 
0.010144024511658606, -0.0027299259239492355, -0.014066005547996628, 
0.013561617723350142, -0.021900598002259575, -0.10459726924007022, 
0.011864866422136492, -0.020841852617694865, -0.0062686671061940825, 
-0.014822316350702565, -0.0043400907242730075, 0.0041503104141423315, 
