structure(c(-0.26708676354119576, -0.19701115108382275, 0.14194339485009169, 
0.06336690514804337, 0.14914567045270061, 0.24846917041295477, 
0.089927828093431389, 0.089267525995040509, -0.13601177174040069, 
-0.27897946406400653, 0.012239474935350251, -0.23103772090422292, 
-0.108141097488125, -0.10192795140926762, 0.025526646766583838, 
0.085960903880997475, 0.0075208338760983226, 0.066269993418648587, 
-0.21708945412609415, -0.37684426882639305, -0.088772925461508306, 
0.0012088028319987695, -0.0043350540426387533, 0.00025480345647777719, 
-0.19701115108382275, -0.020434410303880844, -0.012492506576677409, 
0.02780832691012378, 0.12989721055687872, 0.17313353405302181, 
-0.08575235482568809, 0.020128547681112829, -0.026858543392858553, 
-0.010970452893736013, -0.1442195797145279, -0.07819910740951426, 
-0.0017697217769289265, 0.036959404938814451, 0.030031960441469621, 
-0.025720934411844143, -0.039681708107073693, -0.031308025141876659, 
0.25575486226794925, 0.0039574022572031265, 0.0098715401112653926, 
0.063058673898909956, 0.013625489951446312, 0.073901410858398589, 
0.14194339485009169, -0.012492506576677409, -0.065893276130433664, 
-0.020377571650352422, 0.050986758455117943, 0.022018263277360915, 
-0.0434763258562679, -0.054764275580337807, 0.069646841211438909, 
-0.073136517006601412, -0.12728853559180081, 0.022826804793357261, 
-0.023518264783598964, -0.026463422946148174, 0.010480309530087972, 
-0.0086570223208134855, -0.032085924734111031, -0.0061861842819570644, 
-0.010376549432582016, -0.14484491374353067, 0.02646999972327441, 
-0.00044705166434468654, 0.023005443765927728, -0.0048835839594511031, 
0.063366905148043356, 0.027808326910123776, -0.020377571650352422, 
0.038445334939798327, 0.03324287999015739, -0.0065490762345054515, 
-0.0017901633476370253, 0.027347186235682133, -0.029286527679820307, 
0.068441819216149891, 0.10853441433170694, -0.044517234013895332, 
-0.010678863292165582, 0.014340827284522991, -0.027067605041076026, 
0.0062596959442474337, 0.035173513510657353, 0.026497752119018642, 
-0.21227576900336753, 0.18678674013722504, -0.015972012227551624, 
0.017501657923206466, 0.019545130531300157, -0.01458791167411628, 
0.14914567045270061, 0.12989721055687875, 0.050986758455117943, 
0.033242879990157383, -0.093049313912367523, 0.0049158317471429611, 
-0.0026228178830421133, -0.012677008807793903, 0.013135850597924836, 
0.055424914849875766, 0.0052253341051122842, -0.036374213645465073, 
-0.0073559964217108044, 0.025201271346974311, 0.014230717939896316, 
-0.0009734640768729473, 0.0021507975908314171, 0.029050849118045619, 
0.64062114934952064, -0.46724849662748902, 0.013984414862720142, 
0.07932573533586415, 0.012929830808869957, 0.0020413248073823734, 
0.2484691704129548, 0.17313353405302181, 0.022018263277360915, 
-0.0065490762345054515, 0.0049158317471429611, -0.014912255941464806, 
-0.019411014645195516, 0.0096983973557256478, 0.072694016745594114, 
0.051099463817324872, 0.011220824160878023, -0.024089628529365453, 
-0.021294447747616917, -0.026084859185063952, -0.013365449811596753, 
-0.037529614224323327, -0.043649413612490508, -0.0070078386612563645, 
0.37507713873352599, 0.042703348619675396, -0.028652046180469886, 
-0.043759567395393779, -0.037150922738441831, -0.0025835256620033095, 
0.089927828093431389, -0.08575235482568809, -0.043476325856267893, 
-0.0017901633476370253, -0.0026228178830421133, -0.019411014645195516, 
-0.012930711164559251, -0.032589903330540224, -0.12228865664022602, 
-0.025935392420900257, 0.00082170048052141917, 0.07623291879637828, 
0.0155405645950078, 0.039458878841265262, 0.031475662038935828, 
-0.013949560562353884, -0.017079199389849888, 0.028657616987793458, 
0.383393174084389, 0.1263022312942795, 0.031750059369004602, 
0.0096269377673662594, 0.015202186557439148, 0.0072973161244143563, 
0.089267525995040509, 0.020128547681112829, -0.054764275580337807, 
0.027347186235682133, -0.012677008807793905, 0.0096983973557256461, 
-0.032589903330540231, -0.017929711605568732, 0.031551916082423435, 
0.019699709733619456, 0.022725515672950957, -0.00340520749815852, 
-0.00062998559574036416, -0.013215954340315802, -0.037040999100835595, 
0.0071205253116193674, -0.029358291418479853, -0.0021513138579608159, 
0.05906521780101856, 0.062513852593943223, -0.060973604395259201, 
-0.025316361482839236, -0.031574976604868632, -0.0019625475431736504, 
-0.13601177174040069, -0.026858543392858553, 0.069646841211438909, 
-0.029286527679820307, 0.013135850597924837, 0.072694016745594128, 
-0.12228865664022602, 0.031551916082423435, -0.5034348767217689, 
-0.0077851680280582262, -0.13197741594578941, 0.044042668746347699, 
0.011527536471445742, 0.052397230469429519, -0.013757060811035032, 
-0.063660896682386225, 0.0049210340424106812, 0.023260787709874088, 
-0.48976909867209695, 0.038570007683391652, 0.057773590008488453, 
0.016973754662091264, 0.039517375299301966, 0.026627056387902963, 
-0.27897946406400653, -0.010970452893736013, -0.073136517006601398, 
0.068441819216149877, 0.055424914849875766, 0.051099463817324872, 
-0.025935392420900257, 0.019699709733619453, -0.0077851680280582262, 
-0.08493886871872304, -0.12032275382205129, 0.097189648398016457, 
-0.014253554009105175, -0.0078219457661406634, 0.0013302226153550896, 
-0.031985964950861812, -0.024004693921539363, 0.004838237890115212, 
0.85049098027260428, -0.51771363736407749, -0.055508988712996706, 
-0.0074349679609549569, 0.023929413546771975, 0.050846772219283451, 
0.012239474935350251, -0.1442195797145279, -0.12728853559180081, 
0.10853441433170694, 0.0052253341051122842, 0.011220824160878023, 
0.00082170048052141917, 0.022725515672950957, -0.13197741594578941, 
-0.12032275382205129, -0.30087149620655235, -0.048027932272762947, 
-0.018816994399156621, 0.022387196868870984, 0.053864151571706965, 
-0.054250393853468422, 0.1568058164866902, -0.080364454062815227, 
0.81468699401640676, 0.41481511125102921, -0.017310816390539319, 
0.028496937877974755, 0.12657752139817677, -0.00091671086235539266, 
-0.23103772090422295, -0.07819910740951426, 0.022826804793357261, 
-0.044517234013895332, -0.036374213645465073, -0.024089628529365453, 
0.076232918796378266, -0.00340520749815852, 0.044042668746347699, 
0.097189648398016457, -0.048027932272762947, -0.013312690635510663, 
0.016961331701110225, 0.043052319681836676, -0.027574181905133794, 
-0.0070848896244345809, 0.046125654905883662, 0.039787410976390943, 
-0.076888109489451975, -0.083654895394594059, 0.0012991750562832457, 
0.027175492676665795, 0.0076818977269815583, 0.014602334596947908, 
-0.108141097488125, -0.0017697217769289265, -0.023518264783598964, 
-0.010678863292165582, -0.0073559964217108044, -0.021294447747616921, 
0.0155405645950078, -0.00062998559574036416, 0.01152753647144574, 
-0.014253554009105173, -0.018816994399156618, 0.016961331701110225, 
-0.01022628690496624, -0.0011713900280601684, 0.0019571578016905435, 
-0.0016529097263685935, 0.016642257592811346, 0.0048125950893769445, 
-0.057228522813790636, -0.16423232314858996, 0.018823033739650455, 
0.013582456023680998, 0.0085026893725728431, 0.0027409450823619366, 
-0.10192795140926762, 0.036959404938814451, -0.026463422946148171, 
0.014340827284522992, 0.025201271346974315, -0.026084859185063952, 
0.039458878841265262, -0.013215954340315802, 0.052397230469429519, 
-0.0078219457661406651, 0.022387196868870987, 0.043052319681836669, 
-0.0011713900280601684, 0.0062208788709718407, 0.00084272908387846739, 
0.0002520469516190742, -0.0083432429796474489, 0.0045679596567302968, 
-0.040192939056822523, -0.11022207364658843, 0.0031524846229654471, 
0.0061719854352275672, 0.003903739316387518, 0.0047943355622527542, 
0.025526646766583842, 0.030031960441469621, 0.010480309530087972, 
-0.027067605041076026, 0.014230717939896317, -0.013365449811596751, 
0.031475662038935828, -0.037040999100835595, -0.013757060811035032, 
0.0013302226153550896, 0.053864151571706972, -0.027574181905133794, 
