structure(c(-0.92900951559000333, -0.3626739455716827, 0.059392270958661016, 
0.092224462975110111, 0.07633687167890961, 0.20197566757434807, 
0.12150129198701676, 0.11549564709713088, -0.16235581575409805, 
-0.36140265958768686, -0.010993637358918854, -0.16826675394168383, 
-0.04866834294949382, -0.08042363104688191, 0.032049609383579425, 
0.1161607484812899, 0.053221001775213578, 0.060640288195227529, 
-0.24557043042624313, -0.094627718247679335, -0.12405637834564012, 
0.043963521266714357, 0.0014073028948544657, -0.0027028857599956315, 
-0.3626739455716827, -0.15283789838700876, -0.010584704642311326, 
0.18006156224604503, 0.053624590154121715, 0.14981276872898691, 
-0.031676150806850906, 0.019521171284817299, -0.10328049114333362, 
0.00097306997959078015, -0.10629019525125702, 0.0357753387214651, 
0.020112125968606731, 0.033060011586224666, 0.053798841032918814, 
0.010306972905666199, -0.016653328109033552, -0.02431987405736306, 
-0.15110686302134699, 0.0031034768046348899, 0.0023583234401569684, 
0.057608884528491125, -0.02298298608140548, 0.05693911064273862, 
0.059392270958661016, -0.010584704642311326, -0.0018201680076402635, 
0.067439556031340137, 0.027484569776534479, -0.0049901189165832182, 
-0.026330245579060191, -0.070365857246215732, 0.12910961518664793, 
-0.025491263940433814, -0.052933745315298993, 0.081000855914747608, 
-0.0075299035697598653, -0.0060089216786544039, -0.037782355644856137, 
0.049507155424105678, -0.034405163792290937, 0.0031390912553827775, 
-0.0055594702886060778, -0.10362712651791464, -0.0079196480371860906, 
-0.010324336508451675, 0.04462197018456085, -0.036535136063115897, 
0.092224462975110111, 0.18006156224604503, 0.067439556031340137, 
0.041006642057276707, 0.088750955266550371, -0.022384456508384911, 
0.021241381567766619, 0.017923782109722116, -0.092078457796066396, 
0.011349101174334901, 0.15109001109044851, -0.037200120227157282, 
0.0079475905279114325, 0.027128440497998261, 0.014627886860643697, 
-0.0010270723372987267, 0.01831324949793758, 0.032001808232911703, 
-0.28890855860328019, 0.11091945552932458, 0.01221051889076763, 
0.019737738316372426, -0.0014090393029118499, -0.0050126126503189337, 
0.07633687167890961, 0.053624590154121708, 0.027484569776534479, 
0.088750955266550358, -0.11255893586601651, 0.056397830040607874, 
0.050866183429499355, -0.042221503930640759, -0.10201200825848553, 
0.0637692224921656, 0.012170112982458655, -0.056319751316758308, 
-0.011206885761474774, -0.011379760484251586, 0.041779042066383672, 
0.002908189470559409, -0.018428870317416704, 0.02492696433128281, 
0.16325571090700169, -0.39097481554677987, -0.017416571874684459, 
0.059407156264883958, -0.014850754812427123, -0.023135396847708867, 
0.20197566757434807, 0.14981276872898694, -0.0049901189165832182, 
-0.022384456508384915, 0.056397830040607874, 0.0039438978783842967, 
-0.039747014295764369, 0.0086335692071339547, 0.06124997829346452, 
0.016126496817229986, 0.017564035624307979, -0.045320830624042713, 
-0.020486895765974449, -0.020108578762692227, -0.039130466236256024, 
-0.054480643171592243, -0.027652744910286353, -0.015043024113516247, 
0.43308702089728451, -0.023336098790942447, 0.016351448738962531, 
-0.055288072149213621, -0.03214059381826391, 0.0052872530777502242, 
0.12150129198701676, -0.031676150806850906, -0.026330245579060194, 
0.021241381567766619, 0.050866183429499355, -0.039747014295764369, 
-0.063235448261297261, -0.022737709538349523, -0.11153740129775416, 
0.043514448926332897, -0.064523592433621033, 0.076651705468353454, 
0.010237293922903481, 0.038194179812890985, 0.03080525545463407, 
-0.05388880635675946, -0.0022882211273943451, 0.0076094566344146568, 
0.34799142694315582, 0.12824543785711842, 0.011398251356284202, 
-0.019948475949204198, 0.025452643552069928, 0.0012005689013134249, 
0.11549564709713087, 0.019521171284817302, -0.070365857246215732, 
0.017923782109722116, -0.042221503930640752, 0.0086335692071339547, 
-0.022737709538349523, -0.0047380323573721177, 0.076095952561914537, 
0.05598177741734342, 0.13270105100433086, 0.0023056242594031479, 
0.0053235365907842178, -0.0094547652069983806, -0.024444084897739714, 
0.0012378531663791716, 0.00081124450788637112, 0.017315823498170631, 
0.25977318378606756, -0.030808658107080378, -0.018683217064857174, 
0.0020726382146960725, 0.0019982126030192869, -0.00084913783366094672, 
-0.16235581575409802, -0.10328049114333362, 0.12910961518664793, 
-0.092078457796066396, -0.10201200825848554, 0.06124997829346452, 
-0.11153740129775415, 0.076095952561914523, -0.62268952654095944, 
0.0064372034653648177, -0.14760182426458324, 0.15472814369983984, 
0.064495500397335301, 0.093890999046087581, -0.077598603545156741, 
0.055144080469836286, -0.01907261755605031, 0.038602966495200515, 
-0.006979401604585495, -0.1862753204756632, 0.09155579593311941, 
0.01267616694701622, 0.051726837475954156, 0.01799680920630848, 
-0.36140265958768686, 0.00097306997959078015, -0.025491263940433811, 
0.011349101174334901, 0.0637692224921656, 0.016126496817229982, 
0.043514448926332903, 0.05598177741734342, 0.0064372034653648168, 
0.047583642613941497, -0.026253717610133367, 0.041354812339011685, 
-0.030171254689792544, -0.02450699386937074, -0.048830066977458418, 
0.019314601248799371, -0.031015208514286016, -0.031993726869816753, 
0.67439822283201567, -0.37518411810788399, -0.016255574408347111, 
-0.019544833980355437, 0.047386675708826577, -0.0047927817155186524, 
-0.010993637358918855, -0.10629019525125702, -0.052933745315298993, 
0.15109001109044848, 0.012170112982458656, 0.017564035624307979, 
-0.064523592433621033, 0.13270105100433083, -0.14760182426458326, 
-0.026253717610133367, -0.49746050911665718, -0.077533491073489863, 
-0.0089949977418810906, 0.065077648003413938, 0.092372436900789848, 
0.038487937651043323, 0.19282726764086128, -0.037993966578885562, 
0.47155917402994402, 0.36009075867122331, 0.080770202382983602, 
0.061266521104307581, 0.16773894145976029, 0.015885480366023792, 
-0.16826675394168381, 0.0357753387214651, 0.081000855914747608, 
-0.037200120227157275, -0.056319751316758301, -0.045320830624042706, 
0.076651705468353454, 0.0023056242594031479, 0.15472814369983987, 
0.041354812339011678, -0.077533491073489863, -0.099367411721826587, 
0.0012878485418553473, 0.017453294091420078, -0.02697120606120083, 
0.010981442589125158, 0.06038541691852374, 0.010890323612207672, 
-0.21509134504497526, -0.035669902112776104, -0.0061737877177947525, 
0.0081633503382804781, 0.0064901540308137246, 0.0054767165821718528, 
-0.04866834294949382, 0.020112125968606731, -0.0075299035697598644, 
0.0079475905279114325, -0.011206885761474774, -0.020486895765974449, 
0.010237293922903483, 0.0053235365907842169, 0.064495500397335301, 
-0.030171254689792541, -0.0089949977418810889, 0.0012878485418553473, 
0.018682791762748188, 0.012509855050471329, -0.004796821113829482, 
-0.00052488582436849187, 0.015991658028008216, -0.0035213819423026088, 
-0.09901123393756206, 0.05567933763168053, 0.0086001224648801552, 
0.012615285316545891, 0.0073598077052076426, -0.0073350028765303225, 
-0.080423631046881897, 0.033060011586224666, -0.0060089216786544039, 
0.027128440497998257, -0.011379760484251586, -0.020108578762692224, 
0.038194179812890985, -0.0094547652069983806, 0.093890999046087595, 
-0.024506993869370743, 0.065077648003413938, 0.017453294091420078, 
0.012509855050471329, 0.00095978453097007789, 0.004484113345140494, 
0.0062856309574089832, 0.0038313843351317537, -0.014972677063637703, 
-0.05224734256470509, 0.050160229746038766, -0.0056668324626323171, 
-0.0010835335826466846, 0.011159882390751752, -0.01931820557617105, 
0.032049609383579425, 0.053798841032918814, -0.037782355644856137, 
0.014627886860643698, 0.041779042066383679, -0.039130466236256024, 
0.03080525545463407, -0.02444408489773971, -0.077598603545156741, 
-0.048830066977458418, 0.092372436900789862, -0.02697120606120083, 
-0.004796821113829482, 0.004484113345140494, 0.034887800031405541, 
