structure(c(-0.27969755193418688, -0.57603167975685732, 0.15253293419739444, 
0.2491553535587844, -0.27903373597567777, 0.031162087533118964, 
-0.098332316573381845, 0.0022153308806927641, -0.40712814177615109, 
-0.047686050806145297, -0.90326064228181646, 0.20452166614895437, 
0.11402324450228078, 0.16431581515367938, -0.087214313163780699, 
-0.056642794625975122, 0.13113359606766259, 0.02198557276298975, 
0.43081812528522573, -0.47178735146703205, 0.040374021682431767, 
0.07282124757471764, 0.00033318389229937352, 0.078230093789119923, 
-0.57603167975685732, -0.61704957265997051, -0.048917458916835563, 
0.08076349850842747, -0.29688263942800902, -0.0053323655314184955, 
0.049258511624651558, -0.065499133858695976, -0.45389647452404824, 
-0.4016972939091813, -0.46521802700910031, -0.075982880735963293, 
0.028774531459918914, 0.012741514425022093, -0.054289209263667426, 
0.099837628745711782, 0.053481411377718183, 0.096877624077606167, 
-1.1333160464076277, -0.11411954733010617, -0.00066846982699963347, 
0.028599873790651452, 0.030734871693141704, -0.0010330295639692324, 
0.15253293419739444, -0.048917458916835563, 0.16208790728751876, 
-0.084321079224152745, 0.062746962812848778, -0.0041879559084044646, 
0.031969221836623651, 0.073700434456563005, -0.12667562322144396, 
-0.085024560130425669, 0.13939154272446855, -0.13778571911575088, 
0.021792208856878194, -0.01647178664171944, 0.03716821764124284, 
-0.085217080442877027, 0.042437205210697708, -0.011778620606255815, 
0.28749781492494281, -0.011299690766922076, 0.029464990343944456, 
0.013974605204218707, -0.051832361208084328, -0.0034917432403519448, 
0.24915535355878443, 0.08076349850842747, -0.084321079224152745, 
-0.081559623159411204, -0.098668849887907376, 0.020844122526622575, 
-0.011128523132761081, -0.018994538705373057, 0.28966914266361404, 
0.16072473698312684, 0.18800926286674069, 0.029969520467778264, 
-0.0091674489044150792, 0.0063897566008087221, -0.026018484565831976, 
0.040885351060537187, -0.048443818803803107, -0.006676036548743422, 
0.20782341126711054, -0.27652525218807661, -0.032377263557617865, 
-0.013987434482506746, 0.03595799215653913, 0.023974883474009778, 
-0.27903373597567777, -0.29688263942800902, 0.062746962812848778, 
-0.098668849887907389, 0.11227980459097887, -0.0090952654219943908, 
-0.046348091913229618, 0.018873395654941939, -0.1811068650201616, 
-0.16428751992680321, -0.30865209937444826, 0.084127281702015763, 
0.012040130892403354, -0.00699218014605497, -0.0014355620588219142, 
0.010990993902805597, -0.02926972167964919, -0.018501180590762407, 
0.11717989152098646, 0.32127140618304695, -0.00051137971462088185, 
-0.069824116735891617, 0.018516977308391927, 0.072850356674600367, 
0.031162087533118964, -0.0053323655314184955, -0.0041879559084044646, 
0.020844122526622575, -0.009095265421994389, -0.030192308182761692, 
0.024171451113627115, -0.030245298915507406, 0.11622450976608485, 
0.003957920692051438, 0.14497339495589695, 0.034389152704508062, 
0.004806792156673627, 0.011224690466983397, 0.022450960927312486, 
0.00992861253027723, 0.072331490440794496, 0.023616847404616181, 
-0.36004145944503768, -0.066203500730192211, 0.026122536638599182, 
0.067661803708923718, 0.060110323539835191, -0.017262344215872395, 
-0.098332316573381831, 0.049258511624651551, 0.031969221836623651, 
-0.011128523132761081, -0.046348091913229625, 0.024171451113627115, 
0.069815452500492689, 0.0047890976560810965, 0.13927030031888146, 
-0.036434207179631861, 0.10534943983516536, -0.08596781385014482, 
0.025252659060290606, -0.0065861829264230853, -0.014538226294839132, 
0.038883097620886216, 0.025442791636447349, 0.0016433395453791162, 
-0.34395017379409548, -0.096830370301964813, 0.0079511400531121889, 
0.042638562432365107, 0.015082659770172768, 0.018693249274669529, 
0.0022153308806927641, -0.065499133858695976, 0.073700434456562991, 
-0.018994538705373057, 0.018873395654941939, -0.03024529891550741, 
0.0047890976560810957, 0.041308770054818013, -0.061675057319218948, 
0.037566747542052407, -0.10373075464418212, 0.0089144236079444824, 
-0.013602315580332801, -0.0032694556183192726, 0.032329418822528079, 
-0.00032909466854404786, -0.02764298177671759, -0.038028278598927399, 
-0.39205164453599523, -0.19899203938111357, 0.0056379853489483501, 
-0.0068303684755314743, -0.022903493652797435, -0.0059330941818392944, 
-0.40712814177615109, -0.45389647452404824, -0.12667562322144396, 
0.28966914266361404, -0.18110686502016163, 0.11622450976608485, 
0.13927030031888146, -0.061675057319218948, 0.057055336615735724, 
-0.55645670303664085, -0.80852894387123664, -0.1751932334236064, 
-0.059254304867455719, -0.063972067926144724, 0.077984273762538525, 
0.012567716714425402, -0.015264023271568328, -0.09350260259841911, 
-0.0068942613175922334, -0.019004972340085958, -0.077991728632945248, 
0.032938200507550579, -0.038795894350377627, -0.014083988628647145, 
-0.04768605080614529, -0.4016972939091813, -0.085024560130425669, 
0.16072473698312684, -0.16428751992680321, 0.003957920692051438, 
-0.036434207179631861, 0.037566747542052407, -0.55645670303664085, 
-0.089546060963271806, -0.51354890020585842, 0.0024023790899551233, 
-0.0024154710731507647, -0.0049894992474590252, 0.013001252226612905, 
-0.0068301383197505528, 0.073380729917501122, 0.065040522039209556, 
-1.076453395988294, 0.47720787703569517, 0.062436655794009192, 
0.076522550078290175, 0.050173214581672343, 0.057619812374793404, 
-0.90326064228181646, -0.46521802700910031, 0.13939154272446858, 
0.18800926286674069, -0.30865209937444826, 0.14497339495589692, 
0.10534943983516536, -0.10373075464418212, -0.80852894387123675, 
-0.51354890020585842, -0.70688084041019306, 0.085488128159766474, 
0.036774982944551934, -0.019433605382057677, -0.11331230155954651, 
-0.018051606915808972, -0.13665783141964186, -0.091661005890306305, 
-1.0522668375615807, -0.49470427497466407, -0.19344145267791821, 
0.020328301386048655, -0.090407127682943206, 0.015020901976593795, 
0.20452166614895437, -0.075982880735963293, -0.13778571911575088, 
0.029969520467778264, 0.084127281702015763, 0.034389152704508062, 
-0.08596781385014482, 0.0089144236079444824, -0.17519323342360643, 
0.0024023790899551237, 0.085488128159766474, 0.06221778088029635, 
0.0020113970997909674, 0.022976601964413867, 0.01432196981465857, 
0.042470724911804966, -0.0054540320873419394, 0.024592249577078586, 
0.34700295171229179, 0.14695759653495835, 0.05040453392637375, 
0.076383753497508353, 0.038670572993899512, 0.0092180501713886413, 
0.11402324450228078, 0.028774531459918911, 0.021792208856878194, 
-0.0091674489044150792, 0.012040130892403354, 0.0048067921566736279, 
0.025252659060290606, -0.013602315580332799, -0.059254304867455726, 
-0.0024154710731507647, 0.036774982944551934, 0.0020113970997909674, 
0.021091297101640732, 0.024712397290616871, 0.015329040299750669, 
0.0045595632837798642, 0.0063136506938619016, 0.021413002509691078, 
0.25638001561947393, -0.13966869572686538, -0.020150477719415093, 
0.004486931213924651, 0.017840160549631716, 0.022617269774082821, 
0.16431581515367941, 0.012741514425022093, -0.01647178664171944, 
0.006389756600808723, -0.00699218014605497, 0.011224690466983397, 
-0.0065861829264230853, -0.0032694556183192726, -0.06397206792614471, 
-0.0049894992474590243, -0.01943360538205768, 0.022976601964413867, 
0.024712397290616868, 0.040216088472325134, 0.01314089284400596, 
-0.0081287775816172893, 0.0051712936058758239, 0.020266112100523346, 
-0.042491956428264074, -0.038263612309134332, 0.023255675756921022, 
0.028068292202513702, 0.010524585778616711, 0.034964814091070544, 
-0.087214313163780699, -0.054289209263667433, 0.03716821764124284, 
-0.026018484565831976, -0.0014355620588219142, 0.022450960927312483, 
-0.014538226294839134, 0.032329418822528072, 0.077984273762538525, 
0.013001252226612905, -0.1133123015595465, 0.014321969814658568, 
0.015329040299750669, 0.013140892844005958, -0.001928109528155563, 
