structure(c(-0.030567723221426871, -0.02988024789048856, 0.011656906424887458, 
-0.012494384760940331, -0.055371378492102954, -0.026637664746792768, 
-0.005520333903336741, -0.0083391319858284775, -0.093071379694387224, 
0.00016575555753304313, 0.022940171406959052, -0.025135876369290835, 
-0.018135376784658357, -0.0072197629079252795, 0.029871527988482867, 
-0.039989361933001275, -0.0097822414663668814, -0.0076545306077547004, 
0.0062212739387197151, 0.02328554915438508, 0.0051512487837398913, 
0.0037208061466456953, -0.017654638728915886, -0.003183783829201532, 
-0.029880247890488557, 0.0013948078416313014, 0.0080174599239474353, 
0.022436888207618588, -0.031131686888829894, -0.016041738076499227, 
-0.018908690078089506, -0.0023763523873378163, -0.01253365881371343, 
0.022648759485990214, -0.0052377172861306281, -0.00039038732273039825, 
0.0046040502853653027, 0.011496202693828478, 0.0096393641144486061, 
-0.019150865432773626, 0.0045557918583719846, 0.0097553039139263633, 
-0.030809505709093025, -0.024480544409993164, -0.0093826020645052573, 
0.0015119704175832382, -0.004401896365427811, 0.00063286643644437201, 
0.011656906424887458, 0.0080174599239474353, 0.034656346646809798, 
-0.0050283546358774458, -0.012068748225898924, -0.0079717997789285726, 
0.003869553375989038, -0.0084785749913077486, -0.0089439416981785848, 
-0.012238084940550138, -0.031636438376102964, -0.00077897552695517589, 
0.0012474674283280422, -0.0014584059639873707, -0.0027469054602345675, 
-0.0084118714314475457, -0.010816316225061413, -0.011957952592540998, 
0.033010716615734279, 0.0095303371864590633, -0.0055585087789231614, 
1.4322279733424641e-05, -0.0029822959184492761, 0.00053459482107079794, 
-0.012494384760940329, 0.022436888207618588, -0.0050283546358774458, 
0.011472524532181417, -0.0095235679976896533, 0.0018837915489838685, 
-0.0064826360082774143, -0.0049514028770093702, 0.0079395536326354252, 
0.0014387302791975267, 0.0087428852067296323, -0.0071194930779022681, 
-0.0004785372299673233, -0.0021389658784019289, -0.00086389256754076178, 
0.0054423892293918204, 0.012554589812512708, 0.01393496090254407, 
0.028321959958966907, -0.013813448795946348, -0.0044764070933907751, 
-0.0076106199166083863, 0.0048356303855615328, -0.0019300211185376763, 
-0.055371378492102954, -0.03113168688882989, -0.012068748225898922, 
-0.0095235679976896533, -0.017241682035268584, -0.0010860559641614348, 
-0.015246575498706562, -0.0025746049768817238, -0.037777631480926901, 
-0.015147111820953451, -0.014726475182206966, 0.012057383180578725, 
0.0066119195505201546, 0.0060666606782612455, -0.0025115886510739642, 
-0.0063074109302095581, -0.0086266311232984505, 0.0037376092578492444, 
-0.030525110800384038, -0.00088403591477604032, -0.0038688505051895391, 
-0.0047267947754016182, -3.0648446903615414e-05, -0.003117443546136067, 
-0.026637664746792768, -0.016041738076499223, -0.0079717997789285726, 
0.0018837915489838685, -0.0010860559641614348, -0.0004811071574513608, 
0.0036737662568970364, -0.0070788071815767843, -0.014382543630316939, 
-0.013496353285890508, -0.031757923727088314, -0.0050392406558077809, 
0.00031004884531542231, 0.003052443078552779, -0.0021786521854796517, 
0.0050878903419116503, -0.0019241014126065072, 0.010651086907536782, 
0.01922792796236612, -0.027579922032131221, 0.0080809523274998421, 
0.002109336088358239, 0.0015461104466614911, 0.0028776338974276349, 
-0.005520333903336741, -0.018908690078089509, 0.003869553375989038, 
-0.0064826360082774143, -0.01524657549870656, 0.0036737662568970368, 
-0.013176919184447057, -0.0026238498099129021, -0.0040358683897874547, 
0.0076196467003321316, -0.036949033353054432, -0.00012830562227336974, 
0.0039185733582323013, 0.001643799272290491, 0.0056312706212993079, 
-0.0041888795419668737, -0.00030882352598852922, 0.00372563370852991, 
-0.032706234832840415, 0.041991291895180603, -0.0060737530645103557, 
0.0026575349093820484, -0.0057172059759534001, -0.0029364837945429698, 
-0.0083391319858284775, -0.0023763523873378163, -0.0084785749913077486, 
-0.0049514028770093702, -0.0025746049768817234, -0.0070788071815767843, 
-0.0026238498099129016, -0.018320715509083072, -0.012634935581562191, 
-0.016738287521956885, -0.023532490023568178, -0.0034513665265324556, 
-0.0052778113500560114, -0.00017724592527869489, -0.00034773819406852118, 
-0.004294284435184822, 0.0062527196618439168, 0.00046061684385642458, 
0.048382819354664951, -0.01564118913644149, -0.0025228441493269811, 
-0.0067996142941226618, -0.0014094633312905164, -0.0012966281208382643, 
-0.09307137969438721, -0.012533658813713431, -0.0089439416981785848, 
0.0079395536326354252, -0.037777631480926901, -0.014382543630316939, 
-0.0040358683897874547, -0.012634935581562189, -0.023222687219448115, 
0.024865571269101633, -0.016329551320254276, -0.022565706223124753, 
0.009008021657229243, 0.013422700591192016, -0.0058908416212961646, 
0.0040914561128186297, 0.01496746905774571, 0.0076227334016201265, 
-0.010801319986337703, 0.012717579925953364, 0.0022092744456815938, 
-0.017667345549909862, -0.0019610041098643465, 0.015018947449102676, 
0.00016575555753304313, 0.022648759485990214, -0.012238084940550138, 
0.0014387302791975267, -0.015147111820953451, -0.013496353285890508, 
0.0076196467003321316, -0.016738287521956885, 0.024865571269101633, 
-0.0088472571884829661, -0.02877580563065955, -0.0026846387481446726, 
-0.0075233760496598622, -0.0029259601458915215, 0.0013725029651171687, 
-0.0057953394305656387, 0.0037849037145975947, 0.023023751024129405, 
-0.0049319775110224021, -0.028455433959063428, 0.00020984980535812184, 
-0.005918290886691227, 0.0076001747566008587, 0.012905084809585868, 
0.022940171406959052, -0.0052377172861306281, -0.031636438376102964, 
0.0087428852067296305, -0.014726475182206964, -0.031757923727088314, 
-0.036949033353054425, -0.023532490023568178, -0.016329551320254276, 
-0.028775805630659547, 0.021576515791529541, -0.054040196008156557, 
-0.0051995488398557414, -0.00014059584141054769, 0.001769996793001678, 
0.011254995266650311, 0.013036578686405918, 0.012390779511501417, 
-0.041733637952399927, 0.041578888548436388, -0.0050313603332937835, 
-0.0069724383630175692, 0.014612537753775832, 0.011434497279957561, 
-0.025135876369290839, -0.00039038732273039825, -0.00077897552695517579, 
-0.0071194930779022681, 0.012057383180578725, -0.00503924065580778, 
-0.00012830562227336971, -0.0034513665265324556, -0.022565706223124756, 
-0.0026846387481446726, -0.054040196008156557, 0.00086036963607481851, 
-0.001717509413831148, 0.0021438479846006752, 0.0075669645540086755, 
0.0012897717895786974, -0.0014937584510175208, 0.0033555217358778892, 
0.018144454647164611, 0.043839678873605112, -0.0013066124560115176, 
0.0031518568783551254, -0.0065494605764034666, 0.0028109336277465482, 
-0.018135376784658357, 0.0046040502853653027, 0.0012474674283280422, 
-0.0004785372299673233, 0.0066119195505201546, 0.00031004884531542237, 
0.0039185733582323013, -0.0052778113500560123, 0.009008021657229243, 
-0.0075233760496598613, -0.0051995488398557405, -0.0017175094138311478, 
-0.0018007106952658961, -0.0011850655325519176, 0.00079547328050425014, 
-0.0035408818348646029, 0.00024820787499314127, -0.00029042104086825292, 
-0.0030483678733480343, 0.0049848871846861478, 0.0027005439502579922, 
0.0019653662205105977, 0.0026397027174942171, 0.0014385264200960466, 
-0.0072197629079252795, 0.011496202693828478, -0.0014584059639873707, 
-0.0021389658784019289, 0.0060666606782612447, 0.003052443078552779, 
0.001643799272290491, -0.00017724592527869489, 0.013422700591192016, 
-0.0029259601458915211, -0.00014059584141054769, 0.0021438479846006752, 
-0.0011850655325519176, -0.0017063204993227159, -0.00097221683267837973, 
-0.001185380850923427, -0.0018921184487283617, -0.0025738151985551438, 
-0.02694288032490718, 0.016467460171177523, -0.00029100809178654038, 
0.0022727645804169524, 0.0010863439433605568, 0.00077010118725191333, 
0.02987152798848287, 0.0096393641144486061, -0.002746905460234567, 
