structure(c(-0.38414044898920929, -0.2187825186128067, 0.048275887370589639, 
0.02403503679890728, -0.036221447152036054, -0.033823343740865174, 
0.084208399019851027, -0.047338604976130363, -0.16915409123305475, 
-0.17681969363656713, -0.14142778303432443, -0.036156178592619166, 
-0.047392634325367979, -0.028525378771393755, 0.057689670066434162, 
0.0042136754056431433, 0.010167946306818715, -0.013059067761468443, 
0.054976818584354534, 0.029124522764160863, -0.030741990343286639, 
-0.012568157963176571, 0.035663790982982752, 0.042206419775800065, 
-0.21878251861280673, -0.028400603437300383, 0.06254183974589507, 
0.024044898726919832, -0.0051687153377349632, 0.020101735551022945, 
0.029959317062478761, 0.012723450411417706, 0.019826257279268678, 
-0.030757811526248399, 0.058061904142525156, 0.022245354034796081, 
-0.0018606389941687991, -0.019587749193203666, 0.013167018590011369, 
-0.010258029069676902, 0.0039774916370019222, -0.030631266991773126, 
0.20556963791823257, -0.032896175227180857, 0.0019113087436830596, 
-0.016302061141929211, 0.0075506087107980353, -0.014186938807399232, 
0.048275887370589639, 0.06254183974589507, -0.024484493836602332, 
0.023378715247447248, 0.014095490664099207, 0.006078008044750588, 
-0.0087176567412633483, -0.0093646659965075582, 0.044528265077202533, 
0.00139256056307526, 0.0073034111007024925, 0.0088493103590226371, 
-0.0052212718605317001, -0.0084848729220342155, -0.0035598860477138814, 
0.0062669805130465698, -0.0043246738510514179, -0.0021818626620451645, 
-0.034389641078322021, 0.043675914845841067, 0.014356176998070493, 
0.0010865702112794618, -0.0047508417289823905, 0.00015470471481199375, 
0.024035036798907276, 0.024044898726919835, 0.023378715247447248, 
-0.0024224965089482595, 0.037717190481375992, -0.026763730480122642, 
0.015331855595247443, 0.0076678463675445519, -0.052171711009789123, 
-0.0024008025430466234, 0.065340751028745703, -0.036216217918059818, 
0.0017580187246115622, -0.0016641466057541292, -0.0017969611736758648, 
-0.0071866891051534472, 0.0042480672983932427, 0.024097664758124544, 
-0.08713765155185331, -0.041306022513587719, -0.015053870290361813, 
0.0021277956657874309, -0.017319040881769211, -0.0096677466011177108, 
-0.036221447152036054, -0.0051687153377349632, 0.014095490664099207, 
0.037717190481375985, 0.017371567678506693, -0.013026949841951838, 
0.012373332472922591, -0.025940784322982934, -0.02120510241734486, 
0.019372676120516363, 0.0027957773237576537, -0.012275716783335298, 
-0.0099107775364759756, 0.0061101158603520753, -0.0033242289724461894, 
0.040626151517603681, 0.0050754128743197525, 0.039119681034090657, 
0.21274755549123564, -0.098605897396757042, 0.00040987251380088718, 
-0.018075050071691866, 0.0057553096285547457, -0.014750356003017879, 
-0.033823343740865174, 0.020101735551022945, 0.006078008044750588, 
-0.026763730480122642, -0.013026949841951836, 0.0048027216765416329, 
0.005033747064374196, 0.02880579674045761, 0.051966383699897069, 
-0.020748077843592904, -0.030319356279144172, -0.0058593654385805938, 
-0.00054134752294262959, -0.0065266518656395683, -0.0063672562199908328, 
0.00071264563038816672, -0.00083824362827071531, 0.010360655459737377, 
0.16177020514769008, -0.021220586320120874, -0.0066401142727987739, 
0.015997831492081293, 0.018290823429779873, 0.0043410848102525086, 
0.084208399019851027, 0.029959317062478757, -0.0087176567412633483, 
0.015331855595247443, 0.012373332472922591, 0.0050337470643741951, 
-0.024549270440049779, 0.018097482693078558, 0.014028181320542127, 
-0.020877099676832322, 0.011029518041717493, -0.0072715519411465481, 
-0.0019304365932422917, 0.0044628655828946135, 0.005777936709340954, 
-0.0063718623313126542, 0.015849791248933445, 0.017216036356581761, 
0.19661926944328931, -0.071664382321720357, 0.0062539488562582696, 
-0.011225981774617153, 0.0072653998442457094, 0.011326725903051284, 
-0.047338604976130363, 0.012723450411417706, -0.0093646659965075599, 
0.0076678463675445519, -0.025940784322982934, 0.028805796740457613, 
0.018097482693078561, 0.0063589562282827172, 0.0041496340434854003, 
0.060655924266574415, -0.039220473644263197, -0.01763798934742716, 
0.0058124777905907655, 0.0025367240823797824, -0.0010012343767281573, 
-0.0049561476295732366, -0.0066627578077327766, 0.003180332696232599, 
-0.074859808683525708, -0.072437522080668656, -0.040712325283431237, 
-0.015307272692616905, -0.018126690690878841, -0.011116576444136965, 
-0.16915409123305478, 0.019826257279268678, 0.044528265077202533, 
-0.052171711009789123, -0.02120510241734486, 0.051966383699897069, 
0.014028181320542128, 0.0041496340434853994, -0.04531634963417782, 
-0.02560027734551068, -0.20461461344957652, 0.040951029378015889, 
0.01049502945359148, 0.025934917237295931, 0.051275105830518156, 
-0.010454950692038738, 0.067485559683391691, -0.024923800358643666, 
0.14507614661245571, -0.085399941504985782, -0.024060933341705532, 
-0.00079820970473811934, 0.028853061281813665, 0.018712884744357984, 
-0.17681969363656713, -0.030757811526248399, 0.0013925605630752597, 
-0.0024008025430466234, 0.019372676120516366, -0.020748077843592901, 
-0.020877099676832322, 0.060655924266574422, -0.025600277345510673, 
-0.052518786270736806, -0.046262564198103297, -0.015723104584078655, 
-0.0039021507658496702, -0.020233279804798499, -0.0028308914266930631, 
-0.035198914966608513, -0.0034259449252755552, 0.034387507400125333, 
-0.13351988989790128, -0.19018719760318797, -0.054286491410731753, 
-0.032926234615190432, 0.0046532090941255313, 0.0080375800163698819, 
-0.14142778303432443, 0.058061904142525156, 0.0073034111007024933, 
0.065340751028745703, 0.0027957773237576532, -0.030319356279144168, 
0.011029518041717491, -0.039220473644263197, -0.20461461344957654, 
-0.046262564198103297, -0.2911337990613943, -0.0044104890165453589, 
-0.0069213881341220508, -0.0099643134621631938, 0.025570069774541203, 
0.007837636565292596, 0.033269972417797569, 0.028959396094870145, 
0.039762802289059228, 0.19816322872131698, 0.021459793679995495, 
-0.0081469718330484248, 0.021583828055241446, 0.014791925891669942, 
-0.036156178592619166, 0.022245354034796081, 0.0088493103590226389, 
-0.036216217918059818, -0.012275716783335298, -0.0058593654385805938, 
-0.0072715519411465472, -0.01763798934742716, 0.040951029378015896, 
-0.015723104584078655, -0.0044104890165453589, -0.073737440407400434, 
0.026501536942291151, 0.019596566457649893, -0.001938637965998488, 
0.0078158515175263364, 0.014506198733722277, 0.0073949336042240738, 
-0.1064825433006453, 0.022128778764599993, 0.011361213942283297, 
0.013980090406643567, 0.014159177482674741, 0.0091780430310013737, 
-0.047392634325367972, -0.0018606389941687991, -0.0052212718605317001, 
0.0017580187246115622, -0.0099107775364759756, -0.00054134752294262959, 
-0.0019304365932422914, 0.0058124777905907655, 0.01049502945359148, 
-0.0039021507658496698, -0.0069213881341220517, 0.026501536942291154, 
0.0034864153995635794, 0.0087507307912775608, -0.005376435040194188, 
-0.0041682179800527049, 0.0026749250349904288, 0.0059272779945080539, 
0.0202897572346071, 0.06114438230052522, 0.006653140494205608, 
0.0064538325593144182, 0.0095819971606936911, 0.0055830314098469632, 
-0.028525378771393755, -0.019587749193203666, -0.0084848729220342155, 
-0.0016641466057541292, 0.0061101158603520753, -0.0065266518656395683, 
0.0044628655828946127, 0.0025367240823797824, 0.025934917237295931, 
-0.020233279804798499, -0.0099643134621631956, 0.019596566457649896, 
0.0087507307912775608, 0.0097291238660015683, 0.0021326702682781303, 
-0.0043486376264506004, 0.0014191231805455538, 0.0026741922033833411, 
0.0075623722494472193, 0.030935636212811039, -0.0048949693692591362, 
0.009393480864089386, 0.0083522924690441272, 0.0090132694640315571, 
0.057689670066434155, 0.013167018590011367, -0.0035598860477138814, 
-0.0017969611736758646, -0.0033242289724461898, -0.0063672562199908319, 
0.005777936709340954, -0.0010012343767281573, 0.051275105830518156, 
