structure(c(0.004135389278422082, 0.03670316847541933, -0.01376810843058246, 
0.069361213425171972, 0.0075028722673739414, 0.051503787483060698, 
0.038261317248873904, 0.019044045827250285, -0.029667609274960538, 
0.013311768023117522, -0.039615758475027962, 0.040343811637754377, 
0.026981433997352769, 0.012982302702135858, -0.032463723503583071, 
0.022130007774328209, 0.023023307537397456, 0.013701096382077288, 
0.049863314620286862, 0.012481437217660098, -0.028908302565432201, 
-0.0078519387697253799, 0.017935354146467724, 0.00089638816923226982, 
0.036703168475419323, -0.0024004881001264437, 0.0082764473196685288, 
-0.0055847185411067278, -0.01635806431302169, 0.053151470089570246, 
0.057269535289598619, -0.020638004133314666, -0.026608114830176909, 
-0.013373941806918331, -0.057270116941530863, 0.0058417256111973816, 
-0.0091480154045110104, -0.0047043045516718543, -0.013862340487107848, 
0.010833662723664188, 0.013568959255673831, -0.0022719318331649117, 
0.048473094770932604, 0.075310934108385741, -0.0022918923660082743, 
0.0086732043093330075, 0.018831974071349736, 0.025619141436316033, 
-0.013768108430582461, 0.0082764473196685288, -0.020026295020287084, 
0.026540221670933752, 0.022110354901828971, 0.0090840996464036684, 
0.0079789989983592591, 0.00056479266020918013, 0.0095766183556606106, 
0.059841900510863327, 0.047928158134790788, 0.01343679268730099, 
0.00036393889962769874, 0.0061320137014475922, -0.00068180134575377739, 
0.0099698833147856096, 0.0076539213030012987, 0.0079335910357458978, 
0.012655165494642987, 0.025536884716132704, 0.009867291290712378, 
0.00057305929521804858, 0.0025896671525201041, 0.0062423247734915838, 
0.069361213425171986, -0.0055847185411067278, 0.026540221670933752, 
-0.031972445403050623, 0.009732008416967362, 0.0024941299415761949, 
0.010040930021691716, 0.012034851995299771, 0.015421837242250193, 
0.0032250723219260026, 0.0070263086124984098, 0.00073141239361186779, 
0.0074014216511440103, 0.0078811663909714447, 0.012996105806012251, 
-0.014700148256064676, -0.012539104719288969, -0.0030974346969523101, 
-0.056325799242309078, 0.065184659203288267, 0.0045768178833624374, 
0.0088516630737724387, -0.0029434209431333448, 0.0018734441575404138, 
0.0075028722673739405, -0.01635806431302169, 0.022110354901828971, 
0.0097320084169673603, 0.0062332719515316897, -0.0053882259868263819, 
0.012697266372629142, 0.010613360086318606, 0.012088267683322738, 
0.0050866271630820182, 0.026843372829066719, -0.024222734262667606, 
-0.006288753370382095, -0.0036675200380547625, 0.0061997538721315446, 
0.00070770618038211864, 0.018743438649552489, -0.0046836047252993779, 
0.01057593185984001, 0.027039251891039073, 0.007809229185131294, 
0.0082624462927836338, -0.0027639146599457588, 0.0058780088368079369, 
0.051503787483060698, 0.053151470089570246, 0.0090840996464036684, 
0.0024941299415761949, -0.0053882259868263819, -0.011920998812360089, 
-0.019659634778624688, 0.010826537071522341, -0.0010608915986780778, 
0.020884570946383449, 0.0097438333506360518, 0.0042631827394726289, 
0.0015794976101002911, -0.002062502199354208, -0.0061960062304781951, 
-0.011301098897549234, -0.0040771933135685893, -0.017588941960844155, 
-0.011088628142449364, 0.043770740934970333, -0.0063364503631691341, 
-0.0015046528015367957, 0.0045629437667941575, 0.0015621016958883925, 
0.038261317248873904, 0.057269535289598626, 0.0079789989983592591, 
0.010040930021691718, 0.012697266372629142, -0.019659634778624688, 
0.02221696115021134, 0.010707498944608144, 0.0091598942354047044, 
0.030453613922767873, 0.044576768536138831, 0.013465885547638192, 
0.0017526364594485243, 0.0080896453425336832, 0.012687541537883694, 
0.010222109737357935, 0.011508291920085704, 0.0020132649605791655, 
0.024299379244221, -0.023518067397234228, 0.0032263174713580956, 
0.0040159152058045133, 0.011183230829100312, 0.020348651381065317, 
0.019044045827250285, -0.020638004133314666, 0.00056479266020918013, 
0.012034851995299771, 0.010613360086318606, 0.010826537071522341, 
0.010707498944608144, 0.016177482185628325, 0.0089961480399555899, 
0.031787015553118629, 0.027282815942066097, -0.0049762799263357365, 
0.002886466175459775, -0.0036816250754760529, -0.015059353480137285, 
0.011641914647850827, -0.010173784191778867, -0.0016675801340542966, 
0.0030894277773485428, 0.012316446887423515, -0.0017894023034928518, 
0.0021162007652280423, 0.0016789151662763629, 0.00038769967970493793, 
-0.029667609274960538, -0.026608114830176912, 0.0095766183556606106, 
0.015421837242250193, 0.012088267683322738, -0.0010608915986780778, 
0.0091598942354047044, 0.0089961480399555881, -0.029802842328145434, 
-0.041607147959501795, 0.050164184981189082, 0.025425520120471085, 
-0.01108137387792885, -0.0065154288098332692, 0.029594982123870957, 
0.0041327743954255695, -0.012259166785745955, -0.0061853117082994839, 
0.143745899472739, -0.097749638413552678, -0.0094147289011734317, 
0.012643034128101537, 0.0041942247500833599, 0.021098030940574129, 
0.013311768023117522, -0.013373941806918331, 0.059841900510863334, 
0.0032250723219260022, 0.0050866271630820182, 0.020884570946383452, 
0.030453613922767873, 0.031787015553118629, -0.041607147959501795, 
0.0085453628377963713, 0.0070081578530279956, 0.0076692934609904305, 
0.012882557830729825, 0.012121551918340656, -0.0096972659578665101, 
0.0085583345523989676, -0.0015763862710873107, -0.013046535489458829, 
0.034458209489381678, 0.010442951057908099, -0.0094183612159519231, 
0.0088298653750288596, 0.00205086994409995, -0.0061948754153393253, 
-0.039615758475027955, -0.057270116941530863, 0.047928158134790781, 
0.0070263086124984098, 0.026843372829066719, 0.0097438333506360518, 
0.044576768536138831, 0.027282815942066097, 0.050164184981189082, 
0.0070081578530279956, -0.00059794526071565188, 0.062749173459902705, 
0.012722861118574168, 0.010907992263158009, -0.017681355078407866, 
0.0088326927830565394, -0.0072549615416350882, -0.030189952846951341, 
-0.095201055794970874, 0.084251633575165602, -0.014648906133082985, 
0.014198589305050144, -0.027468163366104931, -0.0017725442800954273, 
0.040343811637754377, 0.0058417256111973816, 0.01343679268730099, 
0.00073141239361186789, -0.024222734262667602, 0.0042631827394726297, 
0.013465885547638192, -0.0049762799263357357, 0.025425520120471085, 
0.0076692934609904296, 0.062749173459902705, -0.014417886589742987, 
0.0063063786265571947, 0.0018351731044332303, -0.0080530062382474909, 
0.0055149952030820537, 0.020179006187744455, 0.0078905193367655516, 
-0.059832602523215879, -0.05592767806987587, -0.005815635965749388, 
0.012629404977984223, 0.0070823330009019336, 0.0092220018691139098, 
0.026981433997352769, -0.0091480154045110104, 0.00036393889962769874, 
0.0074014216511440103, -0.006288753370382095, 0.0015794976101002911, 
0.0017526364594485243, 0.002886466175459775, -0.011081373877928851, 
0.012882557830729826, 0.012722861118574166, 0.0063063786265571947, 
0.0029120742917924619, -0.0015148060644231396, 0.0019195894038632813, 
0.00063395223842215313, 0.0017690498800350695, 0.0020755391070621668, 
0.021506911344114584, -0.014104052500700176, -0.0052207786590193006, 
-0.005094117780394725, -0.0014555318726982513, 0.0017275676652883367, 
0.012982302702135858, -0.0047043045516718535, 0.0061320137014475922, 
0.0078811663909714429, -0.0036675200380547621, -0.0020625021993542084, 
0.0080896453425336832, -0.0036816250754760529, -0.0065154288098332683, 
0.012121551918340655, 0.010907992263158011, 0.0018351731044332303, 
-0.0015148060644231396, -0.0037515315166552392, 0.0031869985639175723, 
0.00026888197397236478, 0.0015981676254850771, 0.0030432244816420068, 
0.026672851441125824, -0.024106357643761171, -0.0011540845526527581, 
-0.0056434253347485246, -0.0002061600281215175, -0.0028907060844748124, 
-0.032463723503583071, -0.013862340487107848, -0.00068180134575377728, 
0.012996105806012249, 0.0061997538721315438, -0.0061960062304781951, 
0.012687541537883694, -0.015059353480137283, 0.029594982123870957, 
