structure(c(0.04427181291392418, 0.045380016425493469, 0.022543209251979109, 
-3.0843557521664132e-05, 0.073565248178019488, 0.073223095425279897, 
-0.053480128688451596, 0.045568529310078619, 0.062602996627262, 
0.12395754411889991, 0.067568734497073166, 0.0061318186286812978, 
0.082500190962606218, 0.063237694096848165, -0.096155198713980969, 
0.038191859143831948, 0.03242276179496853, 0.060090294651877547, 
0.058563617902581293, -0.1606022972122523, 0.015717074347515177, 
0.041442188779517823, -0.042257165514704008, -0.034721439606133865, 
0.045380016425493469, -0.11706364241712595, -0.023530476433218872, 
0.032343509946133157, 0.048165609264776844, 0.028154488002157495, 
-0.026967726459317849, -0.033998409223468577, -0.15007781657670025, 
-0.089583916107744591, -0.24388112434638889, -0.037363321047365922, 
0.029304605442821808, 0.033271082502973198, -0.016751453295418932, 
0.054787399705372976, 0.026408087420584096, 0.054602130867345937, 
-0.42142890463795962, 0.072132707790801789, 0.0035320678488378159, 
0.044607415699533505, -0.075183128461796908, -0.0064259145954964902, 
0.022543209251979109, -0.023530476433218872, 0.024469043551069207, 
-0.037178801575014055, 0.044510820251375538, 0.0081987530190472876, 
0.0050644257257975141, 0.011519408023908136, -0.018384475189897363, 
-0.021365781735451696, 0.011841461103632918, -0.0048211641697758064, 
0.003756031485713459, 0.0065900759910564408, 0.0051838878528076794, 
-0.01238107515225617, 0.0033263663968932959, 0.0067075771160078901, 
0.03861859706780435, 0.034465451500597946, 0.024885876638743358, 
0.012324354902235622, 0.010714574995861297, -0.019425197568611625, 
-3.0843557521664132e-05, 0.032343509946133157, -0.037178801575014055, 
0.046525403028728811, -0.068256340594648621, 0.011768005419110151, 
-0.011619548102646244, -0.01770506381591886, 0.12944258136868178, 
0.071571326138044788, -0.0222134899877208, 0.06586323698995053, 
-0.021413782254896031, -0.011215569583670761, -0.013322951100429985, 
0.016216752366002014, 0.0049647704973105776, 0.011738525559956624, 
0.06637103518352315, -0.12936201857922897, 0.013304994520633067, 
-4.9250142376002316e-05, 0.012804599360179164, 0.024498069493932351, 
0.073565248178019474, 0.048165609264776851, 0.044510820251375545, 
-0.068256340594648621, -0.083212157751313937, 0.039551593348405689, 
-0.028843374137126298, 0.024823120334736364, 0.022887808752593868, 
-0.041070685904717956, 0.038274184763806937, 0.0056258670106038387, 
0.0091089224684810562, -0.0057988332835143793, 0.0076397470199683765, 
-0.011035427933712663, -0.034789097416711198, -0.013225371392164287, 
-0.19544864584450838, -0.016672714832715839, 0.028458235100484709, 
0.035218563298110572, -0.0033314302457361673, 0.0094412477728300914, 
0.073223095425279897, 0.028154488002157491, 0.0081987530190472876, 
0.011768005419110153, 0.039551593348405682, -0.001092433588577902, 
0.0034275220479719906, -0.034408262586265476, -0.024076922169729939, 
0.063607780990645568, 0.061292829252208386, 0.021588701585970309, 
-0.00018870153750230712, 0.0019936657146260492, 0.0086315476585142378, 
-0.011435962308180676, 0.015795259065579194, -0.013318835903490572, 
-0.14101313960647321, 0.12414393630161864, 0.018070699274295693, 
0.0070857091909323263, -0.010429894785149569, -0.0085924764934120108, 
-0.053480128688451589, -0.026967726459317849, 0.0050644257257975141, 
-0.011619548102646243, -0.028843374137126298, 0.0034275220479719906, 
0.025057437822037131, -0.022151998925527487, 0.0071299095171713962, 
0.020325799869660495, -0.0099482008409338667, 0.020325678837425261, 
0.0021414999442048973, 0.0017913022888548073, 0.0098167330807954079, 
0.020550730032031436, -0.021828076973863297, 0.0057634502246904336, 
-0.13872452589299919, 0.10154704838503549, 0.0088463906012218804, 
0.025354113939357634, -0.0099672307651348449, -0.0054709825898978832, 
0.045568529310078619, -0.033998409223468577, 0.011519408023908136, 
-0.017705063815918857, 0.024823120334736364, -0.034408262586265469, 
-0.022151998925527487, -0.02073469508308284, -0.010266784041404201, 
-0.062079520282389021, 0.019890897854402817, 0.0072603533299322662, 
0.00040302766606151066, -0.0071530805598885583, -0.0056083767647532286, 
0.0076928892502563465, 0.0018393725310543502, 0.0053222499079170101, 
0.020421433308931061, 0.036840884847918656, 0.05126194688725285, 
0.020158941046894519, 0.023545725447802222, -0.0019991974632150729, 
0.062602996627262, -0.15007781657670022, -0.018384475189897366, 
0.12944258136868178, 0.022887808752593865, -0.024076922169729939, 
0.0071299095171713954, -0.010266784041404201, -0.25965043218624495, 
-0.015903404015356414, 0.0065612935400212683, -0.032311110026774129, 
0.019003609051386424, 0.00041548525627697409, -0.02384882802494924, 
0.021818736413709489, -0.060980311677561676, -0.0056960605429811966, 
-0.14243774607844997, -0.20348676512556071, 0.057618072798051478, 
-0.0024140758306501228, -0.00030595276135572203, -0.011316884886504066, 
0.12395754411889991, -0.089583916107744604, -0.021365781735451696, 
0.071571326138044788, -0.041070685904717963, 0.063607780990645554, 
0.020325799869660495, -0.062079520282389021, -0.01590340401535641, 
0.085036753809581131, 0.00031567021827969021, 0.041047870175145794, 
0.0063382154512189159, 0.022839839643674139, -0.00045009155503704455, 
0.025785915995769303, 0.019243933126035732, -0.042206524476418192, 
0.33702254860868169, -0.065928242261012404, 0.068481072980223254, 
0.025871590360482245, -0.023418683799802085, -0.011414678347980064, 
0.067568734497073152, -0.24388112434638887, 0.011841461103632918, 
-0.022213489987720797, 0.038274184763806937, 0.061292829252208386, 
-0.009948200840933865, 0.019890897854402817, 0.0065612935400212683, 
0.00031567021827969021, -0.041760058342123436, -0.015259102408127261, 
0.019370982569436576, 0.028828729552583723, -0.032458069283041603, 
0.01489410094672009, -0.023930414628460711, -0.019324291874026227, 
-0.27433035031085001, -0.17561483528792252, 0.034860124346386592, 
0.011153549193457919, 0.0017901506321827704, -0.037302069742451024, 
0.0061318186286812978, -0.037363321047365922, -0.0048211641697758064, 
0.065863236989950516, 0.0056258670106038378, 0.021588701585970309, 
0.020325678837425257, 0.0072603533299322662, -0.032311110026774129, 
0.041047870175145794, -0.015259102408127261, 0.01806675928601344, 
-0.015527298304299577, -0.0066912856005011357, -0.0089796562873573054, 
-0.0013882422496293643, 0.0044723205847965403, -0.0050131175951546132, 
0.20240331942826592, -0.10442901031295673, 0.042733649684893432, 
0.0018987429307026548, 0.012085487490951115, -0.0024382537586165234, 
0.082500190962606218, 0.029304605442821808, 0.0037560314857134594, 
-0.021413782254896031, 0.0091089224684810562, -0.00018870153750230712, 
0.0021414999442048973, 0.00040302766606151066, 0.019003609051386424, 
0.006338215451218915, 0.019370982569436573, -0.015527298304299577, 
0.017627399686062993, 0.0051124009865539033, -0.0019871200039167283, 
0.0057809656200841593, 0.0012182464597913986, 0.00011555360096522807, 
0.0081863612775669985, -0.068914200659013866, -0.010487681493840172, 
-0.0093327892391968682, -0.0074603599236383765, 0.0032355042143934728, 
0.063237694096848165, 0.033271082502973191, 0.0065900759910564408, 
-0.011215569583670761, -0.0057988332835143793, 0.0019936657146260492, 
0.0017913022888548073, -0.0071530805598885583, 0.00041548525627697409, 
0.022839839643674139, 0.028828729552583723, -0.0066912856005011366, 
0.0051124009865539024, 0.0037123071163330202, -0.0058006413046899647, 
0.00834927149733641, -0.0025068094659702086, 0.0046793407034448238, 
0.0091037529887422752, -0.019347020311356475, 0.0057869941609296769, 
-0.0078248315733563511, -0.0063472392645526135, -0.0048482951839720527, 
-0.096155198713980983, -0.016751453295418928, 0.0051838878528076785, 
-0.013322951100429983, 0.0076397470199683756, 0.0086315476585142378, 
0.0098167330807954062, -0.0056083767647532286, -0.023848828024949236, 
