structure(c(-0.51729279124109884, -0.51641584548001007, 0.050274752307388149, 
0.24254184352935249, -0.11361618996087723, -0.14385672107738345, 
-0.014426376397783955, 0.058979655486208295, -0.18093717193009692, 
-0.18696629538850512, -0.48213935846217798, -0.14474826442219949, 
0.0073165069932270375, 0.027811997478699366, -0.029926311434652627, 
-0.03351218244406181, -0.070337902033935487, -0.061457359226159525, 
0.89607811168209239, -0.31646394317649568, -0.031419578546593628, 
0.019040375546413489, -0.060432355116643882, 0.055180671215053427, 
-0.51641584548001018, -0.69096764816294443, -0.036525029445621776, 
0.11074799295758209, -0.18782576205281748, 0.01128147326858937, 
0.013417878900324691, -0.048476829453212515, -0.2882435863383, 
-0.40453000556030194, -0.47833080651861326, -0.10900838562721779, 
-0.065938044615818661, -0.065474818157253561, -0.013002123836389368, 
0.038760634280807789, -0.032299357012930845, -0.024161098107543664, 
-0.67806691179143319, -0.44331311742329305, -0.053861071082236839, 
0.0054389318134130393, -0.07903587943565879, -0.042746633349243869, 
0.050274752307388149, -0.036525029445621776, 0.10619245319409704, 
-0.098827227137527174, 0.075493858891946972, -0.066331468465155821, 
0.029382664372331398, -0.039557402244562549, -0.14413307372505268, 
-0.045792780316737683, 0.13255984264505311, -0.057631121191728314, 
0.00082676388340571251, -0.015750629284887446, 0.038326252181466881, 
-0.077218354611954199, 0.023082250588031528, -0.025486131611651371, 
0.086400091139252788, 0.089263058136347953, -0.030006083454255553, 
0.0082344291729998919, -0.024596880782880724, -0.017744404043536905, 
0.24254184352935251, 0.11074799295758209, -0.098827227137527188, 
-0.020327218299485965, -0.096499749053982939, 0.02181218109506539, 
9.0311837002914213e-05, -0.044030085427672366, 0.13644852838265567, 
0.073859850414347603, 0.14847033435983845, 0.026465441574733031, 
0.028260436768419519, 0.0060055069022206401, -0.056436168968099255, 
0.065030776021952799, -0.038827672142426099, -0.0074126837292248235, 
0.32306153296858908, -0.21311989968351577, 0.044981277354437701, 
-0.023645964132163577, -0.036148211888942475, 0.033386355163526012, 
-0.11361618996087723, -0.18782576205281745, 0.075493858891946972, 
-0.096499749053982939, 0.12710345835567963, -0.02118411004645443, 
-0.045474114789437838, -0.0032789701536965433, 0.046431775308682942, 
-0.18361133418634665, -0.28085894931181837, -0.04294744120400136, 
-0.0071861318582184539, 0.0099510160191269379, 0.024544481029446435, 
-0.027300984625637615, 0.0069338230741403471, 0.011635012070510008, 
-0.0095024743418398692, 0.045075211409601634, 0.024267872138645532, 
-0.080621587712970094, 0.10565348135389699, -0.0087990213218615727, 
-0.14385672107738345, 0.01128147326858937, -0.066331468465155821, 
0.021812181095065393, -0.02118411004645443, -0.051270532577753519, 
0.010700311566380979, -0.025108085166609072, 0.055805052457739014, 
-0.029400997694904368, 0.069239102006097383, -0.020028178668122693, 
0.020681125685893021, 0.012787629899388272, -0.0037351961901026277, 
0.02742392558657536, 0.078260730955426197, -0.029130779465946385, 
-0.1649276451629379, -0.11073822392739238, 0.059932689963389539, 
0.049167470387712686, 0.014485773088668361, -0.029379828508677763, 
-0.014426376397783955, 0.013417878900324693, 0.029382664372331398, 
9.0311837002914226e-05, -0.045474114789437838, 0.010700311566380977, 
0.024319695232374178, 0.004246634691337999, 0.060054527883272792, 
0.053259964832630603, 0.11491508344314362, -0.0012723822228200624, 
-0.0037115811919039678, -0.016965966383203385, 0.014076202620947241, 
-0.00077432752258171727, 0.0027080317175300584, 0.00050844627129119303, 
0.12172803273093792, -0.21044531405752046, -0.0018351853949279706, 
-0.011128039413014617, -0.040545040855882203, 0.0053815422273270136, 
0.058979655486208288, -0.048476829453212515, -0.039557402244562549, 
-0.044030085427672366, -0.0032789701536965437, -0.025108085166609072, 
0.004246634691337999, 0.01658228166007325, -0.073432068536977549, 
0.039887799694976606, 0.02156067264658976, -0.037393331263845878, 
0.0024700627217486958, -0.0015864896804016417, 0.041254847800593186, 
-0.0052201909669720489, -0.014386467832859677, 0.0017257795386432847, 
-0.53910609995469039, 0.042407580702021448, -0.016052971143186663, 
0.030349238802045441, 0.0037560852966666914, -0.027614361106719165, 
-0.18093717193009692, -0.2882435863383, -0.14413307372505271, 
0.13644852838265567, 0.046431775308682935, 0.055805052457739014, 
0.060054527883272792, -0.073432068536977549, -0.17442439311130106, 
-0.34804435745799656, -0.68973213550884183, -0.11176726766924995, 
-0.046180106233594795, -0.050331314708004032, 0.052020242920454179, 
0.034559346193553497, 0.033350667763858012, -0.14243146926808389, 
0.33020062430306885, -0.3529931520932636, -0.11708282501449001, 
-0.0036427029444762349, -0.037002410049112665, 0.051333809227044974, 
-0.18696629538850512, -0.404530005560302, -0.04579278031673769, 
0.073859850414347616, -0.18361133418634665, -0.029400997694904365, 
0.053259964832630603, 0.039887799694976606, -0.34804435745799656, 
-0.067050080613059365, -0.25738223154187256, -0.12452932010387456, 
0.0019237691826787175, 0.0061309532942665874, -0.02066188779752488, 
0.029136652830978948, 0.047171459611893625, 0.023610453477222761, 
-0.42638345737532868, 0.16349288571258991, 0.036387396019829002, 
0.058090603538810529, 0.026231087759616478, 0.046350264982416491, 
-0.48213935846217798, -0.47833080651861332, 0.13255984264505311, 
0.14847033435983845, -0.28085894931181832, 0.069239102006097383, 
0.11491508344314362, 0.021560672646589757, -0.68973213550884183, 
-0.25738223154187251, -0.43450117320646292, -0.11228328340400288, 
0.0029680594589141314, -0.02086741373078782, -0.061505338119699542, 
0.07041977522484201, -0.038044281788677713, -0.094456822390911813, 
-0.48611323599305889, -0.27909584892048345, -0.047474018864585077, 
0.028827484268690109, -0.033672636211044688, -0.061607912571849867, 
-0.14474826442219946, -0.1090083856272178, -0.057631121191728307, 
0.026465441574733035, -0.042947441204001367, -0.020028178668122693, 
-0.0012723822228200622, -0.037393331263845878, -0.11176726766924995, 
-0.12452932010387457, -0.11228328340400287, 0.059447281571739917, 
-0.0070731439753222193, 0.0007179302779243711, -0.03546169112357115, 
-0.01686311942558183, 0.04460505622942889, 0.0019442155543693608, 
-0.033054273715907752, 0.12091917176630235, 0.038685596666106443, 
-0.0017318575551772736, 0.039849042053314965, -0.021541643475708278, 
0.0073165069932270375, -0.065938044615818647, 0.00082676388340571251, 
0.028260436768419519, -0.0071861318582184539, 0.020681125685893025, 
-0.0037115811919039682, 0.0024700627217486958, -0.046180106233594795, 
0.0019237691826787175, 0.002968059458914131, -0.0070731439753222193, 
0.030867196105788208, 0.029163096611085761, -0.01147106388755049, 
0.0063369468997673973, 0.0080665968079444549, 0.016748715599614286, 
0.20569627167139351, 0.12011131245721313, 0.018561084733028473, 
0.0089748926598512569, 0.033495085991978188, 0.00063801910890954661, 
0.027811997478699366, -0.065474818157253548, -0.015750629284887449, 
0.0060055069022206392, 0.0099510160191269362, 0.012787629899388272, 
-0.016965966383203385, -0.0015864896804016417, -0.050331314708004032, 
0.0061309532942665874, -0.02086741373078782, 0.00071793027792437121, 
0.029163096611085761, 0.037898659250812018, 0.017437188882303594, 
0.0011338331565478952, 0.0029710401744248854, 0.030906933217140435, 
0.072450053535416323, 0.08922125944362562, 0.031458063315219754, 
0.010162331027064635, 0.036320974836067436, 0.0064064264738218305, 
-0.029926311434652623, -0.01300212383638937, 0.038326252181466881, 
-0.056436168968099255, 0.024544481029446435, -0.0037351961901026273, 
0.014076202620947241, 0.041254847800593186, 0.052020242920454179, 
-0.02066188779752488, -0.061505338119699535, -0.03546169112357115, 
-0.01147106388755049, 0.017437188882303594, 0.0016099272590850344, 
