structure(c(-0.49150545958708752, -0.19705704880327418, 0.051324017894631438, 
0.0021698918386748272, 0.015205272896396111, 0.19877719717178793, 
0.14021852412302885, 0.028241866696152879, -0.074187753893709366, 
-0.26211989228489641, -0.10709905222882278, -0.036967810261573503, 
0.035908688344303073, 0.00037132553390759786, 0.055765102742498775, 
0.031321805830696429, 0.10678360615960507, 0.10573525842570701, 
-0.49443371640886163, -0.17666330247535278, -0.075116151214453364, 
-0.023113540365639316, 0.023831161569798285, -0.044005134444147727, 
-0.19705704880327418, 0.084724600459524221, 0.019091773074574207, 
0.13174360623335032, 0.023520024832181765, 0.094056177725924325, 
-0.023517911360347296, 0.020259322709099348, 0.082467901838763957, 
0.051459393789565322, -0.068916192549922373, 0.044402835086554904, 
0.033770621781277502, 0.052180393342693747, 0.039579792802438056, 
0.0096652890580070962, 0.064079904243403346, -0.00044849617151493983, 
0.14155144652793708, 0.25544421658378086, 0.030572842159842736, 
0.0065040166955522621, 0.040575854085989169, 0.018273448490454897, 
0.051324017894631438, 0.019091773074574207, -0.08513055715804585, 
0.077512852160216597, 0.01435591510303354, 0.044048236466022829, 
-0.0072170174314398761, -0.0090847198923308843, 0.11865470640694196, 
0.0079604117685017333, -0.097499045585039648, 0.047007511214797792, 
0.015724435735821395, 0.0097880976326257894, -0.020377226309135812, 
0.035147802084370558, -0.037176772392795925, 0.011319226852313905, 
-0.096127359512592089, -0.099463746949717338, 0.0012932692988432339, 
-0.0092030470959374531, 0.01611505473659431, -0.01001514499231515, 
0.0021698918386748277, 0.13174360623335032, 0.077512852160216611, 
0.025558870516143667, 0.060384480327596808, -0.025392812954635205, 
0.00032874333689852838, -0.0039808014927653511, -0.034899935430558394, 
0.013972822492051276, 0.049434735107935945, -0.037478810231581006, 
-0.02147826240608507, 0.0066181932787826017, 0.018564513433413754, 
-0.034501609137905773, 0.030225408686146094, 0.043149296062234721, 
-0.20947302288932362, 0.10696051135413487, 0.0035130277955246138, 
0.010291193596997913, 0.032691494638686543, -0.017704331768945123, 
0.015205272896396112, 0.023520024832181761, 0.01435591510303354, 
0.060384480327596815, -0.19006214920896586, 0.050141043468664007, 
0.053072625913522263, -0.0063523888057810483, -0.23998077854741495, 
0.11625686728595942, 0.02144797261813922, 0.006590323512879746, 
-0.006203729301898245, -0.021322782712634287, -0.018759992134004051, 
0.0037235461007075164, -0.03426487007052316, 0.02244688709339434, 
0.28654204786006476, -0.28816603066369445, -0.044648166662149665, 
0.054953427355306284, -0.043637937412712255, 0.011552511403399602, 
0.19877719717178791, 0.094056177725924325, 0.044048236466022836, 
-0.025392812954635205, 0.050141043468664014, 0.037852303650170956, 
-0.037091251965585, -0.0028525039301890262, 0.031437593580625978, 
-0.001922322234272569, 0.03216502274413912, -0.022800775776702864, 
-0.028351742251514694, -0.022474587581760616, -0.0044426535769332689, 
-0.044111608472474487, -0.0092379461955285919, 0.0096812360317420961, 
0.1244608804123937, -0.096630024177155396, -0.026914275488598156, 
-0.037552919205285189, -0.00038911790718782049, 0.0031021620202676004, 
0.14021852412302885, -0.023517911360347296, -0.0072170174314398752, 
0.00032874333689852838, 0.05307262591352227, -0.037091251965585, 
-0.010154473586905998, -0.013861842994121965, -0.020190677054574901, 
0.0071361021527262735, -0.035925617012635511, 0.039673765580637774, 
0.0077055781216948185, 0.03101554982442534, 0.0069419412627499113, 
-0.025239084564814978, 0.017919106214764519, -0.008907661237705625, 
0.11948797071053122, 0.16377880993470065, 0.029208596194886045, 
0.01987641693088318, 0.046828153704198482, 0.014221625891755896, 
0.028241866696152879, 0.020259322709099345, -0.0090847198923308843, 
-0.0039808014927653511, -0.0063523888057810491, -0.0028525039301890262, 
-0.013861842994121966, -0.0064685591301098036, 0.02972323288023735, 
0.029592839231164739, -0.0038967687725385758, 0.018914062573810262, 
-0.0026410407891281013, 0.00064729915107682287, -0.022466160969286438, 
0.0077436444463925089, 0.030944178786802275, 0.012611468617214412, 
0.34165819994016838, -0.14427000684198962, -0.006786454946356932, 
-0.020319005991301781, 0.0060925968531203934, 0.0070438507088386986, 
-0.074187753893709366, 0.082467901838763957, 0.11865470640694196, 
-0.034899935430558401, -0.23998077854741495, 0.031437593580625978, 
-0.020190677054574904, 0.029723232880237347, -0.2434418536141148, 
0.03382929382897934, -0.055685560440505988, 0.07545474283511458, 
0.0016572361864428686, 0.041882732304887343, 0.01364777274909993, 
-0.0089238062074222194, -0.00015540239994864382, 0.05245689578585648, 
-0.0048928656383097589, -0.27274353764076803, 0.075870748044395281, 
-0.015353784803552364, 0.062168560165338727, -0.025233373546011687, 
-0.26211989228489635, 0.051459393789565315, 0.0079604117685017333, 
0.013972822492051278, 0.11625686728595944, -0.0019223222342725688, 
0.0071361021527262744, 0.029592839231164739, 0.03382929382897934, 
0.01473295542136948, -0.078645589932216542, 0.099914114329159684, 
-0.035685625822973938, -0.047223783309748212, 0.002807897404023825, 
-0.019708229346966841, 0.0038895880515305349, 0.012593939464205487, 
0.37138623630325152, -0.41299594157409208, -0.03337445442586863, 
-0.054072218027436669, 0.010331711585846072, 0.0065249363085505031, 
-0.10709905222882278, -0.068916192549922373, -0.097499045585039662, 
0.049434735107935945, 0.021447972618139223, 0.03216502274413912, 
-0.035925617012635511, -0.0038967687725385758, -0.055685560440505981, 
-0.078645589932216542, -0.38957114086656081, 0.04732213149669557, 
0.030319746223366442, 0.059008592607081287, 0.10098031016428873, 
-0.0080636916690517077, 0.11969437465832236, 0.0039811925224706923, 
0.33887773501773238, 0.51045956660419267, 0.096588810811417777, 
0.003586716066316976, 0.1150296725116535, 0.035017986588651913, 
-0.036967810261573503, 0.044402835086554911, 0.047007511214797792, 
-0.037478810231581013, 0.0065903235128797468, -0.022800775776702864, 
0.039673765580637781, 0.018914062573810259, 0.07545474283511458, 
0.099914114329159698, 0.047322131496695577, -0.092885777008182152, 
0.038548358079096914, 0.041131238206750985, -0.0088299778353505727, 
0.01909563856909656, 0.015383138938333154, 0.017622914599108214, 
0.027237575779595232, 0.014631085799772221, -0.0078657259958816589, 
0.042638641998154363, 0.021290160384720445, 0.017951434773233844, 
0.035908688344303073, 0.033770621781277502, 0.015724435735821395, 
-0.021478262406085066, -0.0062037293018982441, -0.028351742251514697, 
0.0077055781216948185, -0.0026410407891281009, 0.0016572361864428686, 
-0.035685625822973938, 0.030319746223366442, 0.038548358079096914, 
0.0071029810634289136, 0.0013070167518571619, -0.005309929547977538, 
-0.0073264085850316407, 0.0015539261981364094, 0.013101913703780766, 
-0.10184788009289351, -0.063928297044131624, -0.0050408798964092852, 
0.0046321510658991509, -0.0041921063474183486, 0.011222002839862482, 
0.00037132553390759791, 0.052180393342693747, 0.0097880976326257894, 
0.0066181932787826017, -0.021322782712634283, -0.022474587581760616, 
0.031015549824425337, 0.00064729915107682298, 0.04188273230488735, 
-0.047223783309748218, 0.05900859260708128, 0.041131238206750978, 
0.0013070167518571619, -0.0065920762769605618, -0.0074678545308827218, 
0.00097459343894296753, -0.0037176777210501471, -0.0033101469894579617, 
-0.097532655636821244, -0.038551309747357487, -0.010165476808081048, 
0.0025415884518479831, -0.0012726168910873871, 0.0075198779938182329, 
0.055765102742498775, 0.039579792802438056, -0.020377226309135809, 
0.018564513433413751, -0.018759992134004051, -0.0044426535769332698, 
0.0069419412627499113, -0.022466160969286438, 0.013647772749099929, 
0.002807897404023825, 0.10098031016428874, -0.0088299778353505727, 
