structure(c(-0.039016291331375123, -0.04736205662683609, -0.032552745646328991, 
-0.027145814433072357, -0.05835866273607395, 0.036605077837074569, 
0.017996807689802167, -0.030507670475279081, 0.025518343770017108, 
-0.044160046391781588, 0.0059566310300327406, -0.02333991453622785, 
0.011179249073192718, 0.013325484572062356, 0.031078862573078903, 
-0.020068229606002661, 0.037471691227451802, 0.012252473995605648, 
-0.059679919073547895, -0.13346811295623509, 0.0005716655900001225, 
0.01430828849946859, -0.0033507204590750919, 0.012458028504431255, 
-0.047362056626836083, 0.0069296079689243157, -0.01053594084701597, 
0.014198271900710739, -0.034756301086860703, 0.025011360463236917, 
0.01465097233272823, -0.010707549243033587, 0.062843871697249407, 
0.0054756774946549463, 0.0089028376953586789, -0.0012925473012831725, 
0.010688338321583352, 0.015249689334860579, 0.0077969525543034931, 
0.014706916719399964, 0.015664931756606555, 0.010880062779517127, 
0.12081965800826308, 0.01254261667077454, 0.0044472390480828046, 
0.0065512790189371419, 0.018312360026173487, 0.0099664611415067311, 
-0.032552745646328998, -0.01053594084701597, 0.0024601976239005015, 
-0.001140688683587764, -0.0033356876016279861, 0.0098435433714085703, 
-0.022707560973294461, -0.010531915559632296, 0.037444357949938868, 
0.004567047912888692, -0.049260231714620441, 0.015871318996808603, 
0.00041956824377499909, 0.0040788214467531144, -0.001893180811321884, 
0.0061896260947159098, 0.0084906825028404197, -0.0043994995917336398, 
-0.092775064013677411, -0.00264754604688654, 0.0010245687464999185, 
0.0045806175854009503, -0.0062186470978092736, -0.0025673611916214563, 
-0.027145814433072357, 0.014198271900710737, -0.001140688683587764, 
0.0042717422027842627, 0.019770720903556756, -0.016485882245358841, 
0.015326918389119546, 0.0023057581461082702, -0.0038140489726098542, 
-0.018865362099193404, 0.032532317559243268, -0.0081525217241564894, 
0.0059370602972730379, 0.0029472716645502347, 5.2616018658408957e-05, 
-0.015122556669448863, -0.01013470731479397, 0.0068593076454491796, 
0.034193738748607962, -0.014859482960324943, -0.0021999423813089392, 
-0.0021335137568370883, 0.001395131231090894, 0.0084040808485463473, 
-0.058358662736073957, -0.034756301086860703, -0.0033356876016279857, 
0.019770720903556752, 0.01378132736404199, 0.0066596645749944471, 
0.0066377441089687135, 0.0074497933921395254, 0.0085885195646093343, 
0.011103945330066199, 0.018430570371642863, 0.024735905638163275, 
0.0067407080099784666, 0.0049754381826881506, -0.0095507518564944115, 
-0.0043183432763380832, -0.019177888828268878, 0.012793515289815253, 
-0.066505303409602395, 0.085774044812735095, -0.0070568707408631458, 
0.0049046654508420736, -0.020169785486021299, 0.0030199766103586826, 
0.036605077837074576, 0.025011360463236917, 0.0098435433714085703, 
-0.016485882245358841, 0.0066596645749944479, -0.0010241092561669462, 
-0.0094012549769009694, 0.00079965015536282282, 0.03424316087478798, 
0.0066193856911241382, 0.041455527537062498, 0.0023665039910278386, 
0.003917422386095281, 0.0014545638021708498, 0.003831174410041706, 
0.0030959484010896574, 0.010220865021465741, 0.0061245639240185964, 
-0.076783030560360621, -0.03143131652362801, 0.009992002394471634, 
0.0032357530300291776, 0.0034728438226408749, 0.00080117217807612292, 
0.017996807689802167, 0.01465097233272823, -0.022707560973294461, 
0.015326918389119546, 0.0066377441089687135, -0.0094012549769009694, 
-0.0033233985077196345, -0.0040515788429955468, 0.017094525334107137, 
-0.002721864761195359, -0.0071053809874556603, -0.0048869607159274468, 
-0.0046590013323251746, -0.0019647042229753954, 0.0040570048708975723, 
-0.0071201011937979501, 0.0033999722421248586, 0.0073797175266090377, 
-0.022902666172397303, -0.0053625090747387895, -0.0062200336879417312, 
0.0056715857762137242, 0.0076635072925928058, 0.0024788763438622777, 
-0.030507670475279081, -0.010707549243033588, -0.010531915559632296, 
0.0023057581461082702, 0.0074497933921395245, 0.00079965015536282292, 
-0.0040515788429955468, -0.0023646340427259309, -0.0013562201993241455, 
-0.010128949480641927, -0.018830374350444063, 0.0061019028101816624, 
-0.0094391191746624418, -0.0059632843253847566, -0.0011294701367302903, 
0.0039180931503785604, 0.011177399093049175, 0.012191887726667726, 
-0.046321286023004664, -0.063692787024885164, 0.0040987612754284954, 
0.0031616651753171078, -0.0015382415234765046, -0.00024053609418034057, 
0.025518343770017108, 0.062843871697249407, 0.037444357949938868, 
-0.0038140489726098542, 0.0085885195646093326, 0.03424316087478798, 
0.017094525334107134, -0.0013562201993241457, 0.081224337222289972, 
0.012464038269673107, 0.039048358112101819, 0.017747589346428987, 
-0.010061897809928111, 0.0022096975840301706, 0.0060582116257300103, 
-0.0061420377666559214, -0.0075782227627847528, 0.0089946324157743167, 
0.078975748840428739, -0.23266698442410996, -0.011745893786417955, 
0.02130754299006728, 0.014165172337074384, 0.010870821919176486, 
-0.044160046391781595, 0.0054756774946549463, 0.004567047912888692, 
-0.0188653620991934, 0.011103945330066199, 0.0066193856911241373, 
-0.002721864761195359, -0.010128949480641927, 0.012464038269673107, 
-0.012332969433615844, -0.0030244670334945195, 0.030730144141507005, 
-0.019362080721401564, -0.0054396042934344467, 0.01018412294272601, 
0.0082881528563017934, 0.0087252522889572862, 0.026829491915201426, 
0.089652307959044969, -0.12857578762241054, 0.005587658663673058, 
-0.0040413199232474601, 0.005539494465798502, 0.0023417981341727675, 
0.0059566310300327406, 0.0089028376953586806, -0.049260231714620448, 
0.032532317559243268, 0.018430570371642863, 0.041455527537062498, 
-0.0071053809874556603, -0.018830374350444063, 0.039048358112101812, 
-0.0030244670334945195, -0.065090198067482535, -0.00056609429053418791, 
0.0074745883010000035, 0.016853353098759877, 0.018093823205140545, 
0.032431341613307324, 0.005619439834469748, -0.0096934026530304963, 
-0.047651818447864813, 0.056571338370581745, 0.01480610307539898, 
0.045438616864153271, -0.025702303259234283, 0.027818814500989039, 
-0.02333991453622785, -0.0012925473012831727, 0.015871318996808603, 
-0.0081525217241564894, 0.024735905638163278, 0.0023665039910278382, 
-0.0048869607159274468, 0.0061019028101816624, 0.017747589346428987, 
0.030730144141507005, -0.00056609429053418791, 0.016262744298870799, 
0.01068112676287775, 0.011674644032479231, -0.0022460545588790831, 
-0.002556617402055214, -0.014582353744129421, 0.002915172427997683, 
0.023639143051070073, -0.047443936643695873, 0.0062600275965905526, 
0.0022322155487226525, 0.0012036456813625232, 0.0036227638117029472, 
0.011179249073192718, 0.010688338321583352, 0.00041956824377499915, 
0.0059370602972730379, 0.0067407080099784657, 0.003917422386095281, 
-0.0046590013323251737, -0.00943911917466244, -0.010061897809928111, 
-0.019362080721401564, 0.0074745883010000035, 0.010681126762877748, 
0.0056866507744147681, 0.0080826764684755661, -0.0023524177256998699, 
-0.00017555906678296383, -0.0049540953179273255, 0.0012079010350538202, 
0.082666991880554708, -0.058736111155653234, -0.0057424121900385349, 
0.0049843884475396245, -0.0095810379677887907, 0.0074093977847379091, 
0.013325484572062358, 0.015249689334860577, 0.0040788214467531152, 
0.0029472716645502343, 0.0049754381826881506, 0.0014545638021708498, 
-0.0019647042229753954, -0.0059632843253847575, 0.0022096975840301702, 
-0.0054396042934344458, 0.01685335309875988, 0.011674644032479231, 
0.0080826764684755661, 0.0088022105760000042, 0.00016877632552138492, 
-0.0025011539115349581, -0.0026768304932447942, 0.0071893314444811222, 
0.078427766874880858, -0.029666896658238524, -0.004977375183221334, 
0.0054061084369537811, -0.010954374251875435, 0.0071824214346774412, 
0.031078862573078899, 0.0077969525543034931, -0.001893180811321884, 
5.2616018658408957e-05, -0.0095507518564944115, 0.0038311744100417056, 
