structure(c(-4.2341849198744628, -2.7850760308746336, 0.0031658453618827001, 
0.81861733675124648, -1.0391083821945759, 0.73849005290698277, 
-0.017234043888461153, 0.33213902707290632, -2.9765100686051045, 
-1.520556136725828, -3.0550947843564606, -0.47735396500114696, 
-0.014752018655140026, -0.015801902819291249, 0.047789772981308792, 
-0.060985349259577104, 0.010873880243681314, 0.16576783367407866, 
0.7758519221272433, -1.1403727365982692, -0.22454804566146713, 
0.1867463837356933, 0.058770780232408074, 0.0042628033512473974, 
-2.7850760308746336, -1.5290134802857833, 0.069885228594641663, 
0.65411663710510382, -0.72970166619865118, 0.69807723813421052, 
0.0060981727441206625, 0.086522008813308487, -1.6491055304176943, 
-1.3239320587378289, -1.8701496584612933, -0.094614831961360585, 
0.045283753478786409, 0.10993778038610023, 0.047854167114783054, 
0.068960351284373361, -0.038128876257293831, 0.35078730036689226, 
-0.9373045557512466, -0.41980497908513997, 0.053614481896194707, 
0.084189773839856513, 0.039777018313176302, 0.13484679956960899, 
0.0031658453618827001, 0.069885228594641677, 0.44429740548719371, 
-0.015297482076873547, 0.1562272418527077, 0.020742623761168116, 
-0.054597539428458658, -0.04776111941463685, 0.10423593129511384, 
0.039801689126719962, 0.023652630105424326, 0.10764035141136064, 
0.010237667995685417, -0.030187642662375069, 0.092581862051026101, 
-0.090832537802527272, -0.039567577817729918, 0.017540117421616475, 
0.30719818121099079, -0.31322423324458482, 0.030626306264446568, 
-0.019704279036280647, 0.047271998914366439, -0.061934769788119258, 
0.81861733675124648, 0.6541166371051037, -0.015297482076873547, 
0.032187355061577161, 0.33059078877536247, -0.093550471615571729, 
-0.025504844520065455, 0.047487166215109129, 0.59497704472243707, 
0.43412109186518977, 1.0463738548333428, -0.025058367748115287, 
0.048034908080156993, 0.078661297912766742, 0.00063259066292833206, 
0.10319568794561136, 0.10194501001723952, 0.040471744209924984, 
-0.05478369973371669, 0.35114140950320882, 0.061308479569713116, 
-0.030947250524556914, 0.027700776405584847, 0.10663760599601754, 
-1.0391083821945757, -0.72970166619865129, 0.1562272418527077, 
0.33059078877536252, 0.1004787699771356, 0.032312682103631307, 
0.017169607043011664, -0.12955224714573765, -1.2846126283738701, 
-0.43506104853249555, -0.75059380242087936, -0.18355964734882235, 
0.05095516467180429, 0.010421715305683955, 0.060960973246980618, 
0.16696094740588741, 0.059594302551467415, -0.053856787893378472, 
0.9188409720239058, -0.65687010452834449, -0.03570080786697738, 
0.056522897321332227, 0.15613005015455653, 0.14715382847867861, 
0.73849005290698266, 0.69807723813421063, 0.020742623761168116, 
-0.093550471615571743, 0.032312682103631314, 0.084022413491703071, 
-0.046148361520368018, 0.032778735615810031, 0.76012773897225039, 
0.12633541580653118, 0.69904189401147598, -0.089240145389208297, 
0.030035182018444788, -0.010007292301409268, -0.076862117235261956, 
-0.066470086606446252, 0.11730075858185293, 0.075934763052308771, 
-0.33327967880099135, 0.29839307106869972, 0.1116614551961795, 
0.045219421552305114, 0.0050370226177452876, 0.033085252828245378, 
-0.017234043888461153, 0.0060981727441206625, -0.054597539428458658, 
-0.025504844520065455, 0.017169607043011664, -0.046148361520368025, 
0.11729351779460469, -0.068728004308674012, -0.10019372296088654, 
0.014317840648579648, -0.033290316647806767, 0.060326373709140513, 
0.026666219309537942, 0.0072618441397810495, 0.15483995520564472, 
-0.12629255670518733, 0.016107386582950502, 0.012801267481589806, 
0.077394026771228849, -0.31137502310826892, 0.0060747636466756119, 
-0.013536611842431562, 0.072738626718082192, 0.031298660404490197, 
0.33213902707290627, 0.086522008813308487, -0.04776111941463685, 
0.047487166215109129, -0.12955224714573765, 0.032778735615810031, 
-0.068728004308674012, 0.070282904698451373, 0.25580138238949751, 
0.29172559778933499, 0.079725395867084964, 0.051032739538840098, 
0.038596524664561288, 0.065120088414533275, -0.05259257257819696, 
0.087488348738952393, 0.057993888424288882, 0.12792856570082503, 
-0.45303471271877638, 0.10359817153615003, 0.051308416113193742, 
0.046704696019028193, 0.027940392683141486, 0.058351462304644428, 
-2.9765100686051049, -1.6491055304176943, 0.10423593129511384, 
0.59497704472243718, -1.2846126283738701, 0.76012773897225028, 
-0.10019372296088654, 0.25580138238949751, -3.3198472730389676, 
-1.4341885941026593, -3.412464045317932, -0.086459481500590837, 
0.089195301909139491, 0.20722535710054049, 0.10414573061422602, 
0.22432238287281431, 0.1739088243350774, 0.0082460739492511825, 
-0.2071690830441128, -1.1494904134804946, 0.24918175961034245, 
0.12501378715362005, 0.11367417778600172, 0.1115636339949589, 
-1.520556136725828, -1.3239320587378289, 0.039801689126719962, 
0.43412109186518977, -0.4350610485324955, 0.12633541580653115, 
0.01431784064857965, 0.29172559778933499, -1.4341885941026593, 
0.027682466324905203, -1.9395630394930663, 0.08768785155631996, 
0.014621988404029659, 0.096927128286239492, 0.0046735378582171928, 
-0.035679378158347611, 0.066186744822577179, 0.087496704613255802, 
-0.017024761152592011, -0.57991192430656768, 0.051121701902401763, 
0.23084143705970347, 0.27282528748938056, 0.074289095043846329, 
-3.0550947843564606, -1.8701496584612933, 0.023652630105424326, 
1.0463738548333428, -0.75059380242087925, 0.69904189401147609, 
-0.033290316647806774, 0.079725395867084964, -3.412464045317932, 
-1.9395630394930661, -3.5957788304564988, -0.04363097401835192, 
0.23345230981983628, 0.3370229474965008, 0.21994488614276944, 
0.16021162835756206, 0.23083792911171952, -0.08429985164529144, 
-1.3869163001422797, 1.5966349622319578, 0.22621731806770196, 
0.16795197559440919, 0.43543689927905416, 0.204629379906095, 
-0.47735396500114696, -0.094614831961360571, 0.10764035141136062, 
-0.025058367748115287, -0.18355964734882235, -0.089240145389208297, 
0.060326373709140513, 0.051032739538840098, -0.086459481500590823, 
0.08768785155631996, -0.043630974018351927, -0.076439284955506961, 
0.057729397166178149, 0.13883752567609103, 0.10158490804707632, 
0.16138761832911305, 0.18808021060221045, 0.20668166352538439, 
0.54080326088646147, 0.43391394089375518, 0.18456433918043802, 
0.25321204431826355, 0.10664337408556791, 0.091087894690286053, 
-0.014752018655140028, 0.045283753478786409, 0.010237667995685417, 
0.048034908080156986, 0.05095516467180429, 0.030035182018444788, 
0.026666219309537942, 0.038596524664561288, 0.089195301909139477, 
0.014621988404029658, 0.23345230981983631, 0.057729397166178149, 
0.26096364112154635, 0.24937065761234309, 0.050752749534640818, 
0.061285504910761422, 0.095948922814417095, 0.1089674354881451, 
0.37988364000956137, -0.18780777633560364, 0.098420702936676124, 
0.12695745904474873, 0.099133335711480322, 0.072771554561894061, 
-0.015801902819291249, 0.10993778038610022, -0.030187642662375069, 
0.078661297912766742, 0.010421715305683955, -0.010007292301409268, 
0.0072618441397810487, 0.065120088414533289, 0.20722535710054049, 
0.096927128286239478, 0.3370229474965008, 0.13883752567609103, 
0.24937065761234312, 0.24748745596054664, 0.032581564823772446, 
0.067904550956371171, 0.059885484748063329, 0.13160405397125252, 
0.29376493610496651, -0.088964233188650058, 0.099071155226656424, 
0.10822037265505174, 0.083325985405704794, 0.039915755972150059, 
0.047789772981308785, 0.047854167114783047, 0.092581862051026087, 
0.00063259066292833217, 0.060960973246980618, -0.076862117235261943, 
0.1548399552056447, -0.052592572578196953, 0.10414573061422602, 
0.0046735378582171928, 0.21994488614276944, 0.10158490804707632, 
0.050752749534640818, 0.032581564823772446, 0.17465685100333439, 
-0.060093813065095335, 0.018441772799432002, -0.017555107179325669, 
0.070348594926207195, -0.14100961976870102, 0.017771343505873078, 
-0.0086419443571244883, -0.0027023364175461956, 0.024495900260206909, 
