structure(c(-0.0067470873738106384, -0.028159257175398751, -0.021450905681185548, 
0.00092295639758932437, -0.020873276628327754, 0.023973532421390529, 
0.0024651045427960976, -0.019333921694284145, -0.033592325157666816, 
-0.01871265576715583, -0.062099636575081746, 0.0073025001768628871, 
0.0010469272547375436, 0.0019103101313337851, 0.0059634987477483739, 
-0.01002158969728645, 0.0030559498596008311, -0.015594601317493311, 
-0.053684865819588951, 0.022905765507193952, -0.00014035161769677967, 
0.0055354284061921999, 0.0053407600506083387, -0.00012797676372393514, 
-0.028159257175398751, 0.023908848423499763, -0.012863422674948352, 
-0.011215832425244732, -0.019286509576433894, 0.0059497833724307947, 
0.01080890739005389, -0.023884064411924408, -0.035545909471645924, 
-0.004012771167782864, -0.0043212075139169278, -0.0013258417023660214, 
-7.1813303443520309e-05, 0.0065069075067662862, 0.0017754164988267268, 
0.014809612030855481, 0.013000513639286393, -0.0028861660935072856, 
0.088724886288252078, -0.027077970059858684, 0.011287608409197724, 
0.013779166333750648, 0.0076930902471891993, 0.0023895543002333121, 
-0.021450905681185545, -0.01286342267494835, 0.0041067654408472433, 
-0.0030046962395510364, 0.021127109094029907, 0.0002101372293794841, 
0.00036845157653888494, 0.00080844687145649572, -0.0055917458207394768, 
-0.0157591247642027, -0.0054128440734289669, -0.015161644454607286, 
-0.0020356531640283114, 0.00039794876664366524, 0.0022361714165846408, 
-0.0038885938748030625, 0.00062157631882143842, -0.0011476244598481451, 
0.0078527240955811144, 0.010676704250511216, -0.0014317528843806741, 
-0.0015007198102405944, 0.0077722793414846895, 0.0046862829199402281, 
0.00092295639758932437, -0.011215832425244732, -0.0030046962395510364, 
0.0085716059175534702, -0.018419813224067282, 0.0038016845606336819, 
0.0021301290654363154, 0.00064232489381897142, -0.010971614374674884, 
-0.001139220437728621, 0.031626247981948526, 0.0048980304999707352, 
0.0030676012516365051, 0.00084076978395284101, -0.00037842328620606066, 
0.011053472612437699, 0.0051490482153108072, 0.0025091364330630363, 
-0.0053280482921104523, 0.00011388781555616935, 0.00013156469260887843, 
-0.0023054490943607026, -0.0035492078042364495, -0.0061350130886563652, 
-0.020873276628327751, -0.019286509576433894, 0.021127109094029907, 
-0.018419813224067282, 0.012409405014564896, 0.0092928943225397027, 
-0.005182383675786168, 0.0012243294989931525, -0.024731749871641725, 
-0.018541759720493736, -0.021423723306908473, -0.0023880461599612999, 
0.0018077832479983539, -0.00086063939182353039, 0.0037206801590763156, 
-0.00029218783871429069, 0.0038087309502573617, -0.0045253077482692305, 
0.0019058661755391364, 0.0014826780753299678, -0.0054385404956787701, 
-0.001264448651640844, -0.00055228408930845549, 0.01045494198386181, 
0.023973532421390532, 0.0059497833724307947, 0.00021013722937948407, 
0.0038016845606336815, 0.0092928943225397027, -0.0059580279196949134, 
0.0051875831921815337, -0.0056174432121872961, 0.0092466346736223299, 
-0.0060133715257691496, 0.022141101131734307, 0.0015995223670229716, 
0.00044493923597504711, -0.0017464700446035485, 0.0014723484488324908, 
0.0016669547252354119, 0.00013809146496598058, -0.0032905324479053383, 
-0.026573944762753068, -0.022852699989092503, -0.0091859572350330102, 
-0.0015277825860825634, -0.0058226038687269298, 0.00066615233034082321, 
0.0024651045427960976, 0.01080890739005389, 0.00036845157653888488, 
0.0021301290654363154, -0.0051823836757861671, 0.0051875831921815337, 
-0.010947438609225219, 0.00021673118551652866, 0.01200639978599622, 
0.0057619566571973724, 0.0091150430751509772, 0.0034833246805898274, 
0.0033846351578930003, 0.0017905324412615816, 0.00099513852719347812, 
-0.0019032363450144621, 0.0018524164044176471, -0.0057364506576122734, 
-0.037549200609232239, 0.017793016375665244, -0.006037814550039996, 
-0.0024381604309973398, 0.0027671494812230996, -0.0010965640012846768, 
-0.019333921694284145, -0.023884064411924408, 0.00080844687145649572, 
0.00064232489381897153, 0.0012243294989931525, -0.0056174432121872961, 
0.00021673118551652866, -0.0015381993638112017, -0.018872261354784762, 
0.0018617825226210775, 0.0012831106212601699, -0.0057193928943096335, 
-0.00047367639858330473, 0.000501459195424582, 0.0043043185008732896, 
0.0041087425327809308, 0.0024253845391526622, 0.00081591338199694225, 
-0.0036202751834503049, -0.020338057496565219, -0.00073294948075810736, 
-0.0042511490700893571, -0.0010168592319440407, -0.002619644699027823, 
-0.033592325157666823, -0.035545909471645924, -0.0055917458207394768, 
-0.010971614374674884, -0.024731749871641728, 0.0092466346736223282, 
0.01200639978599622, -0.018872261354784762, -0.059208025189422357, 
0.030969654563794202, -0.0064038570626022348, 0.023547488464192537, 
0.0044251442849737189, 0.00082748127418750205, 0.0039876088271387691, 
0.0086697617269047289, 0.0017918211382237418, 0.0037888794201755595, 
0.00053373563599707437, -0.024210116129620013, 0.0067906657135352513, 
0.0055214661282737155, 0.0082664233824266079, -0.0094730041148502371, 
-0.01871265576715583, -0.004012771167782864, -0.0157591247642027, 
-0.0011392204377286212, -0.018541759720493736, -0.0060133715257691496, 
0.0057619566571973724, 0.0018617825226210777, 0.030969654563794202, 
0.029269159177861537, 0.01574716904889736, -0.00018876193711134611, 
0.0040029700925553772, 0.006399324175203289, 0.0057044001704623214, 
0.010012817225981768, 0.0039115872304091182, 0.0084314885013710966, 
-0.047509728117206058, 0.012800111352971814, -0.0027810835200806567, 
0.0088954331285757832, 0.0017154463227103409, -0.0021787011016097791, 
-0.062099636575081746, -0.0043212075139169269, -0.0054128440734289669, 
0.031626247981948533, -0.021423723306908473, 0.022141101131734307, 
0.0091150430751509772, 0.0012831106212601701, -0.0064038570626022357, 
0.01574716904889736, 0.0085240136906135737, 0.0034281713728994967, 
0.0058382033505722727, 0.0052106575943807925, 0.0038533769358527902, 
0.0037046434035587772, 0.011452677093923364, 0.0057725708499237601, 
0.051776927206246263, -0.040078911202102524, 0.00082016643017749009, 
0.00060424509102515085, 0.019141242335472545, -0.0073959078365594339, 
0.0073025001768628871, -0.0013258417023660214, -0.015161644454607286, 
0.0048980304999707361, -0.0023880461599612999, 0.0015995223670229716, 
0.0034833246805898274, -0.0057193928943096335, 0.023547488464192537, 
-0.00018876193711134611, 0.0034281713728994971, 0.0022666587811178574, 
-0.0035188248767309051, -0.00017725643036749854, 0.00045069918128007639, 
0.0027404584077514349, 0.0078456939960778304, 0.0010596066741848536, 
-0.022412968679658057, -0.0092934951719689605, -0.00066655430598815265, 
0.0075108676329533235, 0.0059389428561155031, 0.0061518001040729367, 
0.0010469272547375436, -7.1813303443520296e-05, -0.0020356531640283119, 
0.0030676012516365051, 0.0018077832479983539, 0.00044493923597504711, 
0.0033846351578930003, -0.00047367639858330468, 0.0044251442849737197, 
0.0040029700925553772, 0.0058382033505722736, -0.0035188248767309051, 
0.0040681940474055602, 0.0016067950123393882, -4.2281369882174257e-05, 
0.0034540091510122974, 0.00060887861295816803, -9.2357283300660204e-05, 
0.002019967021945139, -0.016832727784695765, 0.00049956721278122788, 
-0.0021808834007391842, 0.0019928129638784025, 0.00037247352371024938, 
0.0019103101313337851, 0.0065069075067662862, 0.00039794876664366524, 
0.00084076978395284101, -0.0008606393918235305, -0.0017464700446035483, 
0.0017905324412615814, 0.000501459195424582, 0.00082748127418750205, 
0.0063993241752032899, 0.0052106575943807925, -0.00017725643036749857, 
0.0016067950123393882, 0.00038655211674025448, 0.0014674806155172612, 
0.004857634409251175, -0.00023236268596593586, 0.00010121527329703046, 
-0.0013747826682606785, -0.014914368187495065, 0.0012795239004948029, 
0.0022107210280687991, 0.0040961206750830814, 0.0028152721425350356, 
0.0059634987477483747, 0.0017754164988267268, 0.0022361714165846408, 
