structure(c(0.21141298939452602, 0.15224767297815953, -0.025645449752190783, 
0.1468254682519281, 0.013985822336633548, 0.013572779789676378, 
-0.022148616127323897, 0.049707071968801225, -0.059512782253049436, 
-0.064369629006517312, -0.1852891194188174, -0.059882528387080095, 
0.032809379585121215, 0.042986615653427651, -0.041893782197554012, 
-0.072426639593719561, -0.028402999649341707, 0.14695350646995439, 
-0.65936508035675823, 0.41772888180342294, 0.070741716383289632, 
0.032710026456358815, 0.02238008118052329, 0.02121708732358895, 
0.1522476729781595, 0.18035722029922494, 0.0038938657693635128, 
0.04330924118070334, -0.078581855889113622, 0.019884371475327855, 
-0.012595291023693798, 0.011873597304024951, -0.013341070261388957, 
0.056628081519932996, -0.022377369339614657, 0.0037893117820599993, 
-0.026510544823014834, -0.025498952211191774, 0.0060730506762738008, 
0.051553044726857962, 0.019545382177620831, 0.092100461230567601, 
0.2195885931392893, -0.067876935658871027, -0.023284784686196328, 
0.032626345847079449, 0.052922436887021425, -0.017475939731629402, 
-0.025645449752190783, 0.0038938657693635128, 0.065669716869444297, 
0.022653496560250688, -0.025421560572278588, -0.010189471928186962, 
0.024868883490276422, 0.024643767463887321, 0.043985919347671827, 
0.078514725797778531, 0.048970867719688053, 0.044200988365216409, 
0.019189802803925106, 0.028576313033786972, -0.015858814200845613, 
0.033829118287130512, 0.0029990537508025011, -0.0013958226124063363, 
0.0055653199834919537, 0.17082392918913117, 0.029690947417699225, 
0.0093445269815264197, 0.024686317063377976, 0.016682331003968796, 
0.14682546825192808, 0.04330924118070334, 0.022653496560250688, 
-0.034322477080347212, 0.0070214419003102992, -0.010109770388415632, 
-0.059521550736308181, -0.017293909433498473, 0.049218732889895728, 
-0.00768858803190381, 0.052836049662677305, -0.039986432723799224, 
0.0064209782663029917, -0.0021796144022750738, 0.0033073692740206808, 
-0.0020568585271927213, 0.0040096631069917905, -0.012290074849643102, 
0.30198023860086609, 0.01200866416510671, -0.0448669658607816, 
-0.0027133140452407249, -0.012757392211672441, 0.021452860210060935, 
0.013985822336633546, -0.078581855889113622, -0.025421560572278588, 
0.0070214419003102983, 0.051140596883639512, -0.025529534442698135, 
0.0095537498862354638, 0.0040918762531467149, -0.15740502569499748, 
-0.018078168064496535, 0.017397654504966262, -0.03910178397900721, 
0.024505609938499057, 0.0091570650757016106, 0.017069482568304348, 
0.013395433378122703, 0.059607468935679836, -0.010928729755658411, 
-0.16290173911990413, 0.16427365336564251, 0.010765677474594526, 
0.013212307729658167, 0.057377065032185259, 0.027600028355707545, 
0.013572779789676378, 0.019884371475327855, -0.010189471928186963, 
-0.010109770388415632, -0.025529534442698135, 0.028552104899916792, 
-0.04698292085645512, 0.028769532061171433, -0.00085991902386750216, 
0.028646279101129438, 0.08107345604748889, -0.011036460419345738, 
-0.0077365192290376654, 0.013096864760560059, -0.0053323176558477273, 
0.010347502055814826, -0.043950979167940822, -0.02526810662010864, 
-0.095407384560529607, -0.17180111392138178, 0.013402204297216279, 
-0.032496134294759192, -0.018258591744095273, 0.018485437126227341, 
-0.022148616127323897, -0.012595291023693798, 0.024868883490276422, 
-0.059521550736308181, 0.0095537498862354655, -0.046982920856455127, 
-0.015571207309119338, -0.03574514281887467, -0.034897831155101887, 
-0.044089694584631016, 0.080182255201447367, -0.029205935696262012, 
0.00017932393467463907, -0.0088201197779337361, 0.019056638796713578, 
0.030295251640309079, -0.00082137726460912181, 0.00099044743423734594, 
0.04351332577938704, 0.054983334817460094, -0.0030994023173293267, 
-0.0062723670895644774, 0.016192813891062096, -0.0016391971745397665, 
0.049707071968801225, 0.011873597304024952, 0.024643767463887321, 
-0.017293909433498473, 0.0040918762531467158, 0.028769532061171433, 
-0.03574514281887467, 0.0056567702026543718, 0.044035821190879378, 
-0.028659936646672858, 0.03999903167353306, 0.012015640387701167, 
0.00035976489555905247, -0.0057813777527043753, -0.015900426021297664, 
0.00787459837804921, 0.026813082887061041, -0.0022448317782400133, 
-0.1454985509187364, 0.12483898814740564, 0.0030626088880417309, 
0.018186874306924585, 0.013833187972490316, 0.00055558124045340651, 
-0.059512782253049436, -0.013341070261388956, 0.043985919347671827, 
0.049218732889895728, -0.15740502569499751, -0.00085991902386750216, 
-0.034897831155101887, 0.044035821190879371, -0.27443061681477038, 
-0.1386284820023555, -0.16091510567820097, 0.070796313483697526, 
-0.024154597307531007, -0.0058254760885504764, 0.020601355603586845, 
-0.029500549860448842, 0.012185063796687974, 0.034724531839389811, 
0.03612424405677734, 0.30974422027195314, 0.0058649547299365118, 
0.015772114921723861, 0.024465460056452212, -0.016384763704019947, 
-0.064369629006517312, 0.056628081519932996, 0.078514725797778517, 
-0.00768858803190381, -0.018078168064496535, 0.028646279101129438, 
-0.044089694584631023, -0.028659936646672855, -0.13862848200235553, 
-0.075923585527329251, -0.11750650259505796, -0.012816237797428447, 
0.00047761111018332613, 0.0076702667910811383, -0.022456442767740642, 
0.0069935229844134373, 0.039464617047912584, 0.044873609254481119, 
0.039908049912622097, 0.30248339909809091, -0.038362430342356584, 
-0.033611251383313868, -0.0038883830275292571, -0.020593289870019498, 
-0.18528911941881737, -0.02237736933961466, 0.04897086771968806, 
0.052836049662677305, 0.017397654504966262, 0.081073456047488904, 
0.08018225520144738, 0.039999031673533053, -0.16091510567820097, 
-0.11750650259505796, -0.0027706753132294929, -0.025340038235563335, 
-0.0048772115822715845, 0.0049323794753454754, -0.013070488052289376, 
0.014740404061614117, -0.046559895947175058, 0.035459386079787998, 
-0.29301779180754844, 0.0190793393645005, 0.030049123820574997, 
0.0078739248540461767, 0.013150749315366131, 0.033206442208647241, 
-0.059882528387080095, 0.0037893117820599997, 0.044200988365216416, 
-0.039986432723799224, -0.039101783979007203, -0.011036460419345738, 
-0.029205935696262012, 0.012015640387701167, 0.070796313483697526, 
-0.012816237797428447, -0.025340038235563335, -0.019797390191530085, 
0.015192930429565193, 0.0010716521630621482, 0.018934770189498424, 
-0.00045893427949759313, 0.058783591624690539, 0.020784793800098421, 
-0.027418432917039316, 0.14048890622247431, 0.028198867795529704, 
-0.0026324828864048811, -0.0049441205695749963, 0.021029685534010748, 
0.032809379585121215, -0.026510544823014834, 0.019189802803925102, 
0.0064209782663029917, 0.024505609938499061, -0.0077365192290376654, 
0.00017932393467463907, 0.00035976489555905247, -0.024154597307531007, 
0.00047761111018332608, -0.0048772115822715853, 0.015192930429565191, 
-0.017702958509722876, -0.015660319494699874, -0.0087573666125170674, 
-0.0098876590161474966, -0.0014083756766141255, -0.02014073797306112, 
-0.018233118282243155, -0.045961562748998458, 0.0013450823884702695, 
-0.0081000363304218302, -0.010159951350395309, -0.015361206611852578, 
0.042986615653427651, -0.025498952211191774, 0.028576313033786976, 
-0.0021796144022750742, 0.0091570650757016123, 0.013096864760560061, 
-0.0088201197779337361, -0.0057813777527043753, -0.0058254760885504756, 
0.0076702667910811383, 0.0049323794753454763, 0.0010716521630621482, 
-0.015660319494699874, -0.010500195802249757, -0.0085387497348223349, 
-0.0057565079854518834, 0.00082721425456403961, -0.0065050200248471506, 
0.00053809377697044665, -0.082328361158010066, 0.0068287452870452268, 
-0.016064821077485612, -0.010116353111502408, -0.013521576099415981, 
-0.041893782197554012, 0.0060730506762738008, -0.015858814200845613, 
0.0033073692740206808, 0.017069482568304348, -0.0053323176558477273, 
0.019056638796713578, -0.015900426021297664, 0.020601355603586849, 
-0.022456442767740642, -0.013070488052289376, 0.018934770189498424, 
