structure(c(-1.2124563685126848, -0.65117157147102223, 0.026062640758397659, 
0.26489317068096169, -0.19287133595257236, 0.16157354188171891, 
0.00021592198083921664, 0.065766625310285792, -0.76556412558151343, 
-0.35192015542523541, -0.87811236190902475, -0.054718916751588104, 
0.013753907309402836, 0.029055303257805906, 0.026237534599743026, 
-0.017254811535083635, 0.0077200939277973519, 0.021184687538024279, 
-0.47101421308518354, 0.11150547862786694, -0.045580937750854464, 
0.067481913654990275, 0.012285113569592367, 0.044850754336973962, 
-0.65117157147102223, -0.44145202249460841, -0.015529481221122448, 
0.15299045142805084, -0.14690392741156813, 0.13422395521174749, 
-0.0038254613715236014, -0.0064022378666019212, -0.43781682075578082, 
-0.36315788017218598, -0.48929302227949223, -0.028082508640357419, 
0.042651134372950546, 0.033694050626656487, 0.00072637422688433121, 
0.0056962494896842858, -0.016145080897680186, 0.0089442753005500412, 
-0.29926931759079733, 0.29018603331469123, 0.0044221656916109027, 
0.010220131500571213, -0.015304266449409024, -0.0032150852209228485, 
0.026062640758397666, -0.015529481221122448, 0.062342788079353548, 
-0.002366389728204956, 0.019735801121400168, -0.01659827508071712, 
0.023804104835121787, -0.028168708371957143, 0.0010875522545179483, 
-0.02225960867037332, 0.040813320130578631, 0.044490029388195247, 
0.015111767166450022, -0.010070491450699022, -0.0021155790780351801, 
-0.021093271143149177, 0.005246465290860914, 0.0064027966117713719, 
-0.10015336918142549, 0.1461741522434836, 0.0012782628383191173, 
-0.00073123459049245624, -0.0053934075250438489, 0.00073053061459538084, 
0.26489317068096169, 0.15299045142805087, -0.002366389728204956, 
-0.071159158643066572, 0.043346922320368741, -0.031825054148504818, 
-0.013716762589116624, -0.0063990063576329194, 0.13907833155194158, 
0.10980301805086085, 0.24182380525029282, -0.001730561614110022, 
0.0011712210415677072, 0.012765141984594672, 0.0030401019297575963, 
0.01311047111081059, 0.014879499911609913, 0.0048366349821206307, 
0.13247068876595225, -0.065618068906668894, 0.0099762709595611707, 
-0.01198188939888107, 0.015046156338748213, 0.013225696846794246, 
-0.19287133595257239, -0.14690392741156813, 0.019735801121400168, 
0.043346922320368741, -0.057262461988338051, 0.025230470071422723, 
-0.01231322006020481, -0.015477840023288081, -0.25054061612910616, 
-0.11947888750057095, -0.22588524265451232, -0.041890168060244676, 
-0.0027754551172331754, 0.0094057285228222199, 0.033952419659396008, 
-0.0061385497970510945, 0.017037841410333921, -0.015818756688024425, 
0.16969843198951515, 0.00034826434366954848, 0.022527807821426611, 
-0.0052503604276232553, 0.01152376623889155, 0.044709747741224347, 
0.16157354188171888, 0.13422395521174751, -0.01659827508071712, 
-0.031825054148504811, 0.02523047007142272, -0.010334034916844634, 
-0.0065256040726983135, 0.016200278242334724, 0.13022986656363852, 
0.045192355398042346, 0.2233562698039771, 0.019813624137764985, 
0.023835916674710148, 0.012181930328242718, -0.025844121184988744, 
-0.0027063387019583825, 0.021104254839589665, 0.0071539117794897191, 
-0.00073023143773141722, 0.10755009737454149, 0.0076835792414445096, 
0.023129909303655789, 0.0047197282328263809, -0.0013312226086217432, 
0.00021592198083921667, -0.0038254613715236023, 0.023804104835121787, 
-0.013716762589116624, -0.01231322006020481, -0.0065256040726983135, 
0.013323172637712431, -0.006928969500050639, 0.015473832397091611, 
0.002972165828449236, -0.053505703508346499, 0.015727882784244491, 
0.0087740894443333849, -0.0059394531977646813, 0.012263715668459367, 
-0.018100211507409356, -0.0022498908518546901, -0.0060384342893682452, 
0.020897150289179843, -0.038988368092948762, 0.0082567706566698332, 
0.0008016339291515626, -0.0044544102127534483, 0.015193753275511368, 
0.065766625310285792, -0.0064022378666019212, -0.028168708371957143, 
-0.0063990063576329194, -0.015477840023288083, 0.016200278242334724, 
-0.006928969500050639, 0.0085771571863067896, -0.0023505399517135613, 
0.073968812349732738, 0.020606901240299274, -0.0035260739852856328, 
0.014300536422716323, 0.014374194251305704, -0.0055831000712223992, 
0.0019757544124656334, -0.0054219398910067438, -0.010395291057480908, 
-0.040490539555128303, 0.071789220338352791, 0.026784785629149568, 
0.009156409121237866, 0.012016283490657269, 0.013887558581222393, 
-0.76556412558151343, -0.43781682075578082, 0.0010875522545179483, 
0.13907833155194158, -0.25054061612910616, 0.13022986656363852, 
0.015473832397091613, -0.0023505399517135613, -0.76325654098354068, 
-0.39667685317153706, -0.82768006032459385, 0.030145786837010326, 
0.017603130593493624, 0.048487678362702763, 0.033559511835660978, 
0.018946151187261336, -0.0029698242357596035, -0.0077210268534571094, 
-0.38045273077661779, -0.10284947321824937, 0.078042940625955737, 
0.059978070132161145, 0.046230916317035207, 0.023053610634931734, 
-0.35192015542523541, -0.36315788017218592, -0.02225960867037332, 
0.10980301805086085, -0.11947888750057097, 0.045192355398042346, 
0.002972165828449236, 0.073968812349732738, -0.39667685317153711, 
-0.058378461945653923, -0.48515765090038249, 0.0074367042703472478, 
0.00037364872163564449, 6.681657097991731e-05, -0.0016261535080486099, 
-0.029636840508409579, 0.031609493141796403, 0.011286973972142969, 
-0.065981664128753739, -0.1268806355799233, -0.0043264385753063383, 
0.021371973988927786, 0.027106787526176426, 0.015407096563528214, 
-0.87811236190902464, -0.48929302227949228, 0.040813320130578638, 
0.24182380525029282, -0.22588524265451232, 0.22335626980397713, 
-0.053505703508346499, 0.020606901240299274, -0.82768006032459374, 
-0.48515765090038249, -0.9045279252012316, -0.069871727353983684, 
0.027362901510048627, 0.040831931816181499, -0.0096134289135605625, 
-0.029820281364145357, 0.014696016553155869, -0.037064390449859555, 
-0.50171573377503242, 0.2923697179537692, -0.015517366478461182, 
0.019888237151548825, 0.028292028168929131, 0.019778158420337595, 
-0.054718916751588104, -0.028082508640357419, 0.044490029388195247, 
-0.001730561614110022, -0.041890168060244676, 0.019813624137764985, 
0.015727882784244487, -0.0035260739852856328, 0.030145786837010326, 
0.0074367042703472469, -0.069871727353983684, 0.0038354977386195733, 
0.010435484276932864, 0.015169375321786577, 0.0084712148948666178, 
0.017901942807300033, 0.024284609936820443, 0.015927641228389581, 
0.095814004508363998, 0.18869662152180472, 0.027738317125087859, 
0.035544511810843858, 0.010495165321780485, 0.027339052507361329, 
0.013753907309402834, 0.042651134372950539, 0.01511176716645002, 
0.001171221041567707, -0.0027754551172331754, 0.023835916674710144, 
0.0087740894443333849, 0.014300536422716321, 0.017603130593493627, 
0.00037364872163564449, 0.027362901510048623, 0.010435484276932864, 
0.029386958941882993, 0.027289114412012747, 0.0036663340407454212, 
0.010193524650067688, 0.0077854189222690308, 0.013270389577468705, 
0.10440047424754421, -0.017734093885890669, 0.011041134624211624, 
0.012461569589168399, 0.010933641683010153, 0.010893505170432808, 
0.029055303257805906, 0.03369405062665648, -0.010070491450699022, 
0.012765141984594672, 0.0094057285228222216, 0.012181930328242717, 
-0.0059394531977646813, 0.014374194251305705, 0.048487678362702763, 
6.681657097991731e-05, 0.040831931816181492, 0.015169375321786575, 
0.027289114412012747, 0.02368942618761101, -0.00061229064579404241, 
0.0086714933378896613, -0.0018015340513203091, 0.010835513675697394, 
0.062309250758334801, -0.020967149379080056, 0.012488805668558084, 
0.0067485855285557344, 0.0059767212272522656, 0.0094178514524188347, 
0.026237534599743026, 0.00072637422688433121, -0.0021155790780351797, 
0.0030401019297575968, 0.033952419659396008, -0.025844121184988744, 
0.012263715668459367, -0.0055831000712224001, 0.033559511835660978, 
-0.0016261535080486099, -0.0096134289135605625, 0.0084712148948666178, 
