structure(c(-0.76139384527390608, -0.64982975751578542, 0.07697735916503004, 
0.10126655449285689, -0.045070855053778898, 0.076728451655823871, 
0.05846597768529687, 0.020341018157200567, -0.57345497485774855, 
-0.17469299641237301, -0.46363677188674901, -0.051791549127378947, 
-0.0018183526860849337, -0.0089056445264691329, 0.014055323769631541, 
0.015017975646521154, 0.046532626031936759, -0.037975387549230175, 
0.43019238239792906, -0.50614855249449453, -0.08089187786576954, 
0.038223779347024464, -0.024236202328088617, -0.016711561018711987, 
-0.64982975751578531, -0.55726402080138437, 0.016830399420265096, 
0.1271943723491557, -0.089335583895370566, 0.085623149210435248, 
0.0060068946613250802, -0.018284637274956019, -0.42433466172927919, 
-0.30148596208866424, -0.4129443371983233, -0.10076653511805903, 
0.032203065791678732, 0.032948772736882168, 0.0039167135050853317, 
-0.0083983638671777383, -0.034560224111409077, -0.02274598321110315, 
-0.067513251271331037, -0.02740735963801515, -0.0034330831051558645, 
0.02770916554660522, -0.064041768428515486, -0.019508563767341551, 
0.07697735916503004, 0.016830399420265096, 0.0068308685939530807, 
-0.032108628822025191, 0.078850263827035652, 0.021151061197174574, 
0.017784506466752482, -0.030771490735808701, -0.055741317519365979, 
-0.060576840161248181, -0.054993289760524908, -0.014077675624434053, 
-0.0019923262679517515, -0.027367008163671006, 0.023533844399225245, 
-0.023435259797232291, 0.0021238752350659414, -0.0076525474873481332, 
-0.022570693072372475, -0.21075510890890783, -0.0044767899318707534, 
0.014912029304155867, -0.0079005248895243577, -0.027731077865398315, 
0.10126655449285688, 0.12719437234915573, -0.032108628822025191, 
0.021847688806489084, 0.030266770736679469, -0.030592840497331901, 
0.0076384764328380032, 0.0056012601102718544, 0.10365895493670456, 
0.096435743855591088, 0.16572893736097435, -0.00073862130050104046, 
-0.012553833527336454, 0.012583733850835218, 0.00087039095317439918, 
0.030260421687536006, 0.013438990876821206, 0.0063397326251530984, 
-0.18435022075783766, -0.026339619638713299, 0.027307199562676375, 
-0.0044180474545183002, 0.010072601519408723, 0.0094570961673625473, 
-0.045070855053778898, -0.089335583895370579, 0.078850263827035652, 
0.030266770736679473, -0.043026554124391186, -0.0035144033288811859, 
-0.0096153881065180451, -0.0091910051390038348, -0.077958835057469283, 
-0.026486613788190023, -0.1531602881838823, -0.0055570685621802087, 
-0.0067430935474311953, 0.0011261026732796618, 0.026372640736121018, 
0.011957951542566731, -0.016986343695013045, -0.010359417584041342, 
0.18773922380351987, -0.30031910031495418, -0.012048985036707965, 
-0.0051794735416722994, -0.0077808965454347848, 0.0054548749198934186, 
0.076728451655823857, 0.085623149210435248, 0.021151061197174578, 
-0.030592840497331898, -0.0035144033288811863, -0.01750112964743707, 
0.020589260705326004, -0.010984269335785278, 0.11761355757366018, 
0.0020772907670037772, 0.12152673287153865, 0.01736430064298794, 
0.0085938971784246341, -0.0048001517024202052, -0.0044841760446286596, 
-0.028078133672921109, 0.050188914877910822, 0.028529787626532133, 
0.08953974770415471, 0.1468531456315626, 0.0089578841857190211, 
0.035411060415088777, 0.035358328662087914, -0.019079569959647932, 
0.058465977685296863, 0.0060068946613250794, 0.017784506466752482, 
0.0076384764328380032, -0.0096153881065180469, 0.020589260705326004, 
0.030860873140617539, 0.0062156087963649593, 0.023208085589722025, 
0.037964154216227362, -0.05844757229316639, 0.021061722917915738, 
0.014230657528592615, 0.00072340902767219944, 0.010361723185872616, 
-0.03310969080623697, -0.0085940858659801778, 0.0081186337122147369, 
0.22271435795660799, -0.11708743689609372, 0.0016414585745740677, 
0.0091704792235560821, -0.022717611752832816, 0.019483363624750106, 
0.020341018157200564, -0.018284637274956019, -0.030771490735808704, 
0.0056012601102718535, -0.0091910051390038348, -0.010984269335785278, 
0.0062156087963649593, -0.0063138721196705251, -0.046839031908958204, 
0.056162085567944456, -0.028546667361162764, -0.01223721081118649, 
-0.0039047017718417784, -0.00059213608571847642, 0.0035404770652289219, 
-0.0051508209721781951, -0.0056217458518547673, 0.0012108689170897463, 
-0.17280773167016619, -0.056222847604091998, 0.016690486231864223, 
0.0016674166422664411, -0.00022251343555133846, -0.0048469960889462151, 
-0.57345497485774855, -0.42433466172927925, -0.055741317519365979, 
0.10365895493670456, -0.077958835057469283, 0.11761355757366018, 
0.023208085589722025, -0.046839031908958204, -0.62619926317592034, 
-0.22787460316532923, -0.54631137649836092, -0.076166074608120207, 
0.025781603239441394, 0.047029570074476355, 0.032801659307178967, 
0.048465410065491869, 0.019219287564917163, -0.05687186295332218, 
-0.040992505833118281, -0.43773298017956946, -0.00059958886439492594, 
0.00016278585337279442, 0.021055692897348124, 0.041075189699885391, 
-0.17469299641237304, -0.30148596208866424, -0.060576840161248181, 
0.096435743855591088, -0.026486613788190019, 0.0020772907670037772, 
0.037964154216227362, 0.056162085567944449, -0.22787460316532923, 
0.079820544619451539, -0.2607018883840696, 0.025052947071123741, 
-0.029461878252741942, -0.026037506944758756, 0.011641925231908636, 
-0.0087955345369763703, -0.032849325815975682, -0.01712544543162061, 
0.039187800144246859, -0.31910568117506555, 0.072646987227489163, 
0.045852813810390976, 0.022707627032742515, 0.01979987571292928, 
-0.46363677188674901, -0.4129443371983233, -0.054993289760524908, 
0.16572893736097435, -0.1531602881838823, 0.12152673287153865, 
-0.05844757229316639, -0.028546667361162764, -0.54631137649836092, 
-0.26070188838406955, -0.71674437514528955, -0.092033639588180574, 
-0.0030720289216686742, 0.0071227760665418353, -0.014488866186695652, 
0.029248978937791603, 0.022775306201581701, -0.083704665975642953, 
-0.035795279802642292, 0.20860141001495835, -0.045970024545936843, 
0.0025916662530813912, 0.00059793448021640283, -0.047895106275276746, 
-0.05179154912737894, -0.10076653511805903, -0.014077675624434054, 
-0.00073862130050104046, -0.0055570685621802078, 0.01736430064298794, 
0.021061722917915734, -0.012237210811186491, -0.076166074608120207, 
0.025052947071123745, -0.09203363958818056, 0.014645470080701424, 
-0.00028403181442981717, 0.011195291757931713, -0.0027160193341713274, 
0.018566109998676365, -0.030394786249863533, -0.0062598467902466055, 
0.054607120541768431, 0.093886359802513863, 0.0066870409384784148, 
0.036188255108535704, -0.0065189181217198367, -0.015716989577718023, 
-0.0018183526860849335, 0.032203065791678732, -0.0019923262679517515, 
-0.012553833527336454, -0.0067430935474311953, 0.0085938971784246341, 
0.014230657528592615, -0.0039047017718417784, 0.025781603239441394, 
-0.029461878252741942, -0.0030720289216686742, -0.00028403181442981717, 
0.035497300537413304, 0.027240044758105424, -0.0030100175721783926, 
0.0053993939019331286, 0.0057975053716115381, 0.014575952458865039, 
0.092145567743114831, 9.6745411315766856e-05, -0.0043927428043305993, 
0.0046079775811575102, 0.0097073927857761078, 0.014896543203651736, 
-0.0089056445264691329, 0.032948772736882168, -0.027367008163671002, 
0.012583733850835218, 0.0011261026732796618, -0.0048001517024202052, 
0.00072340902767219944, -0.00059213608571847642, 0.047029570074476362, 
-0.026037506944758752, 0.0071227760665418353, 0.011195291757931712, 
0.027240044758105424, 0.021681081241364274, 0.0078161131382545618, 
-0.0013140792555193851, -0.0019587590669072497, 0.0033276816195590749, 
0.041516442648631413, 0.056765947763317143, 0.0011007225304262441, 
0.015099158614949846, 0.011441071736395997, 0.012697828164295231, 
0.014055323769631539, 0.0039167135050853317, 0.023533844399225241, 
0.00087039095317439918, 0.026372640736121014, -0.0044841760446286596, 
0.010361723185872616, 0.0035404770652289219, 0.032801659307178967, 
0.011641925231908637, -0.01448886618669565, -0.0027160193341713274, 
