structure(c(0.086358892084979474, -0.18518197821783802, -0.015030215779328315, 
0.038785083147881899, -0.0050305816068722279, -0.008605214942756503, 
0.014591671316292288, -0.016373559848424955, -0.087548383688845877, 
-0.08315887740523617, -0.031138353538531196, -0.04079428143363889, 
0.01241999455746666, -0.014803219996005319, -0.024469974242476954, 
-0.020233623643010852, 0.026829494936103745, -0.0061823015425726026, 
0.16789600854802927, -0.28633730182055916, 0.055360644610911829, 
0.031519582863786963, 0.018659492104290045, -0.021286413080340943, 
-0.18518197821783805, -0.11396159866427778, -0.020936444826621402, 
0.074023888608771932, 0.0064578298446776186, -0.0036471563034479451, 
0.0081493612851501508, -0.018852851731491201, -0.16058353012551532, 
-0.026095394368940528, -0.13350141055413742, -0.061500647307789404, 
0.0081596839094251299, 0.0037487388361918022, -0.028482472781122019, 
-0.0011441558993088539, 0.00076022695430987876, 0.020792162903468546, 
-0.014405338391750259, -0.28386467794426462, -0.0006863503482330784, 
0.0370925016849342, 0.022985098084002998, -0.0023224430020515941, 
-0.015030215779328317, -0.020936444826621398, 0.011618395702376274, 
-0.021911773924618183, 0.022956631638195342, 0.0041567068818202093, 
0.0009771331046761983, 0.0015150794014787124, -0.020043711970844244, 
0.016385655390571581, 0.033743278781389718, -0.018438228247213223, 
-0.0010658017754663419, -0.0013751168111720885, 0.0061308717627781796, 
0.0010897390513641093, -0.0034306404323132763, -0.024477657965267893, 
0.015755209552536523, -0.1665472610821257, -0.017588829385349475, 
0.010341923181216817, -0.0083467820160745519, -0.010733447178487805, 
0.038785083147881899, 0.074023888608771932, -0.02191177392461818, 
0.04404639552007919, 0.039217737519902179, -0.020421676354158109, 
-0.014295089368628968, 0.0034600260007756922, 0.047630169499154197, 
0.017986468736097164, 0.017503892139060531, 0.0083353283130399268, 
-0.0076650031010805824, -0.010277303726262446, -0.0072045617718947252, 
0.024708315999075192, 0.020702676568900111, -0.006988468396781064, 
-0.12049613205965402, -0.027817824250715658, 0.013803230902791159, 
0.0052275741359007035, -0.0079604218762634755, -0.0014873434770512185, 
-0.0050305816068722279, 0.0064578298446776178, 0.022956631638195342, 
0.039217737519902172, 0.031304809806808914, -0.009892474756131895, 
0.0098168456068619316, 0.023193788111948582, -0.023638303498082294, 
0.016505894558220449, 0.017591039880137056, 0.016598979770003391, 
0.0050016396887007167, -0.0092919502400893392, -0.01058193940390466, 
0.025499536219397708, 0.0094946182014756034, -0.0039502256999576942, 
-0.086522217447604785, -0.17390662990851977, -0.0019628207612677907, 
0.022788800906536386, 0.018861291612644413, 0.002501697422610178, 
-0.008605214942756503, -0.0036471563034479451, 0.0041567068818202102, 
-0.020421676354158109, -0.0098924747561318933, -0.013857776018767433, 
0.011396390356262541, -0.018227980111057016, -0.025428526225736749, 
-0.01001237569467108, -0.014727668320652974, -0.015835327309400241, 
-0.010544750545050547, -0.015521091716280803, 0.0035436720962743226, 
-0.0017039001181039396, -0.000809362243042691, -0.00072479314156796682, 
-0.13420181047340074, -0.051828884785018139, 0.00063488005059626675, 
-0.0051701488244028952, 0.0086234691744359153, -0.0016791655041813794, 
0.014591671316292286, 0.0081493612851501508, 0.00097713310467619809, 
-0.014295089368628968, 0.0098168456068619299, 0.011396390356262543, 
0.010305228558749069, 0.015393202360927415, 0.046639278345878742, 
0.009451849937109626, 0.017442648010518015, -0.0085338619562434805, 
-0.0098199386351969127, -0.010413711292914378, 0.0039243007988642121, 
0.010201831399328943, 0.0090080051786634689, -0.0031930149551459498, 
-0.034232513750022564, -0.035712911123038343, -0.010724473107826579, 
0.005799718136054355, -0.0097496511087681748, -0.0018608311672314636, 
-0.016373559848424955, -0.018852851731491201, 0.0015150794014787124, 
0.0034600260007756922, 0.023193788111948582, -0.018227980111057019, 
0.015393202360927415, -0.022045783624851909, 0.0075985558594046975, 
-0.032521768955103961, -0.0084072019561766131, -0.011753593823903877, 
0.0027984930646823467, 0.0035833584227634558, -0.0080581094108602321, 
0.024233236451677138, 0.013666457718136108, 0.023007042812973631, 
-0.0882070993521782, -0.044171054988136789, 0.011250583736011399, 
0.0034677501760788172, 0.012091063304744321, -0.0039484204856447174, 
-0.087548383688845877, -0.16058353012551535, -0.020043711970844244, 
0.04763016949915419, -0.023638303498082294, -0.025428526225736752, 
0.046639278345878742, 0.0075985558594046966, -0.06057129485256197, 
-0.029627713129944368, -0.074310779741039792, -0.03529201101324813, 
0.0041219818079675872, -0.013579348667041942, -0.03866465521411, 
0.026144331274271161, 0.0076999165438541616, -0.0058540472455648421, 
-0.0075085608547514997, 0.072147251235766027, -0.069604628329065582, 
-0.011931076122326092, -0.0094382075578397732, 0.0055234784293646585, 
-0.08315887740523617, -0.026095394368940525, 0.016385655390571581, 
0.017986468736097164, 0.016505894558220449, -0.01001237569467108, 
0.009451849937109626, -0.032521768955103961, -0.029627713129944371, 
-0.029777758651541336, -0.011960644469920812, 0.017128594620403451, 
0.0054799231261733593, 0.0056458245694570169, 0.0014679979239944851, 
0.0048817785985251563, -0.013902522490983775, 8.7114832869202729e-05, 
-0.005624834999119319, -0.070087841428095793, -0.0088262313010787127, 
0.015348777118103792, -0.01673607857471638, 0.019473706809281514, 
-0.031138353538531196, -0.13350141055413739, 0.033743278781389718, 
0.017503892139060534, 0.017591039880137053, -0.014727668320652972, 
0.017442648010518015, -0.0084072019561766114, -0.074310779741039779, 
-0.011960644469920812, -0.041148380359781286, 0.027257046357962264, 
-0.0020389669148309915, -0.019711187684776813, 0.0093293460990991062, 
0.018470033628428428, -0.011630099801128054, -0.0214742751053093, 
0.0078679926814269625, 0.10348076006191127, -0.043820196869547572, 
0.017866044261551042, 0.00058114904800485919, -0.034277122301989399, 
-0.040794281433638897, -0.061500647307789404, -0.018438228247213223, 
0.0083353283130399268, 0.016598979770003391, -0.015835327309400241, 
-0.0085338619562434822, -0.011753593823903879, -0.03529201101324813, 
0.017128594620403451, 0.027257046357962264, -0.022804716380174325, 
-0.0031614057300548997, -0.00082749771221210218, -0.0057351602736054885, 
-0.0041087144131706525, -0.004647382451737808, 0.011522400121667291, 
-0.012052298370777181, -0.034581338468790065, -0.015044105505533402, 
-0.0064926055619377492, -0.022321219233595049, -0.013714170763680391, 
0.01241999455746666, 0.0081596839094251299, -0.0010658017754663419, 
-0.0076650031010805824, 0.0050016396887007167, -0.010544750545050547, 
-0.0098199386351969127, 0.0027984930646823463, 0.0041219818079675863, 
0.0054799231261733593, -0.0020389669148309915, -0.0031614057300548997, 
-0.00093748432601727409, 0.0010970475798953246, -0.0026350523427190698, 
0.0012724907678862425, 0.0042531884339605461, 0.011790015921384515, 
0.034176472319106768, 0.023431298438122458, -0.0016895049760834615, 
0.0062653924970115351, 0.004702069801062192, 0.0088703637017150568, 
-0.014803219996005318, 0.0037487388361918017, -0.0013751168111720885, 
-0.010277303726262444, -0.0092919502400893392, -0.015521091716280803, 
-0.010413711292914378, 0.0035833584227634558, -0.013579348667041941, 
0.0056458245694570169, -0.019711187684776813, -0.00082749771221210218, 
0.0010970475798953246, 0.0077037148501515954, 0.0016140622044449485, 
0.0019570835052572879, 0.0076429851409304016, 0.0099049829005866639, 
0.026186561276319537, 0.042956155245421429, 0.0065215329088533147, 
0.010619027931133933, 0.002753366457319864, 0.010638893996431521, 
-0.02446997424247695, -0.028482472781122019, 0.0061308717627781804, 
-0.0072045617718947252, -0.01058193940390466, 0.003543672096274323, 
0.0039243007988642113, -0.0080581094108602321, -0.03866465521411, 
