structure(c(-0.05500463359667207, -0.025491836822401661, 0.0097965790368554993, 
0.11276639645436763, 0.024124972124086281, 0.11773330687908685, 
-0.069647338135287673, 0.0059833078988148916, -0.45493625645460989, 
-0.091534572820099511, -0.30753740899316795, 0.0040181828810575528, 
-0.0020700964390546837, -0.015483325940613572, -0.046278253848078148, 
0.028413342179891134, -0.15081583018731684, -0.069272430019525058, 
-0.41101278038411732, 0.051004803979780945, 0.045104652703878222, 
0.045986583288525326, 0.085747009211917996, 0.054355692633751188, 
-0.025491836822401664, 0.14947041964775501, -0.02883789060136626, 
-0.031136043799405461, -0.21870320286398739, 0.094729445567489065, 
-0.072102803706522459, 0.076443355063306587, -0.39589465822629277, 
-0.063345802888990402, -0.088538638546287241, 0.022200910757726875, 
-0.034088571224226198, -0.010149981829113433, -0.028299133598259214, 
-0.067735728731746339, -0.039251906636549039, -0.038812605253145838, 
0.40191957129919464, -0.21314761012681829, -0.030791542840670684, 
-0.034322887426689222, -0.0018503679909428084, 0.014779931964974938, 
0.0097965790368554993, -0.028837890601366257, 0.051634360276812938, 
-0.094923200216633016, 0.013350693856646495, -0.071143071298828936, 
-0.021575955773157449, -0.027050516908672925, -0.160076294009216, 
-0.030852651692497346, 0.015924412136072926, -0.017639860885957693, 
-0.022464764195097593, -0.0094798923192169968, 0.0018525530987885588, 
-0.0041534276503306274, 0.0042864261244104683, 0.0041116732681122136, 
-0.21290498475041583, -0.17957710822579304, 0.018768328641462415, 
0.016272274136131408, 0.067716725519070459, 0.026429219350048772, 
0.11276639645436763, -0.031136043799405457, -0.094923200216633016, 
0.022653189411690568, 0.054652011990779896, -0.042924904610932853, 
0.00022249062058297877, 0.028081613172953351, 0.24122792095708054, 
-0.10801468028278195, 0.043192656307804805, 0.013564141045323533, 
0.0057356885683390261, 0.0025433654988391437, 0.028760856006629507, 
0.00408773924818527, -0.01327783426165002, -0.00043665607262763275, 
-0.083828767776303326, -0.066779141433357461, 0.021691980264031116, 
-0.028232859428883313, -0.018943582691604552, -0.020761029121657063, 
0.024124972124086281, -0.21870320286398737, 0.013350693856646497, 
0.054652011990779889, 0.063389477650965836, 0.00510552973966686, 
0.020776575590936947, -0.074612156886977893, -0.2130653930561773, 
-0.032275193838562331, 0.034459108047145297, -0.014510537483727748, 
0.0070262514931942483, 0.023815060841043859, 0.016443357705864518, 
-0.022805256006904771, 0.056752839132952447, -0.074888379533331523, 
0.22563404148264457, -0.22193694116051285, 0.026754180446216375, 
0.0081689757337180865, 0.059729771329673276, 0.039557463908450476, 
0.11773330687908687, 0.094729445567489065, -0.071143071298828936, 
-0.042924904610932853, 0.0051055297396668609, -0.02752652360272418, 
-0.039817729720335461, 0.0072847189955764823, 0.027570538447039522, 
-0.01014340783486095, -0.044043164116564892, 0.029109812196427852, 
0.01309026181705132, 0.0010222448074644951, -0.027938479581350758, 
-0.00061312514247005925, -0.015215964509356094, 0.012124811862974911, 
0.13241270299300376, 0.05022956987776217, -0.0070536343938999938, 
-0.010912747047991864, -0.0021936359459878009, 0.0069225261441020879, 
-0.069647338135287673, -0.072102803706522459, -0.021575955773157449, 
0.0002224906205829788, 0.020776575590936947, -0.039817729720335468, 
-0.0045137125104110169, -0.028090357541377481, -0.03608003924525556, 
-0.024227653184605725, 0.09506623255384325, -0.076035789326136805, 
0.011219323679286811, 0.018058879981776594, 0.017264822782225533, 
-0.0030947515788513963, 0.012038861332155905, 0.001599419960483279, 
0.12761097619097631, 0.0093835625840797167, 0.014924130848834606, 
-0.015228546073866154, 0.021579383967949485, 0.0040525549088569774, 
0.0059833078988148916, 0.076443355063306587, -0.027050516908672925, 
0.028081613172953355, -0.074612156886977893, 0.0072847189955764823, 
-0.028090357541377477, 0.032519921290668614, 0.030728764698003952, 
-0.07194833982287091, -0.017343394824890251, 0.032178333399531495, 
-0.00033950821955914162, 0.017393081267898923, 0.0050070867788942, 
-0.010340399383565058, 0.0094165942849469674, -0.0051237704010292087, 
0.088967982302148307, -0.054676437809091753, -0.02788761198013846, 
0.0048301481628127462, -0.0052146664313929871, -0.016915186235473657, 
-0.45493625645460989, -0.39589465822629277, -0.160076294009216, 
0.24122792095708054, -0.21306539305617733, 0.027570538447039522, 
-0.036080039245255567, 0.030728764698003948, -0.59543918490270031, 
-0.10195685261737081, -0.70497840807373635, 0.088525265999115893, 
-0.018757141582987497, 0.0043701876500813535, -0.0081556647885699472, 
-0.0034519484543469683, 0.016030385375009074, 0.011342382961940005, 
0.31287676979455598, 0.0014176743095218726, -0.0033633730192977026, 
0.023437116805241163, 0.016534407916390274, 0.02753467812560241, 
-0.091534572820099525, -0.063345802888990402, -0.030852651692497346, 
-0.10801468028278195, -0.032275193838562331, -0.01014340783486095, 
-0.024227653184605721, -0.07194833982287091, -0.10195685261737082, 
0.0054650345848227169, -0.22168598710814402, 0.064311940710294183, 
-0.0096435621092253523, -0.00086253028125905177, 0.023450983622901208, 
-0.011738543829075385, -0.034782899478465891, 0.018517377935720506, 
-0.069841033671723979, 0.26075733662754563, 0.049266314016166997, 
0.051106751217047851, -0.047215621298266681, 0.022076314657796359, 
-0.30753740899316795, -0.088538638546287227, 0.01592441213607293, 
0.043192656307804805, 0.034459108047145297, -0.044043164116564892, 
0.09506623255384325, -0.017343394824890251, -0.70497840807373635, 
-0.22168598710814402, -0.032434009569216375, -0.038373990208987074, 
-0.019529399429577946, -0.025407766085063638, -0.0098846038983028978, 
-0.10630719318688321, -0.056939165284540114, -0.026515033229508007, 
0.28171409274567422, 0.32464845401264192, 0.017105489269029328, 
-0.027735823041921102, -0.023142092424607283, -0.049516556138692699, 
0.0040181828810575528, 0.022200910757726875, -0.017639860885957693, 
0.013564141045323533, -0.014510537483727746, 0.029109812196427852, 
-0.076035789326136805, 0.032178333399531502, 0.088525265999115893, 
0.064311940710294183, -0.038373990208987074, 0.11961705895310154, 
0.0036506342288599282, 0.0089170690484819785, -0.0077748633298534986, 
0.04750387967030844, -0.023508863917175993, -0.023614554257918426, 
0.18563078685466217, 0.10159247136505764, 0.070899564671927706, 
0.031168816954044932, 0.039419115618079224, 0.017762628073452021, 
-0.0020700964390546837, -0.034088571224226205, -0.022464764195097593, 
0.0057356885683390261, 0.0070262514931942492, 0.01309026181705132, 
0.011219323679286812, -0.00033950821955914162, -0.018757141582987497, 
-0.0096435621092253523, -0.019529399429577946, 0.0036506342288599287, 
0.0043907583104958736, 0.0035329155692772085, -0.0061449710486558909, 
-0.0088939555201703428, -0.0040903746696283917, -0.0073418239516009958, 
-0.17016436783961278, -0.10543926706579901, -0.013618570566335586, 
0.02986514447896212, -0.0078759563405824094, -0.015909574166233773, 
-0.015483325940613572, -0.010149981829113435, -0.0094798923192169968, 
0.0025433654988391437, 0.023815060841043859, 0.0010222448074644951, 
0.018058879981776594, 0.017393081267898926, 0.0043701876500813535, 
-0.00086253028125905177, -0.025407766085063638, 0.0089170690484819803, 
0.003532915569277208, 0.015960615414676919, -0.012193946329903298, 
0.0037226380290475269, 0.016680257716138406, -0.0011039539699064455, 
-0.081961425808411717, -0.099908777037752347, 0.015715547958657018, 
0.027569799077563437, 0.00084195983658514966, 0.0094292360414048072, 
-0.046278253848078141, -0.028299133598259214, 0.0018525530987885588, 
0.028760856006629507, 0.016443357705864518, -0.027938479581350758, 
0.017264822782225533, 0.0050070867788942, -0.0081556647885699472, 
0.023450983622901211, -0.0098846038983028978, -0.0077748633298534986, 
