structure(c(-1.1950838365966741, -0.91039014001016727, 0.03579315327333335, 
0.27272665356089465, -0.28469784695048994, 0.13652357203989279, 
0.050121674781106539, 0.081760530168202075, -0.57745491426877149, 
-0.44540931918322252, -0.91069537595629968, -0.087681007232037478, 
-0.002484529750213035, 0.015885423570182744, 0.067421278181431538, 
-0.030261581903086334, 0.094470082631779806, 0.078222042047106907, 
0.48906839596050539, -0.38051702969239065, -0.09765682106404204, 
0.067938158467139853, -0.042221259071386533, -0.029818322106226158, 
-0.91039014001016716, -0.69348647243875861, 0.011599891655090117, 
0.27455565712194535, -0.094996249256896773, 0.11495111514943744, 
0.078053506503087289, -0.063661962280652878, -0.39721646837733693, 
-0.42102173909208612, -0.63447295233705703, -0.076626759723490451, 
0.047843712655084837, 0.028416941775718123, -0.0014668859913128636, 
0.077596513411182386, -0.0073240985743912067, 0.076377881135521242, 
-0.74919876094117688, 0.18969485789428345, 0.060265046495176007, 
0.045149785054626849, 0.027133635432665337, -0.013267256797464533, 
0.035793153273333357, 0.011599891655090115, 0.072811867211884956, 
0.036998815830026052, 0.014234490769425893, 0.027112302344374423, 
0.016817014704251468, -0.025190899007738292, 0.08861469651838598, 
0.0082092337616880579, -0.0014429808082572989, 0.033020652640025808, 
0.017181471117530919, -0.01008335098396429, 0.0009550998949800516, 
-0.025329943530071238, -0.0029716664280534278, -0.011217124436173974, 
0.062655060183992139, 0.066565932057954372, -0.020448638070392652, 
-0.013925152366237599, -0.049441962268331648, -0.044633853619609219, 
0.27272665356089465, 0.27455565712194535, 0.036998815830026052, 
-0.065351016369092643, 0.010710741767227319, -0.01271312849786187, 
-0.02744158535007063, 0.0073161604747982809, 0.054325757859800219, 
0.21122120565625838, 0.34533072800436193, -0.015274512574426354, 
-0.0047674241603607899, 0.0183452477047737, -0.023258311226779321, 
0.033830732368825729, 0.027356855097705208, 0.014881361066398225, 
0.069402564200570435, -0.036866429832881929, 0.010501292584065403, 
0.02617570485560607, 0.005602120179518306, 0.031562520092629949, 
-0.28469784695048994, -0.094996249256896786, 0.014234490769425893, 
0.010710741767227319, -0.10002188706616412, 0.055018157104423794, 
0.026705570035518093, -0.023686897688043131, -0.19373020461929125, 
-0.13927180013392759, -0.34336171931346821, -0.032396042971708956, 
0.014789684806574726, -0.0032271782955570357, 0.00011224078363142148, 
0.044186077459748563, -0.042202163233448844, 0.040971773039154377, 
0.22237387585269933, 0.073949993431249736, 0.0080125863205463138, 
0.011316273014455933, -0.0089431670499287678, 0.025515231503714424, 
0.13652357203989277, 0.11495111514943744, 0.027112302344374423, 
-0.01271312849786187, 0.055018157104423787, 0.012666148974551032, 
-0.0055427561752956099, -0.0074697832802741717, 0.21355417614427807, 
0.053132276841125495, 0.30313798142218384, 0.021028881649781693, 
0.0024422448767772234, 0.0094993103247919975, 0.0052889850615697549, 
-0.0086572106340235509, 0.050551413151573792, -0.01982116267112298, 
0.022624717494764524, -0.028559880935464649, 0.03407627036167455, 
0.030582500114041358, 0.011668772809209287, -0.012283844597747992, 
0.050121674781106539, 0.078053506503087289, 0.016817014704251468, 
-0.02744158535007063, 0.026705570035518093, -0.0055427561752956099, 
0.03206842422217035, 0.012037133002148478, 0.01883934140657283, 
0.030452946582170449, -0.047463383225560721, 0.035141413061832348, 
0.012201445322079577, -0.0018068696556069572, 0.023423227808251543, 
-0.022330007515743957, 0.001053464013780183, 0.0015368245533545703, 
0.012138382163643473, -0.061917308205677347, -0.010205609208917802, 
0.012785861574722357, -0.0050970381034918652, 0.022743579963940448, 
0.081760530168202089, -0.063661962280652865, -0.025190899007738295, 
0.0073161604747982809, -0.023686897688043131, -0.0074697832802741717, 
0.012037133002148478, -0.031395597347549341, 0.015979597493650039, 
0.18116095501061683, 0.035276643679719465, -0.016115498676639629, 
0.00012759202933976341, -0.001159127638220501, -0.0031527999329803518, 
0.029959693850163744, 0.017120638535008725, 0.014391809154004034, 
-0.21042262167247985, -0.029760861527395887, 0.049296485643061688, 
0.014076842948655438, 0.019027084528817295, 0.017159426503825063, 
-0.57745491426877149, -0.39721646837733693, 0.08861469651838598, 
0.054325757859800226, -0.19373020461929127, 0.21355417614427807, 
0.018839341406572827, 0.015979597493650039, -0.5957668514407316, 
-0.41966103012264594, -0.63791566512541253, -0.043060146875211612, 
0.038204234961010608, 0.05732378075460013, 0.01501323004818258, 
0.08032003700992113, 0.020893276314466698, -0.063364691773572013, 
-0.30994501976832245, -0.12293225654058805, 0.055950776239536426, 
0.02572600528467309, 0.026691538727878387, 0.012215095332441781, 
-0.44540931918322252, -0.42102173909208612, 0.0082092337616880597, 
0.21122120565625835, -0.13927180013392759, 0.053132276841125488, 
0.030452946582170452, 0.18116095501061683, -0.41966103012264588, 
-0.074221652938228855, -0.44487158562805135, -0.0015623595519579602, 
0.0053196908685707988, 0.0072231187867367007, 0.0086561794347875583, 
-0.01300556983778506, 0.041041843682561682, 0.014956703823844132, 
-0.036501262087951951, -0.054655048766276158, 0.0036874961411704093, 
0.036734457367949475, 0.091119907272641729, 0.016566271207749877, 
-0.91069537595629968, -0.63447295233705714, -0.0014429808082572987, 
0.34533072800436193, -0.34336171931346821, 0.30313798142218384, 
-0.047463383225560721, 0.035276643679719465, -0.63791566512541253, 
-0.44487158562805129, -1.2820142424612362, 0.072631139630240357, 
0.032183915707819394, 0.074528010407917247, -0.002638201189011423, 
0.086698854480092277, 0.057703949781861393, -0.027731002303089804, 
-0.68436960494887644, 0.22156752743201122, -0.0089355668348026218, 
0.063205785531500122, 0.055085059037493542, 0.05120695080388759, 
-0.087681007232037478, -0.076626759723490465, 0.033020652640025808, 
-0.015274512574426356, -0.032396042971708963, 0.021028881649781693, 
0.035141413061832348, -0.016115498676639632, -0.043060146875211612, 
-0.0015623595519579604, 0.072631139630240357, -0.090663627694848245, 
0.01981182467666795, 0.04222388302560829, 0.022691253743923924, 
0.0059523803946966445, 0.055481491443964116, 0.057207861235680675, 
-0.033479194062574436, 0.048850732082217248, 0.0082175398479498434, 
0.043959546025647972, 0.00036597289863200458, 0.012931887517661301, 
-0.002484529750213035, 0.047843712655084837, 0.017181471117530919, 
-0.0047674241603607899, 0.014789684806574726, 0.0024422448767772234, 
0.012201445322079578, 0.00012759202933976339, 0.038204234961010608, 
0.0053196908685707988, 0.032183915707819387, 0.01981182467666795, 
0.047671947764885987, 0.044351518641910705, 0.0055330519758428134, 
0.02538504819466518, 0.020365374178592733, 0.023977842143098307, 
0.13422444235969438, 0.080305530156654883, 0.027206771439941897, 
0.0047367934549046231, 0.022530951772665331, 0.021447520510963314, 
0.015885423570182741, 0.028416941775718123, -0.01008335098396429, 
0.018345247704773703, -0.0032271782955570357, 0.0094993103247919958, 
-0.0018068696556069572, -0.0011591276382205012, 0.05732378075460013, 
0.0072231187867366998, 0.074528010407917247, 0.04222388302560829, 
0.044351518641910698, 0.031541666361107612, 0.013402185573412334, 
0.0048782943854241085, -0.0078188464585094274, 0.022793320400527377, 
0.0191833525151161, 0.12661042137268033, 0.0067383263485323742, 
-0.0013718661790317285, 0.0053093823676318066, -0.0012346104080316505, 
0.067421278181431538, -0.0014668859913128636, 0.0009550998949800516, 
-0.023258311226779321, 0.00011224078363142148, 0.0052889850615697558, 
0.023423227808251543, -0.0031527999329803518, 0.01501323004818258, 
0.0086561794347875583, -0.002638201189011423, 0.022691253743923924, 
0.0055330519758428134, 0.013402185573412334, 0.029010807441681982, 
