structure(c(-0.50035096927787426, -0.37561575782095552, -0.015767086760665475, 
0.10533182064652213, -0.099223370966997418, 0.15596614015256002, 
0.040756434628657003, 0.014568752682737466, -0.32528246757071533, 
-0.25921360996393483, -0.17481029880604609, -0.089246406976501852, 
-0.030984176747998537, -0.042331694286332391, 0.015394426292759127, 
-0.075826371447684379, 0.082375600436241939, 0.01032053933317611, 
0.1418366425402551, -0.36284658303004846, -0.062651596164258291, 
0.040578878849345121, 0.065430084002957439, 0.016001038184564144, 
-0.37561575782095552, -0.27592386364743621, 0.01263734475817886, 
0.091154176924106697, -0.063146006230318283, 0.06261616259284343, 
-0.016697238097949447, -0.024604169441099135, -0.26263201063060543, 
-0.096165366723001341, -0.1869087518190751, -0.086432415474388208, 
0.025654363925788029, -0.0053891803256091485, 0.019065422927326534, 
0.016125561526447601, 0.024572749458965416, 0.00767104735995453, 
-0.16966842438802296, 0.11577005361902049, -0.071560442413921913, 
0.0054346179738540973, -0.013909446107675201, 0.020718725961590113, 
-0.015767086760665475, 0.01263734475817886, -0.0058356753351860051, 
0.045692220109617078, 0.057707078560673801, 0.013641952303056941, 
0.005661373338021896, -0.030945671707426216, 0.0095371490359196769, 
-0.025616200965103468, 0.010482367089512374, -0.010570632169694191, 
0.0097172923543121705, -0.015199735771529284, -0.012591292008195337, 
-0.026196906883684406, 0.0010658626155351431, -0.0025085449159151668, 
-0.033020678035943843, -0.086151102283282308, 0.0063942348372716274, 
0.0014358875326709779, -0.0075549089141891818, -0.036327769984459128, 
0.10533182064652213, 0.091154176924106711, 0.045692220109617078, 
-0.022479538444334098, 0.016291074463175851, -0.026059699201345345, 
-0.0068415729399553685, 0.044096287202132392, 0.063541787805717884, 
0.061125343697548788, 0.17690869689276781, -0.014233952202525083, 
-0.0021585736754662055, 0.0046736922336464313, 0.0099965038811385878, 
0.0033557631293170192, 0.0097362004285378896, 0.017515467648474281, 
0.086072115580124564, 0.07884030674666187, 0.002923236516023657, 
-0.015216883548482238, 0.010664313761862413, 0.023442568760025262, 
-0.099223370966997432, -0.063146006230318283, 0.057707078560673801, 
0.016291074463175851, -0.043955581844222658, 0.044455766419068211, 
-0.0096212424037235462, -0.010213759561843717, -0.10266283084912554, 
-0.070945709365321255, -0.11482164649259492, -0.020347883006556659, 
0.0074005384423060329, 0.0046666094110374545, -0.020110899805741864, 
0.025021383237441443, -0.015734282436827091, 0.014033838346858575, 
0.21847183924664254, -0.00075836260132680871, 0.040028715956417625, 
0.0096555278933083376, 0.033907142944862051, 0.015140262763574167, 
0.15596614015256, 0.06261616259284343, 0.013641952303056943, 
-0.026059699201345342, 0.044455766419068211, 0.029370288816196452, 
-0.016013609142671692, 0.0030772815689047044, 0.10864368493197914, 
-0.040555263221685511, 0.077796007591315719, -0.01487327603401614, 
-0.0087175335719258708, -0.0083515864216969736, 0.010895436044422396, 
-0.02141574443958805, 0.021061390687957805, 0.0028703685602169166, 
0.0080486931597279349, -0.11430462638825337, -0.0011531129135313582, 
0.0019246846711574814, 0.012802944445740155, -0.0080814565381314152, 
0.04075643462865701, -0.016697238097949447, 0.005661373338021896, 
-0.0068415729399553685, -0.0096212424037235462, -0.016013609142671692, 
0.0042880832177084457, -0.015031894813332282, 0.032565016920300796, 
0.011541018203966639, -0.03096480271166038, 0.0094682262244882888, 
-0.0034973697905898555, -0.0035923906969854307, 0.0078943839835957184, 
-0.015269060715464619, 0.023384269248190426, 0.010187713215354062, 
0.18000274620987419, 0.053655369604895496, 0.033916675918070911, 
0.0085270834030591464, 0.016870909782849018, 0.008853620549345461, 
0.014568752682737465, -0.024604169441099135, -0.030945671707426216, 
0.044096287202132385, -0.010213759561843717, 0.0030772815689047044, 
-0.015031894813332284, -0.0099587829517632301, 0.011767383598651579, 
0.027721778292073153, -0.024681124316013076, -0.016585069610307954, 
0.0088013882940549178, 0.0077827853132064239, -0.0032665597760788371, 
-0.0059665685209517932, -0.0095727506576936058, 0.0054025210619902111, 
0.090618626454832901, -0.056134519428954262, -0.022817146607609952, 
-0.011330506357750491, -0.014260302955760543, 0.010811545373823986, 
-0.32528246757071533, -0.26263201063060543, 0.0095371490359196752, 
0.063541787805717884, -0.10266283084912554, 0.10864368493197914, 
0.032565016920300789, 0.011767383598651579, -0.32142355329453093, 
-0.14293654894558949, -0.27058872496590514, -0.029822850101008224, 
0.020250598408727248, 0.028695509054493775, 0.0038654914033692789, 
0.015450248350294231, 0.053391231928765638, -0.03729171998123932, 
0.11707110224872896, -0.24143331082212385, -0.0029148712818749811, 
0.027322288293232831, 0.076586745061222469, 0.015174308595353804, 
-0.25921360996393483, -0.096165366723001341, -0.025616200965103468, 
0.061125343697548788, -0.070945709365321255, -0.040555263221685518, 
0.011541018203966639, 0.027721778292073153, -0.14293654894558949, 
0.042736810765815286, -0.11647204665930685, 0.07032641382623013, 
-0.026874563697966584, -0.020224139617468318, 0.018436176228209384, 
-0.0090545467256916892, 0.028806737078900149, 0.032733956344957314, 
-0.0047011714748141876, -0.050366354145700995, -0.037481546920059582, 
-0.0019014788156076947, 0.0042551679715361213, 0.0093119854848743716, 
-0.17481029880604609, -0.18690875181907507, 0.010482367089512374, 
0.17690869689276784, -0.11482164649259492, 0.077796007591315705, 
-0.030964802711660376, -0.024681124316013079, -0.27058872496590514, 
-0.11647204665930684, -0.5757889159020716, -0.013160748933586564, 
0.030255349829304511, 0.016045642372516562, 0.013308728965804388, 
0.026762399104537316, 0.076208074467618667, -0.059246029617680704, 
-0.20488919063074931, 0.15705019132176154, 0.035692224014437696, 
0.061095478347108247, 0.075994869485779271, 0.016457381618287838, 
-0.089246406976501852, -0.086432415474388222, -0.010570632169694193, 
-0.014233952202525081, -0.020347883006556659, -0.01487327603401614, 
0.0094682262244882888, -0.016585069610307954, -0.029822850101008228, 
0.07032641382623013, -0.013160748933586566, -0.04962302835117146, 
0.03175384799001317, 0.032504051005586253, 0.003282094180167804, 
-0.0030249603757409819, 0.011470858277948654, 0.016942006104143984, 
0.035978967803939291, 0.14781149729662688, -0.0079013046477769602, 
0.028658570488466397, 0.010230830598324728, 0.011350648565257996, 
-0.030984176747998533, 0.025654363925788029, 0.0097172923543121705, 
-0.0021585736754662051, 0.007400538442306032, -0.008717533571925869, 
-0.003497369790589855, 0.0088013882940549161, 0.020250598408727252, 
-0.026874563697966584, 0.030255349829304511, 0.03175384799001317, 
0.015632343305637137, 0.010227922006363653, -0.0044923866170900528, 
0.0019999780358843783, -0.00024210279545685526, 0.021935878129757232, 
-0.022124303461211803, 0.012891988048779664, 0.0019789041969027529, 
0.002630753839626103, 0.0046769549270394674, 0.0089621887144235336, 
-0.042331694286332391, -0.0053891803256091485, -0.015199735771529286, 
0.0046736922336464322, 0.0046666094110374545, -0.0083515864216969753, 
-0.0035923906969854307, 0.0077827853132064239, 0.028695509054493779, 
-0.020224139617468318, 0.016045642372516562, 0.032504051005586253, 
0.010227922006363655, 0.0063375611945096699, 0.0056563554693001136, 
0.00578785436672382, 0.0023094487037712713, 0.0024383943326295263, 
-0.0396761354102661, -0.0048032606182759454, 0.00026819143290427632, 
-0.0033365985681570861, 0.015582602931675944, 0.002294753682436554, 
0.015394426292759125, 0.019065422927326534, -0.012591292008195339, 
0.009996503881138586, -0.020110899805741867, 0.010895436044422396, 
0.0078943839835957184, -0.0032665597760788375, 0.0038654914033692785, 
0.018436176228209384, 0.013308728965804388, 0.003282094180167804, 
