structure(c(-0.21650642715142709, -0.19015595595626264, 0.064504452672690726, 
0.15232023810566678, -0.17948977830186905, 0.065525154203895514, 
0.036692012391531033, 0.13344293518281911, -0.25420896355925854, 
-0.44967795075078948, -0.17318164392119872, 0.024518641849406445, 
0.0033199601618537893, -0.067454247549839003, 0.093522870894454962, 
-0.055397362250657563, 0.031770444817049881, -0.015440892532858408, 
-0.73007663579171833, 0.44047982316950557, -0.015001569851927804, 
0.073343914234900429, 0.0013735029033270197, 0.055015827267902884, 
-0.19015595595626261, -0.24671082482386719, -0.024051466663918466, 
0.12448855569406864, -0.059798951695637398, -0.017039008034194645, 
0.02907654638567447, 0.043991624031098214, -0.21374453249418893, 
-0.085635284234695727, -0.17632225507163513, 0.016736133288585444, 
0.078388678475873455, 0.076553077296236755, 0.0091368238934487391, 
0.03636330135029027, -0.038051670529269908, 0.092325809278143836, 
-0.57765361844792318, 0.10678004117566918, 0.006479034292879036, 
-0.009705350555461692, -0.022960982341474968, 0.054677454447755826, 
0.06450445267269074, -0.024051466663918466, -0.017305503714584659, 
0.083902995056420335, 0.081496550030015366, 0.021056589094137584, 
0.013912221604414856, -0.0029814900252521223, -0.017616906004106814, 
0.053480205576110648, 0.063518008251115671, 0.028557632866886323, 
-0.0065941347385400154, -0.028920565361858393, 0.018918455412104847, 
-0.013209036979912093, -0.026413839690255122, 0.018860081078932427, 
-0.38093944133066621, 0.062696586628224985, -0.013749612222269773, 
-0.014534837230348619, -0.017042779937260943, -0.03925413575746723, 
0.15232023810566678, 0.12448855569406865, 0.083902995056420335, 
-0.072073261554667395, 0.012309757230621323, -0.067302715369960603, 
-0.015470672920141957, -0.012003349401569318, 0.0057020202647630764, 
-0.00027709188901083352, 0.070160740481795783, -0.010461434513253464, 
0.0071346202051610005, 0.035066694294696985, -0.0057119662456770305, 
-0.0038864934723275278, -0.033674476130260082, 0.013539022781622083, 
0.25732107025892204, -0.066423611606465205, 0.033531096504637238, 
-0.0073321711589387278, 0.064606807577446357, 0.046472658044379118, 
-0.17948977830186905, -0.059798951695637398, 0.081496550030015366, 
0.012309757230621325, 0.08954161984152724, -0.063703606731951412, 
0.02008893635692488, -0.030967187824864972, -0.17177387828871349, 
-0.0068830505005975469, -0.11365426582071048, 0.044171528370860108, 
0.0045263449276365525, -0.048107606308170917, 0.020308162993589233, 
0.036357037288062652, 0.013884213007157165, -0.029482868369639825, 
0.025259193468767704, -0.1920077983271386, -0.026193988478154535, 
-0.0033947259402154154, -0.019223289469858722, 0.058905530946667312, 
0.065525154203895528, -0.017039008034194645, 0.021056589094137584, 
-0.067302715369960603, -0.063703606731951412, -0.021658679785140439, 
-0.014553671194543627, 0.011006147258165202, 0.018926959766969578, 
-0.014051277018425321, 0.071128415209211926, -0.0573891736766763, 
-0.018663790532585718, -0.013957331571939647, -0.058613112879474218, 
0.0088026004678827523, -0.025490799950015051, 0.0014978103950951886, 
0.30342146956626748, -0.19502814412196434, 0.0031007595662075628, 
0.030535964566051191, 0.017190874021366903, -0.029191704253911877, 
0.036692012391531033, 0.02907654638567447, 0.013912221604414857, 
-0.015470672920141955, 0.020088936356924884, -0.014553671194543627, 
0.00034374175173149503, -0.014660826569165536, 0.021524791313854017, 
0.012218588792295794, -0.0096656797599358139, 0.04098903863034286, 
0.012687743137573534, 0.013117690919029704, 0.042508751402057503, 
-0.0068043696388195114, 0.04462751063192949, -0.020251777879326117, 
0.042148785017021462, -0.085439135833455845, -0.015036165332607581, 
-0.002712823796025395, 0.0070055393291446819, 0.0012278371885538636, 
0.13344293518281911, 0.043991624031098214, -0.0029814900252521227, 
-0.012003349401569318, -0.030967187824864972, 0.011006147258165204, 
-0.014660826569165538, -0.0044348485836611948, -0.043570194866140298, 
0.0019285681944614349, -0.055354784733546852, -0.091047140412329461, 
0.0064448652300841619, -0.0014404037125434043, -0.01080931247007917, 
0.043436742479576219, 0.014484059883862565, -0.011288644958898024, 
-0.0042677097884460599, -0.035917349326402635, 0.013409280593365646, 
-0.0036210239042719214, -0.022633408689855153, 0.02356142081013261, 
-0.25420896355925854, -0.21374453249418895, -0.017616906004106817, 
0.0057020202647630764, -0.17177387828871349, 0.018926959766969575, 
0.021524791313854017, -0.043570194866140298, -0.39920354403290381, 
-0.21185097399979388, -0.5498077470471936, -0.1485258606535679, 
0.026833159456205829, 0.060563885214127158, -0.021243490529485258, 
0.016588464307304755, 0.0036985052694139997, -0.10361916964275003, 
0.065071054961024874, 0.1104647171835742, 0.022485994281462873, 
0.05107602554558506, 0.064790837819285227, 0.045707980400419262, 
-0.44967795075078942, -0.085635284234695727, 0.053480205576110655, 
-0.00027709188901083346, -0.0068830505005975469, -0.014051277018425321, 
0.012218588792295794, 0.0019285681944614347, -0.21185097399979388, 
0.0037578073895123492, -0.019556673332625309, 0.052941716766064677, 
-0.036648190083692134, 0.011922397602928602, 0.0079390644099102698, 
-0.0021419210276662367, -0.021970212442922108, 0.020547982661543524, 
-0.095645837489648305, -0.1937295002548034, 0.036049880486888702, 
0.0434656186320126, 0.076129300918748269, 0.0065627020732715192, 
-0.17318164392119872, -0.1763222550716351, 0.063518008251115671, 
0.070160740481795783, -0.11365426582071048, 0.071128415209211912, 
-0.0096656797599358139, -0.055354784733546852, -0.54980774704719348, 
-0.019556673332625306, -0.61246141731105863, 0.064030030740535759, 
0.035002407667799079, 0.017747180140697677, 0.010657659795238984, 
-0.010843246977142559, 0.063140352848556805, -0.035358603859847383, 
-0.94681609450106963, 0.22983047397974818, 0.058312309982292358, 
-0.043402811150456716, 0.026959486335422552, 0.014556080105736634, 
0.024518641849406445, 0.016736133288585444, 0.028557632866886323, 
-0.010461434513253464, 0.044171528370860108, -0.0573891736766763, 
0.04098903863034286, -0.091047140412329461, -0.1485258606535679, 
0.05294171676606467, 0.064030030740535759, -0.05649328920994446, 
0.04199209873133377, 0.033022531469338388, 0.036963283947671351, 
0.022687555255260661, 0.03267864788254176, 0.016082086674081408, 
0.22181567646968639, -0.018219269594874018, -0.018563284548925068, 
0.02395771861916695, 0.0076215470616466021, -0.014475384254313477, 
0.0033199601618537889, 0.078388678475873455, -0.0065941347385400162, 
0.0071346202051610005, 0.0045263449276365525, -0.018663790532585718, 
0.012687743137573532, 0.0064448652300841619, 0.026833159456205829, 
-0.036648190083692141, 0.035002407667799072, 0.041992098731333777, 
0.03218826481455641, 0.027443015571915117, 0.00086812348782573494, 
-0.017307796261417995, 0.0090863550252113599, 0.0034576044378251906, 
0.0029580367420824413, 0.11395266235880136, 0.008323917862771292, 
-0.0062467750087345291, -0.014586080714143069, 0.01760315733801052, 
-0.067454247549839003, 0.076553077296236768, -0.028920565361858393, 
0.035066694294696985, -0.048107606308170917, -0.013957331571939647, 
0.013117690919029704, -0.0014404037125434043, 0.060563885214127158, 
0.011922397602928601, 0.017747180140697677, 0.033022531469338395, 
0.027443015571915117, 0.01234247739936113, -0.0055014787717488876, 
-0.013344519622474578, 0.0060697246238831087, 0.0087270745935158281, 
0.071757653610196703, 0.032010131803020328, -0.0058707801491784707, 
-0.0025525982083942325, -0.021275288126816838, 0.007006883822379374, 
0.093522870894454962, 0.0091368238934487391, 0.018918455412104851, 
-0.0057119662456770305, 0.020308162993589233, -0.058613112879474218, 
0.042508751402057503, -0.01080931247007917, -0.021243490529485255, 
0.0079390644099102698, 0.010657659795238982, 0.036963283947671358, 
0.00086812348782573494, -0.0055014787717488876, -0.0023964244603207501, 
