structure(c(-0.1396907233747616, -0.050738825312447451, 0.048178635090085742, 
0.14495436234673847, -0.083504042301112344, -0.042997419645447302, 
0.039389787926800014, 0.0090080478603822688, -0.11197455256797947, 
0.063624331290132813, -0.29051441798782235, 0.089324058383195667, 
0.03361352382062676, 0.033722632332908807, -0.01047958845364619, 
0.049612151270828506, -0.11164000923352524, 0.049340841251479424, 
-0.18267010551094251, 0.158092200912514, 0.0057093517881037503, 
-0.019689724758615024, -0.084567836261760135, -0.027304049036524034, 
-0.050738825312447451, -0.18541390377108855, 0.037036985052911198, 
0.021258391767393393, -0.052590185003012241, 0.01244019973793575, 
0.050339231152908441, -0.0043857055766700972, -0.10456063532996437, 
-0.16896890621430194, -0.13298312991596259, 0.05153507970998164, 
-0.0022557273963014169, 0.042015007216112649, -0.0046896345005266312, 
0.0088575109597953654, -0.066847157273594637, 0.048047488931519548, 
-0.31735354713342828, -0.00050848789312332818, 0.11280672432658276, 
0.018382914817734505, -0.046989925870697745, -0.0074234837028595239, 
0.048178635090085742, 0.037036985052911198, 0.085988520313899197, 
-0.055491757903230327, 0.007367025777766276, -0.0066502108843644664, 
0.018180783451436179, 0.0039754888578834744, 0.021453119164716365, 
0.039413813225342806, 0.013082559213564611, 0.058802494627504497, 
-0.0012126173413371138, 0.0090457978292618358, 0.030591834760415101, 
0.02863167449951394, 0.019390016133111372, 0.01989279076679586, 
0.11775947466482953, 0.062494110703997144, 0.0030078573516002468, 
0.001235850889222943, 0.0041540303039019136, 0.049481166381578248, 
0.14495436234673845, 0.021258391767393393, -0.055491757903230327, 
0.0014320766926161084, -0.045131973479172173, -0.0019496817908427884, 
-0.0015981265033809444, -0.073760248731252046, 0.036572565248274166, 
0.026066842491047612, -0.082330128264470157, -0.029418386871239256, 
-0.010722648219930469, -0.0071513507846947925, -0.0075974680863148082, 
0.0043352035741960563, -0.010072037273015399, -0.0023989057925434027, 
-0.30269587293466838, -0.04342170070557308, 0.0048493564291581482, 
0.015875416680775477, -0.018742937929518633, -0.031845094946398519, 
-0.083504042301112344, -0.052590185003012241, 0.0073670257777662769, 
-0.045131973479172173, 0.077200315951098317, -0.062153851886619246, 
0.026847721901606812, -0.013484099724564545, -0.065309880473244486, 
0.037522009624461804, -0.035505138511725612, 0.042058624363420082, 
0.013940447325726057, 0.016415922821940366, 0.026394337506235856, 
-0.022128861762567231, 0.0071768657762755874, -0.014814974643984732, 
-0.30375125038436662, -0.35116276696329674, -0.018902138842840501, 
-0.00063529961781529163, -0.025296430897914755, 0.010178728779794321, 
-0.042997419645447302, 0.01244019973793575, -0.0066502108843644664, 
-0.0019496817908427886, -0.062153851886619253, -0.035132797285642246, 
0.012572508463004475, -0.026388884080228655, -0.02100784754975266, 
0.035910556484440491, 0.022010666308407083, -0.0057758702320002504, 
0.0039645744673436172, -0.0040113523820248962, -0.015808869686950857, 
0.0013112070932019778, -0.0051363059387163406, -0.0054179888071393349, 
0.017172902255525195, 0.11550717914499135, 0.0053974982850244152, 
0.0082520094186565446, -0.0064282627029394485, -0.025623887268245521, 
0.039389787926800014, 0.050339231152908441, 0.018180783451436179, 
-0.0015981265033809446, 0.026847721901606815, 0.012572508463004475, 
-0.0088653096866635681, 0.019501185567274149, -0.01114433338813799, 
0.0099378023886935087, 0.019126970330136096, 0.033784206011396631, 
0.010956792848493546, 0.0047171502906117784, 0.0097328568157642788, 
-0.021363500803221865, -0.0068713624905251749, 0.0036961283911999955, 
-0.16405362610097549, -0.154602188845016, -0.02900722946065299, 
-0.0024602539535344271, -0.0030492140497070399, 0.021945233553798977, 
0.0090080478603822688, -0.0043857055766700972, 0.0039754888578834744, 
-0.073760248731252032, -0.013484099724564547, -0.026388884080228658, 
0.019501185567274149, 0.0011430957000922392, 0.015156327250412799, 
0.01702443307505928, 0.12827763099888156, -0.013150689465195422, 
-0.017963311934813729, -0.016609027082022984, 0.016254339874365496, 
0.01570898755211227, 0.021090138453275408, 0.0071019246732621751, 
-0.19123049568070458, -0.004858247613456026, 0.062925364177018911, 
0.027077071289220118, 0.015791315619516341, -0.03536009889978755, 
-0.11197455256797947, -0.10456063532996439, 0.021453119164716365, 
0.036572565248274173, -0.0653098804732445, -0.021007847549752656, 
-0.011144333388137992, 0.015156327250412797, -0.071672395549361737, 
-0.11698548405051724, -0.25306492306079614, 0.016301104345062871, 
-0.0098530056104547108, 0.0067363785798573023, 0.030622260412895771, 
0.0073735825143652969, -0.069889955654904079, -0.030422840067755197, 
-0.49254875446238267, -0.22827104100504572, 0.011347527177748701, 
-0.032733666171334448, -0.057839276386057875, 0.012185516619532481, 
0.063624331290132813, -0.16896890621430191, 0.039413813225342806, 
0.026066842491047612, 0.037522009624461811, 0.035910556484440491, 
0.0099378023886935087, 0.01702443307505928, -0.11698548405051724, 
0.037388783183240466, -0.14651448273415635, -0.0050387648955604386, 
-0.014518690054749425, -0.017679083226507648, -0.015045715024875365, 
0.020320182406290091, -0.039890914192959044, -0.020144966832273032, 
0.066295259502154286, -0.38716808214215076, 0.09734652743019577, 
0.034296766680392811, 0.00075565666274409913, 0.017197432838324842, 
-0.29051441798782235, -0.13298312991596256, 0.013082559213564611, 
-0.082330128264470157, -0.035505138511725605, 0.022010666308407079, 
0.019126970330136096, 0.12827763099888156, -0.25306492306079614, 
-0.14651448273415635, -0.043669425538569943, -0.07165915199352467, 
-0.007734270047511373, 0.011144174949171078, -0.01443636836433846, 
0.0065182340584334199, -0.074624837741066374, 0.027143146779094768, 
-0.35594824754574128, 0.00070175498203497143, 0.019021671360112118, 
-0.023333469050641112, -0.020805840541641051, -0.015495092107556171, 
0.089324058383195654, 0.051535079709981634, 0.05880249462750449, 
-0.029418386871239259, 0.042058624363420082, -0.0057758702320002495, 
0.033784206011396624, -0.013150689465195422, 0.016301104345062871, 
-0.0050387648955604386, -0.071659151993524656, 0.011937111416510661, 
-0.031425728103346026, -0.019102650361402438, -0.014630376561399391, 
0.022550844924520485, -0.0043429414558167527, 0.021120533798042067, 
0.046687981530332656, -0.19748506600992202, 0.047752505538865883, 
-0.024921740883100958, 0.0083736483696453638, -0.0089433842079607757, 
0.033613523820626767, -0.0022557273963014169, -0.0012126173413371138, 
-0.010722648219930469, 0.013940447325726057, 0.0039645744673436172, 
0.010956792848493546, -0.017963311934813729, -0.0098530056104547091, 
-0.014518690054749425, -0.0077342700475113739, -0.031425728103346026, 
0.0059437071857272022, 0.0052042007977156652, 0.0026031463516113236, 
-0.0068126035528392175, 0.0035053657141506898, -0.01241281318664662, 
0.038481658550242333, -0.027920330752611498, -0.00954520752070139, 
0.0021512314622136861, -0.0030841705581275119, -0.0076320287771656208, 
0.033722632332908807, 0.042015007216112649, 0.0090457978292618341, 
-0.0071513507846947925, 0.016415922821940366, -0.0040113523820248962, 
0.0047171502906117784, -0.016609027082022984, 0.0067363785798573023, 
-0.017679083226507644, 0.011144174949171078, -0.019102650361402438, 
0.0052042007977156652, 0.007220764620965288, 0.00057650834765332886, 
-0.011816278157584077, -0.012192130747789074, 0.01019394369693559, 
-0.0073932923085923662, -0.044149489878626554, -0.0082863015910039743, 
0.0043881927412615408, -0.014820378139315773, -0.0044271885709471891, 
-0.01047958845364619, -0.0046896345005266304, 0.030591834760415104, 
-0.0075974680863148082, 0.026394337506235859, -0.015808869686950857, 
0.0097328568157642788, 0.016254339874365493, 0.030622260412895775, 
-0.015045715024875365, -0.014436368364338462, -0.014630376561399393, 
