structure(c(-0.28059090020763078, -0.099005248304755822, 0.060549949930776233, 
-0.068843342778894839, -0.02805361145739434, 0.036462591725541532, 
0.020851856453684717, -0.08259467962690055, -0.036942641849644457, 
-0.095741033440920983, -0.15966559213108375, -0.075663745344458425, 
-0.0013644350338585457, -0.0022680156106817334, -0.013920657775132371, 
0.024664079521809431, 0.0082519012644950412, -0.010672938440321609, 
-0.50514409128796012, -0.241178795953673, 0.025564205891605157, 
0.0051240695547127135, -0.037962016490041411, -0.069793575636662483, 
-0.099005248304755822, -0.10248653420363903, -0.042251325271821231, 
-0.0083967797584663436, -0.0050264805402295163, 0.055803095344413634, 
-0.027850611470716134, -0.016897157505021024, 0.1209019203332817, 
-0.040922163417904306, -0.074997721563289668, -0.024167250606579781, 
-0.0054337685367895081, 0.0066375897502187805, -0.022620263092006133, 
0.025775724056654813, -0.033523360302270967, 0.011157759460492085, 
-0.10350288686651195, -0.052276346854586674, 0.011526111954369447, 
-0.006681108554189432, -0.0074825643289146409, -0.017821455857233361, 
0.060549949930776233, -0.042251325271821231, 0.014522012052531764, 
-0.0071785790895109213, 0.037614091612958686, -0.0097992311430786516, 
-0.0138586344811938, -0.020190694822634483, 0.02256132221478075, 
0.015402132321558456, 0.053488592768663315, 0.014405112978136448, 
0.0023411636515149091, -0.023017288497977042, 0.0041806585162197834, 
0.010076434145855014, -0.04619815447045051, -0.0043908204670626482, 
0.010562777637693206, 0.19417032826905989, 0.020466363173379565, 
-0.004914152866780974, 0.012573713622869565, -0.039871195867809822, 
-0.068843342778894839, -0.0083967797584663436, -0.0071785790895109204, 
0.002818251779392148, -0.044561893097136415, 0.015979394386363314, 
-0.010429344782891604, 0.017800973892168458, 0.057488598209903465, 
0.011213613396839196, 0.015980811637558538, 0.0018233973220867783, 
0.0025420028993014608, 0.013932517005320728, 0.0042223968245567699, 
-0.025036498402431728, 0.012946503080411523, 0.0054786967588170872, 
0.11315348515370446, -0.15072825525898487, -0.010709496207708152, 
0.01806132112546115, 0.024966669925583915, 0.01678243958127373, 
-0.028053611457394344, -0.0050264805402295163, 0.037614091612958686, 
-0.044561893097136415, -0.046414603023258394, -0.025851901993275594, 
-0.029439983493638133, 0.014719588789816591, -0.04543549487618799, 
-0.061852520478299311, -0.056747800879818525, -0.04511381178947442, 
0.00066821466458318469, -0.0091240694030471532, 0.0066317484860035697, 
0.022043831981281556, -0.0052269657652250926, 0.021883304016631935, 
-0.00011009968433521637, -0.13444746303021657, 0.020629707992706449, 
-0.00046858100979338608, 0.019740558984610856, 0.014072715135430168, 
0.036462591725541532, 0.055803095344413634, -0.0097992311430786516, 
0.015979394386363317, -0.025851901993275594, 0.0043061456459589876, 
-0.0066158833312087943, -0.012479030926730878, 0.0074940217482216591, 
0.045021550632951303, -0.032568727692889536, 0.003652309397286631, 
0.0042806784207320824, -0.0008034797252848315, 0.0089931916185079577, 
-0.030733917269400411, 0.0011119871058244807, -0.016143935339899908, 
0.095440837092037489, -0.14285422047990817, -0.00013244936472675098, 
0.0044562158184731993, -0.0064283826590753913, -0.01293537708292831, 
0.020851856453684717, -0.027850611470716134, -0.0138586344811938, 
-0.010429344782891604, -0.029439983493638133, -0.0066158833312087951, 
-0.0012097686360757005, -0.0026270409986181454, -0.014042794310801264, 
0.0095457942062566036, -0.0080579903041802948, -0.034058128170314811, 
-0.0055834601093279106, -0.0017557626508828248, -0.0048115813674992451, 
-0.0042355793677999057, -0.010353647456344818, 0.021057250861781562, 
0.10257306603306587, -0.046753062447227656, 0.0022256808967444546, 
-0.024905604310732181, 0.00035645340477321604, 0.017380496760641597, 
-0.08259467962690055, -0.016897157505021024, -0.020190694822634483, 
0.017800973892168458, 0.014719588789816591, -0.012479030926730878, 
-0.0026270409986181454, 0.0039577601123466696, 0.0281735610196455, 
0.015337052407311053, 0.025283229082792184, 0.017435931125135095, 
0.0062068241695096291, 0.00090648233487649894, 0.0085693310184274379, 
0.0013717604381184585, 0.0093157301149541603, 0.01079377240306072, 
0.023183279019919144, 0.07472649202117046, -0.022079844431318583, 
-0.00053747601222114798, -0.0020738408945198765, -0.012551504715937929, 
-0.036942641849644457, 0.12090192033328169, 0.02256132221478075, 
0.057488598209903465, -0.04543549487618799, 0.0074940217482216591, 
-0.014042794310801262, 0.028173561019645504, -0.050820949114136461, 
0.0055849197175486566, -0.22645498113340276, 0.012534338128420568, 
0.022826043678842115, 0.022523311719904876, 0.020606821521993168, 
-0.044126005756741991, 0.031504889269202509, -0.060473546525891882, 
0.1285933040618614, 0.035979466503895267, -0.010371003819055011, 
-0.01364751337309395, -0.0074034051431462033, 0.023637090879002686, 
-0.095741033440920983, -0.040922163417904306, 0.015402132321558458, 
0.011213613396839198, -0.061852520478299318, 0.045021550632951296, 
0.0095457942062566036, 0.015337052407311053, 0.0055849197175486566, 
0.076146864157666125, -0.051375645090693804, -0.010206898127818848, 
-0.0089874897491986992, -0.021634872888994794, -0.0059754512048938507, 
-0.033851387633235391, 0.026052629012721384, -0.0053464542473215118, 
-0.041747499957822239, -0.30917353176796303, -0.0064903772907046074, 
0.0075459332697560971, 0.013801842688931434, 0.0090745269037389945, 
-0.15966559213108375, -0.074997721563289654, 0.053488592768663315, 
0.015980811637558538, -0.056747800879818518, -0.032568727692889529, 
-0.0080579903041802948, 0.025283229082792184, -0.22645498113340273, 
-0.051375645090693811, -0.31034076563635737, 0.032371045165908781, 
0.02384432673888031, 0.014416463765231162, 0.02731525098659918, 
-0.024535763918720976, 0.065096838003465357, -0.0047047912224708549, 
0.062644180264632088, 0.17948206033178585, 0.027672203281664254, 
-0.026974215331820459, -0.02428547904027276, -0.092869256587958637, 
-0.075663745344458425, -0.024167250606579781, 0.014405112978136448, 
0.0018233973220867781, -0.045113811789474427, 0.0036523093972866314, 
-0.034058128170314811, 0.017435931125135095, 0.012534338128420568, 
-0.010206898127818848, 0.032371045165908788, -0.049957313004464876, 
0.034793091699041476, 0.0076685114989048864, 0.002050681806447731, 
-0.012212743124027878, 0.0034397661803332201, -0.0097654616345865149, 
0.15498734885139645, -0.068117851260595386, -0.021019098153217803, 
-0.0015751640929202863, 0.0027754726738423519, 0.014302707267017992, 
-0.0013644350338585457, -0.0054337685367895081, 0.0023411636515149091, 
0.0025420028993014608, 0.00066821466458318458, 0.0042806784207320816, 
-0.0055834601093279115, 0.0062068241695096291, 0.022826043678842112, 
-0.0089874897491986992, 0.023844326738880314, 0.034793091699041476, 
-0.00010159704437490652, 0.0028330906134345969, 0.0075723072653140489, 
0.00092584335783320651, -0.010253804979714499, 0.01980847471238548, 
0.045763773583422561, -0.1626865427539298, -0.017522537688705681, 
-0.0033508124201966191, 0.0078796646131762405, 0.0026536802026933684, 
-0.0022680156106817334, 0.0066375897502187796, -0.023017288497977038, 
0.013932517005320728, -0.0091240694030471532, -0.00080347972528483161, 
-0.0017557626508828248, 0.00090648233487649894, 0.022523311719904876, 
-0.02163487288899479, 0.014416463765231162, 0.0076685114989048864, 
0.0028330906134345964, -0.0013745813197498364, -0.0025258370572869122, 
0.0038494485160905489, -0.0037957010206330229, 0.015559896063092432, 
0.070926723515697884, -0.1608319428558633, -0.011361330086209542, 
-0.0010752413304274035, -0.0015411951596458553, -0.00053134772830374711, 
-0.013920657775132371, -0.022620263092006133, 0.0041806585162197834, 
0.004222396824556769, 0.0066317484860035697, 0.0089931916185079595, 
-0.0048115813674992442, 0.0085693310184274379, 0.020606821521993165, 
