structure(c(-0.10365186021736983, -0.20359942142129239, -0.023898300066261854, 
0.11037943018316752, -0.00708267623979149, 0.073618712148711726, 
0.084965423902115561, -0.027254825607954142, -0.17595321503628483, 
-0.050260405026307096, 0.042685936760064803, -0.040228331215438055, 
-0.025277889783164108, -0.0454626597286827, -0.0028360611163908561, 
-0.06080992114169393, 0.041840762890164501, 0.0063137842237830644, 
-0.40380447481513232, -0.36896305546695046, -0.021329596561668256, 
0.015024038155098221, 0.06779634551102999, 0.0024867986464257815, 
-0.20359942142129239, -0.16579534958425562, 0.020817609923483523, 
0.081189755107552594, -0.041543530804077008, 0.06700507970489443, 
-0.02498296732754824, 0.0016954223168217462, -0.1297261294545296, 
-0.08223009466527649, -0.22572128137276218, -0.053998799561635225, 
0.0049153172696121336, -0.008018505790756322, 0.00088159467414597014, 
-0.018554939620290086, 0.0010144515321364618, -0.012141101668917258, 
-0.41137098066058597, -0.070135521247456506, -0.069213752219774549, 
-0.046452164145547481, -0.01358422217667701, -0.0038015204623474607, 
-0.023898300066261854, 0.020817609923483527, 0.0144270288588617, 
0.00841054951443637, 0.07392720963002597, 0.0050887689239760949, 
0.013123167434427952, -0.024023351032005553, 0.019072857257318613, 
-0.010646769042692192, 0.020776295946263255, 0.036970870721753431, 
0.0096904277677911013, -0.0040431718580893053, -0.0056293304174516992, 
0.0050232786232107945, -0.0076301455614243329, -0.02445020462630193, 
-0.1600276715551659, 0.022389179902836537, 0.0068675162906915868, 
-0.0074497923577878968, -0.0024234331329002407, -0.01124531074702593, 
0.11037943018316752, 0.081189755107552594, 0.00841054951443637, 
-0.0074175308609452303, 0.0025882736710104459, -0.0067589080376388678, 
0.011277585306154598, 0.0396195234686905, 0.015918146470653333, 
0.043916704507307433, 0.1038000616478173, -0.056803097086530654, 
-0.0097202451920482946, -0.0027494538046161426, -0.00086176723296193798, 
-0.013064407870661612, -0.0057863700020579735, 0.021674610301362165, 
-0.11449220047878131, -0.10489485344907035, -0.0018058591654105725, 
-0.010758635832946584, -0.0052483883849786745, 0.024586271800376439, 
-0.00708267623979149, -0.041543530804077015, 0.07392720963002597, 
0.0025882736710104454, -0.038599171760309477, 0.00045699177545002745, 
-0.015156483457582477, -0.015398122743022821, -0.068160230469410832, 
-0.14032352404752615, -0.10399659856676663, -0.011951839320867843, 
-0.0027675530204850254, -0.0083811689675997256, 0.024122360634744312, 
-0.015409330268524722, -0.0079299431064858792, 0.030755579256415547, 
-0.22660197633941206, -0.05917355964670519, 0.030072811824547654, 
0.020646748634648094, 0.055312359286675529, 0.02204391207252876, 
0.073618712148711726, 0.067005079704894416, 0.0050887689239760949, 
-0.0067589080376388678, 0.00045699177545002745, 0.011014372927415228, 
0.0027607558041582545, 0.0052317305823375692, 0.04398912830373624, 
0.051510575128444661, 0.062366194254793415, 0.0055010098674195722, 
-0.013842924135114867, -0.017691632417428098, 0.011621112501827117, 
-0.010573597434144745, 0.0012992909821800214, -0.0073366331692336379, 
-0.065597947464479292, -0.046662536042000803, 0.020510788580530865, 
0.021884980830253392, -0.0059433052861208617, -0.024568865422479162, 
0.084965423902115561, -0.02498296732754824, 0.01312316743442795, 
0.0112775853061546, -0.015156483457582475, 0.0027607558041582545, 
0.006618378744210081, -0.016109711755991369, -0.017591239843113917, 
0.045970955820392879, 0.020065621072445899, 0.047138647027447259, 
0.013022885264682331, 0.0044780879231207322, -0.0012050051840590676, 
-0.026729127801323579, 0.0021911775042243232, 0.007169683344031186, 
0.18616355083365399, -0.013013972800818899, 0.016380141060465699, 
0.005553811976670233, 0.0097842704478488442, 0.018369529005394375, 
-0.027254825607954142, 0.0016954223168217462, -0.024023351032005556, 
0.0396195234686905, -0.015398122743022819, 0.0052317305823375692, 
-0.016109711755991369, 0.005893132206907313, 0.041855705053092024, 
0.010004341256470567, 0.032247988817208806, -0.0016856553815051416, 
0.0054730765105253766, -0.0033399479918118005, 0.0027580683930560055, 
-0.0087799707853604587, -0.0060837519650627321, 0.015160050622156205, 
-0.018310688151261693, -0.039969107812446503, -0.0083145068061382561, 
-0.0047218189347502425, -0.017530147708906416, 0.003019453321986644, 
-0.17595321503628486, -0.12972612945452963, 0.019072857257318613, 
0.015918146470653333, -0.068160230469410832, 0.04398912830373624, 
-0.017591239843113917, 0.041855705053092017, -0.26219836718822626, 
-0.1512070819076424, -0.30310433122331748, 0.013765285347484214, 
0.010922277773710857, 0.03273250040472734, 0.01399874517373053, 
-0.031374356883649812, 0.012211547990332803, -0.087995451415887202, 
-0.013850487223034638, 0.068644315024772501, -0.010350288766817158, 
0.0029938775119339061, 0.046160007912462435, 0.015242714500083564, 
-0.050260405026307096, -0.082230094665276476, -0.010646769042692192, 
0.043916704507307433, -0.14032352404752618, 0.051510575128444661, 
0.045970955820392879, 0.010004341256470567, -0.1512070819076424, 
0.031048421037216646, -0.020793521739290652, 0.011257384242956303, 
-0.0052859408131954427, -0.013895008041104705, -0.019599506175792085, 
0.006365038741591238, 0.030311113727015865, 0.025396659755530709, 
0.22259487190290758, -0.20845599600796083, -0.0019416512207370159, 
-0.015712623394545117, 0.030781691276015915, 0.011685338929975765, 
0.042685936760064797, -0.22572128137276218, 0.020776295946263255, 
0.1038000616478173, -0.10399659856676662, 0.062366194254793415, 
0.020065621072445899, 0.032247988817208806, -0.30310433122331748, 
-0.020793521739290648, -0.29445493955619456, 0.002862926667690893, 
-0.018235584525188541, -0.014188064589380753, -0.01225941874178171, 
0.021641903208048978, 0.028416393135821064, -0.048632505311776382, 
-0.28469189642104187, 0.4039447394942608, 0.0071823786944568103, 
0.038991858496725477, 0.029080579985930798, 0.04063424233041097, 
-0.040228331215438055, -0.053998799561635225, 0.036970870721753431, 
-0.056803097086530654, -0.011951839320867843, 0.0055010098674195722, 
0.047138647027447259, -0.0016856553815051418, 0.013765285347484214, 
0.011257384242956305, 0.0028629266676908926, -0.0065005726368497245, 
0.029367003742153418, 0.021001364138363406, -0.010283982610735466, 
-0.010128829910155551, 0.0094637874201406978, 0.023519356023164528, 
0.23498939996125245, -0.027649561976018755, 0.0037434795117150597, 
0.01051558641892697, 0.018107343618739509, -0.0078955976810004234, 
-0.025277889783164108, 0.0049153172696121345, 0.0096904277677911013, 
-0.0097202451920482928, -0.0027675530204850254, -0.013842924135114867, 
0.013022885264682333, 0.0054730765105253775, 0.010922277773710859, 
-0.0052859408131954427, -0.018235584525188538, 0.029367003742153418, 
0.016069071224168292, 0.014329674462424249, 0.0033929237374869092, 
-0.0016269831336578871, 0.0090645390822600303, 0.025837408591387664, 
-0.092586340580860765, 0.036958451871842067, -0.00089862578318567615, 
0.0056676644796206958, 0.0049052626470779412, 0.0090905595272540527, 
-0.0454626597286827, -0.008018505790756322, -0.0040431718580893053, 
-0.0027494538046161422, -0.0083811689675997256, -0.017691632417428098, 
0.0044780879231207322, -0.0033399479918118005, 0.032732500404727333, 
-0.013895008041104705, -0.014188064589380755, 0.021001364138363406, 
0.014329674462424247, 0.0093311067931812642, 0.0024285012285678075, 
-7.8097401349885985e-06, -0.0037858486079712962, 0.016988844270755941, 
-0.064048695374765027, -0.036929568924019614, -0.006275457467504352, 
0.0025959141386882952, -0.0059488449219585052, 0.0051254580478951968, 
-0.0028360611163908561, 0.00088159467414597014, -0.0056293304174517, 
-0.00086176723296193798, 0.024122360634744315, 0.011621112501827117, 
-0.0012050051840590678, 0.0027580683930560059, 0.01399874517373053, 
-0.019599506175792085, -0.01225941874178171, -0.010283982610735466, 
