structure(c(-0.80029908344301282, -0.479567697529651, -0.013143105127587821, 
0.052308944564635508, -0.19467403708675768, 0.093381933868355721, 
-0.018983079283165793, 0.018857061427970438, -0.47938472464738791, 
-0.16961692738950962, -0.48964093796353048, 0.011534089916714592, 
0.014244345588730318, 0.054737741033923468, 0.072495410051231363, 
-0.035216346996096978, -0.03348887353399517, -0.0025591619270641888, 
0.28515320426099711, 0.062990294822283077, -0.034657255701115913, 
0.029846894655600704, -0.12308288916543281, -0.0096991060414689176, 
-0.47956769752965095, -0.28014366792339235, -0.053066264540544097, 
0.027469152543256926, -0.089601160200031879, 0.024944846963040314, 
0.041656043817749067, -0.029018591162523321, -0.32596020372960344, 
-0.12227900054548431, -0.073693925195358764, 0.0092145677928259211, 
-0.011448034523442318, 0.016652859085839418, 0.020598344074061567, 
0.034440656354242823, -0.017234716719440039, 0.041901982018817313, 
-0.082644478700894627, 0.19305959145741605, 0.059358776428641055, 
0.070738703326250374, -0.03045707419434782, 0.00024751415469003975, 
-0.013143105127587823, -0.053066264540544097, 0.0098866582072111436, 
-0.011225116801605603, -0.013279968380611788, -0.018141465645600152, 
-0.0031995699569416195, -0.014805927003340123, -0.076813036099735527, 
-0.016252824062162594, -0.048573683170593303, -0.013141651365605333, 
-0.0068039766083593982, -0.030419536623265037, 0.022929832941751452, 
-0.021694034803048958, 0.033381189582672423, 0.020757195590028612, 
0.26936751058608288, -0.089592856433256235, 0.010436320933310239, 
-0.0062575025075452583, -0.0099700637673995098, -0.0072407747824731264, 
0.052308944564635508, 0.027469152543256926, -0.011225116801605605, 
-0.020265912359967712, -0.021429933312938205, -0.020762020261865091, 
-0.016863299855002862, -0.055941513422724846, 0.10561179130822537, 
0.064562486615630466, 0.099885175516082947, 0.040201106113222612, 
0.0050008495635286507, 0.013695049972793161, 0.0039007233064995428, 
0.033824101926521265, -0.00048633838988867837, 0.0027741717680207795, 
0.25403112281211476, 0.23413674420115094, 0.017815773562053952, 
0.013815788882922089, 0.013028028277205414, -0.012638491434555215, 
-0.19467403708675768, -0.089601160200031879, -0.013279968380611788, 
-0.021429933312938205, 0.04629219913617532, -0.026798637928388356, 
0.010416593444093339, 0.018287149049698033, -0.025494821866119646, 
0.092800338480416689, -0.16471425570071319, -0.0090620028433643952, 
0.011257028471277276, 0.013067297614156979, -0.0052335286469395855, 
0.054878861287739993, 0.017553628889034025, -0.030034494821798728, 
0.29347904090421284, -0.17873282605567434, 0.020797764442620468, 
-0.026470587989432033, -0.010716621613059892, 0.00081714779983124979, 
0.093381933868355721, 0.024944846963040314, -0.018141465645600152, 
-0.020762020261865091, -0.026798637928388359, 0.013424497245460403, 
-0.022957860188243397, 0.00031451286853744994, 0.038957901039376221, 
-0.10543382881089562, 0.10151999786014329, -0.0216915378600923, 
0.02070880726680915, 0.023860518429103052, -0.027460397105722865, 
-0.0019271797881622343, 0.01504177139099401, 0.030786814391390971, 
-0.055937132672677338, 0.19718645190438697, -0.0037459597140039129, 
-0.0066732521522067361, 0.013968407721311287, -0.0027718048045266841, 
-0.018983079283165796, 0.04165604381774906, -0.0031995699569416195, 
-0.016863299855002858, 0.010416593444093339, -0.0229578601882434, 
0.012589148451005118, 0.021684861288641784, 0.041612103050254555, 
-0.045014375324979664, -0.085406171070590231, -0.05908486399356179, 
-0.020170171001969585, -0.018399024727920616, 0.0065014741273589959, 
0.018405230329841919, 0.015113229135469679, -0.0094174440658408107, 
0.051834496083498632, -0.027555908249887871, -0.00088820860798173075, 
-0.010543427931384124, -0.0019436742156828737, 0.0035729500869631538, 
0.018857061427970442, -0.029018591162523321, -0.014805927003340123, 
-0.05594151342272484, 0.018287149049698036, 0.00031451286853744989, 
0.021684861288641784, 0.015722543835191508, -0.074376026268159784, 
0.024495592642625786, -0.041980759791402714, -0.018732166021803085, 
-0.0099675926666310654, -0.00098987702051103461, -0.00025192420639002177, 
0.013008206963872698, 0.02514769283294108, -0.0006718744943837138, 
-0.051609687246324643, 0.0090253083914461317, 0.010951128629733659, 
0.016346382231399292, 0.027079613175955499, -0.005968766534888377, 
-0.47938472464738791, -0.32596020372960344, -0.076813036099735527, 
0.10561179130822537, -0.025494821866119646, 0.038957901039376228, 
0.041612103050254555, -0.07437602626815977, -0.21459270397018915, 
-0.10136549347566674, -0.11382108435441697, -0.039137494202839913, 
-0.0050111893237409178, 0.0015964995663849397, 0.029362292800254441, 
0.13434284681539263, 0.019035057563030023, 0.084698909843939241, 
-0.1568703361895899, -0.12354711864385409, 0.04924394483851055, 
-0.0028174513793745156, 0.002306877936438629, 0.049023372574576667, 
-0.16961692738950962, -0.12227900054548431, -0.016252824062162594, 
0.064562486615630466, 0.092800338480416689, -0.10543382881089561, 
-0.045014375324979664, 0.024495592642625789, -0.10136549347566674, 
0.011964130112809335, -0.22223782174469275, -0.012363943192059534, 
-0.046147909244182307, -0.0026307268797867551, 0.025927244776286221, 
0.0055730662081221157, -0.013310679479558931, -0.018667864173555537, 
-0.1344836689476944, -0.0091895982774425882, 0.064419921152436943, 
0.050445104536045761, -0.024015434569370029, 0.013047405940827053, 
-0.48964093796353053, -0.073693925195358764, -0.048573683170593303, 
0.099885175516082961, -0.16471425570071319, 0.1015199978601433, 
-0.085406171070590231, -0.041980759791402721, -0.11382108435441696, 
-0.22223782174469275, -0.45081201032833312, -0.035066223159283538, 
0.022822950029642901, 0.044759092000260972, 0.06781844928896838, 
0.039431595019075713, 0.036879787715020901, -0.010399643179897495, 
-0.098512230460242114, -0.10343196961873893, 0.04736243333332902, 
-0.0019662824712317977, 0.017904858374888668, -0.023007004570036117, 
0.011534089916714594, 0.0092145677928259211, -0.013141651365605331, 
0.040201106113222612, -0.0090620028433643952, -0.0216915378600923, 
-0.059084863993561783, -0.018732166021803085, -0.039137494202839906, 
-0.012363943192059534, -0.035066223159283538, 0.0013397724106458866, 
-0.019461969129236093, 0.00095291347694250903, 0.013563431456135663, 
0.0396718888898712, -0.0072516143647169086, 0.0059280970439466825, 
-0.23305253789107352, 0.21785668119001395, 0.030190911190398996, 
0.012698057647447457, -0.004291980271275129, 0.021521733077530115, 
0.014244345588730318, -0.011448034523442318, -0.0068039766083593974, 
0.0050008495635286516, 0.011257028471277276, 0.020708807266809154, 
-0.020170171001969588, -0.0099675926666310671, -0.005011189323740917, 
-0.046147909244182307, 0.022822950029642901, -0.019461969129236093, 
-0.0016831679181386694, -0.0034147808873711033, -0.011531299872201072, 
0.0085753422204697619, -0.0057727769281792646, -0.0094587617047921548, 
0.1742054302053179, -0.099003262962541611, -0.01410033730740695, 
0.0047704911730380032, -0.0010660130046927809, 0.0010140110947324385, 
0.054737741033923468, 0.016652859085839414, -0.030419536623265037, 
0.013695049972793161, 0.013067297614156979, 0.023860518429103056, 
-0.018399024727920613, -0.00098987702051103461, 0.00159649956638494, 
-0.0026307268797867555, 0.044759092000260979, 0.00095291347694250903, 
-0.0034147808873711033, 0.0054931716366316882, -0.0018766446887183053, 
0.0067872125713215265, 0.0023492258103270077, 0.0043448335637160333, 
0.096165688483167644, -0.02895213766804583, -0.0012201802528587862, 
0.00044490912802981218, 0.0084737796213119575, -0.0024523183507502502, 
0.072495410051231363, 0.020598344074061564, 0.022929832941751452, 
0.0039007233064995432, -0.0052335286469395847, -0.027460397105722862, 
0.0065014741273589959, -0.00025192420639002177, 0.029362292800254444, 
0.025927244776286225, 0.06781844928896838, 0.013563431456135663, 
