structure(c(-0.37093436267510488, -0.19287662841114889, 0.019407768177925715, 
0.0042258885580164565, -0.0037883428084737069, 0.085264694454533052, 
-0.01755673359539631, -0.012630986737426934, 0.039586375003310803, 
-0.18150772276413171, -0.12172715486843572, -0.12906212125834352, 
-0.022353942038859327, -0.0085809418659123678, 0.013161732464293401, 
-0.058667571156938193, -0.014628055368531146, 0.0082906741163165393, 
-0.12288876379809689, -0.17998462706967128, 0.030429399286020054, 
0.0030940942102126194, 0.022830113621446376, -0.010382828608333089, 
-0.19287662841114891, -0.065119792677301766, -0.025759645955647666, 
0.056450134933744317, 0.058474151867401396, 0.014238069295189722, 
-0.017024460713110281, 0.023354832463733547, -0.003067502513740915, 
-0.11152650768425316, -0.075572839792673735, 0.036770679458151101, 
-0.024003820745637897, -0.041419929545125786, 0.024281662941324045, 
-0.03239577289044146, 0.0052976844037265526, 0.023761509351247184, 
-0.28514489397933152, 0.031820795392121334, -0.065274407022010178, 
-0.022775793214037016, -0.0044624608104822938, -0.0026363191707630624, 
0.019407768177925715, -0.025759645955647666, -0.019869685744558978, 
-0.011584052235604329, 0.031897160480764498, 0.015224935629199059, 
0.020105988707161397, -0.019850857965334579, -0.018769918194229893, 
-0.0031020758882322865, -0.0069354057419283056, 0.012688218206935081, 
0.0043331469535712588, -0.018146892321096706, 0.0070902320259846252, 
-0.0076086027595053951, -0.040658922714472266, 0.017355934235196272, 
0.012872138825300436, 0.07863398497352736, -0.039220884739829251, 
-0.0061750751543942035, -0.0094260715960729716, -0.016390541045250902, 
0.0042258885580164574, 0.056450134933744324, -0.011584052235604329, 
-0.015088913820644085, -0.053600173837401767, -0.012128094779358528, 
-0.039710283065404049, 0.025052805348370972, -0.012771420029702867, 
0.002207682597911053, 0.055428570550133241, -0.026503830313399233, 
0.016203530110884157, 0.026178749412426323, 0.014658832649994395, 
-0.0011420274879825629, 0.018305214452904752, 0.01006677179679389, 
-0.26017504543440451, 0.0096699827800886019, -0.0065583195606082204, 
0.010362537515542506, 0.011614809956701258, 0.019268982771635749, 
-0.0037883428084737065, 0.058474151867401396, 0.031897160480764492, 
-0.053600173837401753, -0.02874261588871416, -0.035878188516714267, 
-0.026513669906477497, -0.043094875158377004, 0.032631737336808887, 
-0.063533706763729297, 0.0027036137494304852, -0.0018878292920329557, 
0.0088065061251536188, -0.0035998093610223616, -0.030162537959602932, 
0.0094742718525647421, -0.0097754272404612791, 0.028857930195175786, 
0.28401308816858278, 0.043241161251761182, -0.028591378744265372, 
-0.01235060547204952, 0.0023587718484256001, -0.0080078105485817015, 
0.085264694454533052, 0.014238069295189722, 0.015224935629199059, 
-0.012128094779358526, -0.035878188516714267, -0.0049832328523105257, 
-0.018499324142520344, 0.030855327897956628, 0.010637966888680149, 
0.015754238551168608, 0.027009048821613511, -0.022585176194085184, 
0.0094269504460356337, 0.0023749000260615844, 0.03214684316768017, 
-0.010525364327689021, -0.0017274611721944885, -0.0028267794822588841, 
-0.13125639893167326, 0.032318701446228407, 0.028140525130537639, 
0.0044612485396433353, -0.0035248165123975524, 0.0056882600074055585, 
-0.017556733595396314, -0.017024460713110281, 0.020105988707161397, 
-0.039710283065404049, -0.026513669906477497, -0.018499324142520344, 
0.029166522866830628, -0.0099400596737109284, -0.010009175412151745, 
-0.017658033663568808, -0.019056438751172699, -0.010147052354090493, 
-0.0016281897735356218, -0.0086691572916060035, -0.0079461209279918909, 
-0.00043972037627963554, 0.022415570634834268, -0.020683960307736501, 
-0.10609764772169135, -0.093154901884964753, 0.0031671421873876384, 
-0.016389430271335978, -0.0038743142929989812, 0.026972633722958148, 
-0.012630986737426934, 0.023354832463733547, -0.019850857965334579, 
0.025052805348370972, -0.043094875158377004, 0.030855327897956631, 
-0.0099400596737109267, -0.036858108417722371, 0.037606295565572621, 
-0.06544352397579091, 0.017102586310932477, -0.011008989669440061, 
0.0032972697387091028, -0.0039628693125134621, 0.012667738700334677, 
-0.0039171014883891842, -0.018483997421162069, 0.004740437860452318, 
-0.079420501475962246, 0.18590317191799938, -0.019595355304203522, 
-0.014626595405686156, 0.00066970597434437399, -0.0044663416615070934, 
0.039586375003310796, -0.003067502513740915, -0.018769918194229893, 
-0.012771420029702867, 0.032631737336808887, 0.010637966888680147, 
-0.010009175412151745, 0.037606295565572621, -0.092386595210313463, 
-0.11298703064597226, -0.072480664632414801, 0.013138535712880085, 
-0.014678883708168165, -0.022951226154104876, 0.019529774251471739, 
-0.054121156531389478, 0.0094849786005815982, -0.013612206399039617, 
0.066729540977833138, 0.11841023132059628, -0.0022297109993307794, 
-2.9232503681223968e-05, 0.066685383119600525, 0.0085296496646061638, 
-0.18150772276413171, -0.11152650768425316, -0.0031020758882322869, 
0.002207682597911053, -0.063533706763729297, 0.015754238551168611, 
-0.017658033663568808, -0.06544352397579091, -0.11298703064597226, 
-0.022250311148897368, -0.016999887596977112, -0.014451204624411268, 
-0.022839212185956498, -0.015472852385316701, 0.020390166520336109, 
-0.0044712360386910789, 0.013539522543901667, -0.021906146242218302, 
0.049736498486934046, -0.030642504337920609, 0.003397321810504329, 
0.010155211296526002, 0.023134714384061495, 0.0075702197335997179, 
-0.1217271548684357, -0.075572839792673721, -0.0069354057419283056, 
0.055428570550133248, 0.0027036137494304852, 0.027009048821613511, 
-0.019056438751172699, 0.017102586310932481, -0.072480664632414801, 
-0.016999887596977112, -0.25928630787531171, -0.023359049075644071, 
-0.0098862021056809538, -0.0060202945467341881, 0.025703215817556874, 
-0.021602677422993391, 0.036107916098731964, 0.022945200466813743, 
0.35150336122516812, 0.29871792576016859, 0.048353599720144136, 
0.044698287570785041, 0.040597033601751778, 0.03334242067421149, 
-0.12906212125834352, 0.036770679458151108, 0.012688218206935081, 
-0.026503830313399229, -0.0018878292920329559, -0.022585176194085184, 
-0.010147052354090491, -0.011008989669440061, 0.013138535712880086, 
-0.014451204624411268, -0.023359049075644071, -0.02051732462313265, 
0.017500790066767372, 0.022693137898602955, 0.0096946607269946666, 
-0.00074319043517074017, 0.019723566129726471, 0.020407354172110731, 
0.041258135788542698, 0.052992269894706345, 0.0081065349279001442, 
0.013342482311853728, 0.038807875375909129, 0.031395821965746189, 
-0.022353942038859324, -0.024003820745637894, 0.0043331469535712588, 
0.016203530110884157, 0.0088065061251536188, 0.0094269504460356337, 
-0.0016281897735356218, 0.0032972697387091028, -0.014678883708168167, 
-0.022839212185956498, -0.0098862021056809555, 0.017500790066767368, 
0.020372685260327459, 0.021832297172191914, 0.018001706601335137, 
0.00026606364495218604, 0.0048292357048356485, 0.014022439020453281, 
-0.13105076650169858, -0.037859138052101581, 0.0077471745603824443, 
0.0049243641521668942, 0.021055548137539123, 0.014185724743183583, 
-0.0085809418659123678, -0.041419929545125779, -0.018146892321096706, 
0.026178749412426323, -0.0035998093610223616, 0.0023749000260615844, 
-0.0086691572916060035, -0.0039628693125134621, -0.02295122615410488, 
-0.015472852385316703, -0.0060202945467341881, 0.022693137898602955, 
0.021832297172191914, 0.022424224112556634, 0.013666140128844591, 
-0.00053499110979633442, 0.0056146570636033113, 0.01008045184653975, 
-0.11760363883059206, -0.016852385639155511, -0.008482586405954947, 
0.0017698204270550208, 0.020172212356548078, 0.01664362935364426, 
0.013161732464293401, 0.024281662941324045, 0.0070902320259846243, 
0.014658832649994395, -0.030162537959602932, 0.03214684316768017, 
-0.0079461209279918909, 0.012667738700334677, 0.019529774251471739, 
