structure(c(0.011410540701810065, 0.0099488981305063638, 0.0018981705021492929, 
0.015501371490038107, 0.021790871693539021, 0.01220715929847354, 
0.0070561387880000975, 0.0032407470669509118, 0.015476480729740323, 
0.023353427683738201, 0.017803593306924465, 0.010417207393695208, 
0.0016662949679650601, -0.0011323668626417303, 0.0019382718450093026, 
-0.001541542622723481, -0.0056497052997425126, 0.0088535233675425401, 
0.071363390135506632, -0.017604960375764724, 0.001597060390245575, 
-0.00018982010911114749, 0.0086738287166042184, 0.0022364439622230611, 
0.0099488981305063638, -0.011620771811250841, -0.00265729391773404, 
-0.0010468573071674844, -0.00042258679317496768, 0.00026436995956740403, 
-0.0014996775884964758, -0.0013616416824004576, -0.0055802786391913372, 
0.013834202790167416, 0.002833928888928164, 0.0043914962734175594, 
0.0010103635008358442, -0.00028745925499390712, -0.0020190715955236043, 
0.00084360307511130406, -0.0034486966029441796, 0.0055021202742116301, 
0.0046983478789104863, 0.00044863135900841063, 0.0082079537991385856, 
-0.00066953053087995577, 0.00049634853681014167, -0.0020826687431978155, 
0.0018981705021492929, -0.00265729391773404, -0.002530321316943634, 
-0.0013599739966889215, 0.0057560285528039882, -0.0044089859458739424, 
0.00084558962655107838, -0.0021222791579552668, 0.010216627406168216, 
-0.0013954018605226068, -0.0015618839675727995, 0.0072472227468997723, 
-0.00076747785183887258, -0.00017286563820227132, 0.00058909780453530048, 
0.0011493984172617011, 0.00080279705530650813, 0.0019970838775075004, 
0.019327082322370112, 0.017505915108188799, 0.00751282794579183, 
0.0034943946690939812, 0.00086478538622477457, -0.001364273753349667, 
0.015501371490038107, -0.0010468573071674844, -0.0013599739966889215, 
0.00034710167901179172, 0.0049392139856976967, -0.0050227434133094046, 
-0.0011979163179564874, 0.0009105961809319573, 0.008008301659332577, 
0.001094784117116114, 0.0075958966905231053, -0.0006078238179837316, 
-0.00053396748743302915, 0.00010965794645461834, -0.0012077909408124566, 
0.00096465223178600009, -0.0013572634106309906, -0.0036733032868569546, 
-0.015070675629448631, -0.011750987461260728, -0.0010825412306029647, 
-0.0056160075013117787, -0.00029050049990163204, -0.00030729035336825278, 
0.021790871693539021, -0.00042258679317496768, 0.0057560285528039882, 
0.0049392139856976967, 0.0085810316135131216, -0.0041886575927649362, 
-0.00081102114649350915, -0.00057114487985115113, 0.0063490155981779052, 
0.0061103011180813861, 0.02021573786586834, 0.011811521875420498, 
0.0016856618862416629, 0.0021353765414374747, -0.0011735109776369584, 
0.00039979778248299991, -0.003697298566352418, 0.0011625100981332915, 
0.023289032126410873, -0.0070190458795038185, 0.0023536067691785748, 
0.0018075353111229088, -0.002139035873661663, -0.00077406129508520544, 
0.012207159298473541, 0.00026436995956740403, -0.0044089859458739424, 
-0.0050227434133094054, -0.0041886575927649362, -0.00072553424866354278, 
-0.0020886848128905951, -0.002825429252053739, -0.0075084429764563929, 
0.0044861296377085432, -0.0026989848528053951, -0.0012106564332749761, 
-0.0015492817790395785, -0.0018923748566550573, -0.0027351166998216972, 
-0.00031007898389005079, -0.00045765004353594594, -0.0011257613249958452, 
-0.032776993340627218, 0.0030385208474380055, -0.005533139217721735, 
-0.0001713860160419695, -0.0005145168828892859, -3.2686652290491788e-05, 
0.0070561387880000983, -0.001499677588496476, 0.00084558962655107849, 
-0.0011979163179564874, -0.00081102114649350904, -0.0020886848128905955, 
0.0022081501877164629, -0.0018337423449812649, 0.0038783077030402559, 
0.0054459473184331328, 0.00029084731102056944, 0.0018534276889467397, 
-0.0012040836505468749, -0.00095779918025972973, -0.001863809209584293, 
-4.7910769886242825e-05, 0.00084720540889254912, 0.00060276969217671293, 
-0.00023709763525478841, 0.0087198989079458802, 0.001271699423211742, 
-0.0021554705225301295, -0.0011292114117938698, -0.001211942208173491, 
0.0032407470669509118, -0.0013616416824004576, -0.0021222791579552673, 
0.0009105961809319573, -0.00057114487985115113, -0.002825429252053739, 
-0.0018337423449812647, 0.00051294444379853252, 0.0057205974288101766, 
-0.00043723920408547792, 0.005862319229710056, -0.00086758205970315528, 
0.0035666713971597716, 0.0021117677727171972, 0.0034478588596610592, 
-0.0023350108614684255, -0.0012322675058213672, 0.0019318669463900093, 
-0.0047700255759377764, -0.00735199258312639, -0.00035523571111628334, 
-0.0015190044319235404, -0.0050677467431420632, 0.00047802015945926237, 
0.015476480729740323, -0.005580278639191338, 0.010216627406168218, 
0.008008301659332577, 0.0063490155981779052, -0.0075084429764563938, 
0.0038783077030402555, 0.0057205974288101757, -0.00040400070880576783, 
0.0029589141774000877, -0.0025072225702391831, 0.0059484140304608326, 
0.00055144795425411024, -0.0014335691066524724, 8.7114436452406056e-05, 
0.00012444708499722852, -0.0017920904673689167, -0.0044380621963325574, 
-0.00089380446660357771, 0.022210661802615293, 0.0057887220624872815, 
-0.0034791923848739767, -0.0087360803242093488, -0.0033379251905856075, 
0.023353427683738201, 0.013834202790167416, -0.0013954018605226068, 
0.001094784117116114, 0.0061103011180813852, 0.0044861296377085432, 
0.0054459473184331328, -0.00043723920408547787, 0.0029589141774000881, 
0.0020960960593349974, 0.0058055455068389342, 0.0030187558175692989, 
-0.0028861020749507502, -0.0035326146775327876, -0.0018209418558519591, 
-0.0031002275201521073, 0.00019846972778775861, 0.00080159657806328985, 
-0.0072766642051707003, -0.0051530415478648305, 0.0070334892443215859, 
-0.0033178392749813432, -0.00058853076705606589, -0.0051554637529577273, 
0.017803593306924468, 0.002833928888928164, -0.0015618839675727995, 
0.0075958966905231053, 0.02021573786586834, -0.0026989848528053946, 
0.00029084731102056944, 0.0058623192297100552, -0.0025072225702391831, 
0.0058055455068389342, 0.0020255602831755989, -0.002768001837189663, 
-0.001404983994718189, -0.00099080131193628553, 0.0043288150846848951, 
-0.0076310167095796789, -0.0038701011314835028, -0.00075566700555232229, 
-0.082319483941713484, -0.010969830312282332, -0.0043139299814134403, 
-0.0020140007266206367, -0.003888880800944597, 0.0019591034473809125, 
0.010417207393695208, 0.0043914962734175594, 0.0072472227468997723, 
-0.00060782381798373149, 0.011811521875420498, -0.0012106564332749763, 
0.0018534276889467397, -0.00086758205970315517, 0.0059484140304608317, 
0.0030187558175692984, -0.002768001837189663, -0.0065421033807705831, 
2.5049929221581103e-05, -0.0021081692473168697, 0.00061737613315870704, 
0.00070385202828936785, -0.00069724704361002891, -0.0022114633004363944, 
0.0068149953022978681, 0.012363556980129175, -0.0011196671266173997, 
-0.0043961893637393416, -0.0020816553468827963, -0.0020303493805325949, 
0.0016662949679650601, 0.0010103635008358442, -0.00076747785183887268, 
-0.00053396748743302915, 0.0016856618862416629, -0.0015492817790395783, 
-0.0012040836505468747, 0.0035666713971597716, 0.00055144795425411035, 
-0.0028861020749507502, -0.0014049839947181887, 2.5049929221581103e-05, 
7.7899584831118924e-05, -0.00018615718451006738, 0.00016504124526343109, 
0.0004183357465053155, -0.0002702624086660177, -0.00039366560374384097, 
0.01069063312638617, -0.0068716429456984135, -0.0017241428410936215, 
-0.00044680222638465548, -0.0028135105927751232, -0.0027011902999951893, 
-0.0011323668626417301, -0.00028745925499390707, -0.00017286563820227132, 
0.00010965794645461834, 0.0021353765414374747, -0.0018923748566550573, 
-0.00095779918025972973, 0.0021117677727171972, -0.0014335691066524724, 
-0.0035326146775327876, -0.00099080131193628553, -0.0021081692473168697, 
-0.00018615718451006738, -0.00054662143522140618, 1.9518731141603504e-05, 
-0.00091547032092118604, -0.00019733273590464943, 5.0830906987435602e-05, 
0.0055532551830563192, -0.003007316239908811, -0.00088678641352297062, 
