structure(c(-0.15989293419216022, -0.04047770202447163, -0.0047955494823290045, 
0.052221690491056995, -0.075724628192707491, -0.012768725430919135, 
0.040407924049435599, -0.0016716611539324756, -0.071168444621162175, 
-0.0074087153134629845, -0.044472733077066257, 0.0053117745857487941, 
-0.0042658719079386783, 0.00030382940620880816, 0.020167524903493956, 
-0.011155500709564562, -0.0047109956915936608, 0.038228638490650668, 
-0.046237052357525628, -0.015091222924989852, 0.0070952466816196491, 
0.015180496913521779, 0.015098830771078094, 0.010802738276275498, 
-0.040477702024471623, -0.0040131705890006884, -0.0035270148593488375, 
0.032446927918000114, -0.020844605678700265, 0.013575856896966765, 
0.011979389049300028, 0.0091870071425452522, -0.026224392525828304, 
-0.0038342088801808266, -0.042353893085236127, 0.0073897788962724257, 
0.00761473403387252, 0.0043111505999254059, 0.010438488758329135, 
0.00853165959377538, 0.0042692864933121391, 0.042883750099894903, 
-0.16219059821160267, -0.026297080212552778, 0.017147680663125105, 
0.020995776170506558, 0.014366529091716087, 0.025022784847522215, 
-0.0047955494823290045, -0.0035270148593488375, -0.034924611195063675, 
0.024814327592645298, 0.012241461398294911, 0.0024714054488808044, 
-0.0057213089177631125, -0.0099256255364921844, 0.0096957261554077075, 
-0.030269132374496188, -0.0018906833998900737, 0.0053829662460665017, 
0.0069267349289882617, 0.0096635147649049759, 0.011160825317930561, 
-0.0046122034066746346, 0.0030853888836037259, 0.00012139683131972683, 
0.039006837619568309, -0.011555078840617272, -0.00028096885981449156, 
0.0043988236724636885, 0.0036902306831115852, 0.0048533791507922109, 
0.052221690491057002, 0.032446927918000114, 0.024814327592645301, 
-0.019392167781500717, 0.0017460730171656499, 0.0033274733479396845, 
-2.2636396653089388e-06, 0.0022399540382065726, 0.023527472059737414, 
0.020733292627229331, 0.069067098743083297, -0.019174840114573394, 
0.0020249904978968318, -0.0021313592100250692, -0.0093663458641930625, 
0.012549740013337966, -0.0061594292653926689, 0.013540944344142736, 
0.014982254827255077, 0.00077665408606028313, 0.0081042781323773967, 
0.0019370980641178182, -0.010721687224852158, -0.0034980735564198368, 
-0.075724628192707491, -0.020844605678700268, 0.012241461398294911, 
0.0017460730171656499, 0.023230182560441397, -0.00801134375703225, 
-0.01493640769506897, -0.018375236325821304, -0.019341692719390416, 
-0.016275370553075482, -0.043375058977043857, -0.016389299792947943, 
-0.00020421622635753939, 0.0037482846242635074, 0.012574720924618685, 
8.6327263158890541e-05, 0.0064967290569724057, 0.011418677893603638, 
-0.06733015297633245, 0.033093023468161724, 0.0028326286050582013, 
0.0045871185439776306, 0.0071559169856432823, 0.0049512970019233785, 
-0.012768725430919135, 0.013575856896966765, 0.0024714054488808039, 
0.0033274733479396849, -0.0080113437570322518, 0.014460748759303066, 
-0.009492721606522066, 0.010015230215268163, -0.015659151090134091, 
0.0011166756414033663, 0.018649022902627238, -0.0024705482755531922, 
0.001971617140873684, 7.9410548485444292e-05, 0.0072820799710437648, 
0.0051861307960103555, 0.012670596035847479, -0.0067691333897620118, 
-0.063184214625135668, 0.0092993023271678923, 0.0047056985333919221, 
0.0056241160015235844, 0.0011432898842233914, 0.0088421205543759412, 
0.040407924049435606, 0.011979389049300028, -0.0057213089177631116, 
-2.2636396653089388e-06, -0.014936407695068968, -0.009492721606522066, 
0.011413043493236259, -0.0073525674612150175, -0.012840294728393462, 
-0.013761264503184677, 0.018256765743653196, 0.0065968123206542216, 
0.0068694883388726495, 0.0045038323721186511, 0.0069968902502763287, 
0.0052037721949807622, 0.0050867296052222628, 0.0065552896310124521, 
-0.042591680444145831, 0.068556895739960655, 0.0014349297202708958, 
0.0026527143830302928, -0.0018149566449978884, 0.0026124333768737869, 
-0.0016716611539324753, 0.0091870071425452539, -0.0099256255364921844, 
0.0022399540382065726, -0.018375236325821304, 0.010015230215268163, 
-0.0073525674612150175, -0.0037758211449422938, -0.0028396259255052902, 
0.0095346205951916622, -0.0094476107297760386, 0.0046650611825691524, 
0.00090929162088765065, -0.0013609110973470209, 0.00070101054381651944, 
0.007114677281076412, 0.0050524531596678954, -0.00058969601635551797, 
-0.06720302446923003, -0.050036891141433351, -0.0095306001503102141, 
0.00097001978067901874, 0.0073635817303254834, -0.0040069924866973456, 
-0.071168444621162161, -0.026224392525828304, 0.0096957261554077093, 
0.023527472059737414, -0.019341692719390416, -0.015659151090134091, 
-0.012840294728393462, -0.0028396259255052902, 0.033424905151694849, 
-0.014512614589561806, -0.042759443306438182, 0.021148582843604772, 
-0.012007971913665941, 0.0030689543274763542, 0.021056112436380676, 
0.0064722529301552215, 0.018200977317954264, 0.012696513271565067, 
-0.0079909959098532612, -0.12321642462112038, -0.011810980368691288, 
-0.0019573689529663934, -0.0053449046999270193, 0.0035745862351564597, 
-0.0074087153134629853, -0.0038342088801808266, -0.030269132374496192, 
0.020733292627229328, -0.016275370553075482, 0.0011166756414033663, 
-0.013761264503184678, 0.0095346205951916622, -0.014512614589561804, 
0.022485269599271621, -0.038121690814888705, -0.0047841240224622932, 
0.012311253636546058, 0.014234196795885818, -0.0090907052590817328, 
-0.013549846990984294, -0.007792375190213011, 0.008866386898034543, 
0.096335896573960508, -0.02697079759972227, 0.012452239274526333, 
0.0086868351973248912, 0.0032444288622057956, -0.00042164530942131957, 
-0.044472733077066257, -0.042353893085236127, -0.0018906833998900737, 
0.069067098743083297, -0.043375058977043857, 0.018649022902627238, 
0.018256765743653196, -0.0094476107297760386, -0.042759443306438188, 
-0.038121690814888698, -0.049833969477671665, 0.022886725629786692, 
0.01423626662797327, 0.024658687713881158, 0.027907365980332003, 
0.0064058995639674522, 0.031077687086098857, 0.035814214296938388, 
-0.18209350405518243, 0.17768807264354525, 0.010097109851415554, 
0.010103513818067412, 0.0086671602551128147, 0.0026896619000970523, 
0.0053117745857487941, 0.0073897788962724266, 0.0053829662460665008, 
-0.019174840114573394, -0.016389299792947943, -0.0024705482755531926, 
0.0065968123206542216, 0.0046650611825691524, 0.021148582843604772, 
-0.004784124022462294, 0.022886725629786695, -0.034910851425004275, 
-0.0026501705308355481, 0.0084695805529634276, 0.0070480066736678341, 
0.0048959489537444669, 0.0081955920357679804, 0.016403625164556911, 
-0.051266491749706496, 0.038993345708337693, 0.016593620496003731, 
0.012642827287091762, 0.022955980244268318, 0.0047688790492168408, 
-0.0042658719079386783, 0.00761473403387252, 0.0069267349289882625, 
0.0020249904978968318, -0.00020421622635753941, 0.0019716171408736844, 
0.0068694883388726487, 0.00090929162088765054, -0.012007971913665941, 
0.01231125363654606, 0.01423626662797327, -0.0026501705308355481, 
0.0038878669819703013, 0.0019670783335651947, 0.0046447872372964499, 
0.00084726357153332708, -0.001715997536911856, 0.0019903693033466409, 
0.017481203676826016, 0.01397448456283963, -0.0064844446600458433, 
0.0043281941953637109, 0.0021498760662747971, 0.0042913000999873331, 
0.00030382940620880811, 0.0043111505999254059, 0.0096635147649049759, 
-0.0021313592100250692, 0.0037482846242635069, 7.9410548485444305e-05, 
0.004503832372118652, -0.0013609110973470207, 0.0030689543274763542, 
0.014234196795885818, 0.024658687713881161, 0.0084695805529634276, 
0.0019670783335651947, 0.0014552600242617253, 0.003741580933129885, 
0.0030599844571853503, 0.0015943139161769613, -0.0014758570020147333, 
-0.042229309279913356, 0.007626768478987779, -0.0076749238265922315, 
0.0034049710227403852, 0.0019127020040382516, 0.0036840755060431646, 
0.020167524903493956, 0.010438488758329133, 0.011160825317930563, 
-0.0093663458641930625, 0.012574720924618685, 0.0072820799710437657, 
