structure(c(0.046804706128670763, 0.0087339125198875669, -0.01602787238443289, 
0.055017044411903963, 0.0042545018876976046, 0.011713341696291376, 
0.04826801801080751, 0.037347599552268032, -0.039605678352687211, 
0.040536454719479545, -0.043922317537872985, 0.031542066352536473, 
0.0073728166192942018, 0.010547690041265738, 0.018706744269067554, 
0.0063898485038871213, 0.0090530241870233376, 0.0016865511581200896, 
0.1090752290613404, 0.046828297455281574, 0.015580449077529994, 
0.027311855902344726, 0.030234985753231119, 0.015710045102638848, 
0.0087339125198875669, -0.049961615118919271, -0.02576353101331463, 
0.00466977692720118, -0.010384697171388985, 0.0057606616166790406, 
-0.0033782229572290297, -0.0035793489294788645, -0.074372827407544986, 
0.0076060035081217097, -0.044611413024253872, 0.0025707523279764194, 
0.013968475555416228, 0.0062812748779973483, 0.0094574009969571986, 
0.00089367085932806763, -0.002853106175676432, -0.0029708841805560914, 
-0.098573670320705062, -0.015412898928660551, 0.0021296578390811857, 
0.0062886175790263016, -0.0049390017170358094, 0.0062848568398496145, 
-0.01602787238443289, -0.025763531013314633, 0.014543039230684215, 
-0.0087137830122481566, 0.015781241906492272, -0.00702723353146841, 
0.0021431734299551712, 0.0014118966084137618, -0.012933540569976611, 
-0.018722043737649186, -0.0010430606001661244, 0.016527571250317452, 
-0.0041814548423371638, -0.0040396228181192222, -0.0023835089818213472, 
0.0057312657480419801, -0.0014046860337208376, 0.0082577533097688786, 
0.0087827764504703199, 0.059109493487204734, 0.0082799769834589702, 
0.0019596799472647473, 0.0019611240573219235, 0.0054980717513241802, 
0.055017044411903963, 0.0046697769272011792, -0.0087137830122481566, 
-0.0063613137573907824, 0.005090535065951622, -0.019548634027951758, 
0.00041355596768939169, -0.0034306329932553385, 0.017620650512494285, 
0.029971464094133378, -0.018405037919522138, -0.017626821751716371, 
-0.0021898786923340253, 0.0020374814991836153, -0.0060777766369616302, 
0.011490678781528034, 0.0071083167863292551, -0.010062041362109433, 
-0.072442106132907427, -0.030560290948904376, 0.0032182542047110682, 
-0.005703237349448013, 0.011955441596046702, -0.0061450404256244784, 
0.0042545018876976046, -0.010384697171388985, 0.015781241906492275, 
0.005090535065951622, -0.00081502688719132274, -0.010059411354691185, 
-0.0051446476520190286, 0.0048630838119339001, -0.0046059589352051315, 
0.018270253795499448, 0.027474741405414862, 0.019088085517810591, 
0.0057008100507949444, 0.0098929473767346669, -0.0049325547261060117, 
0.011133614501810026, -0.0029200125916696751, 0.011293899884214158, 
0.11634835770519353, 0.045869539151009213, 0.003261415660121161, 
0.012309685535280387, 0.010803478184653392, 0.0020909272572228496, 
0.011713341696291377, 0.0057606616166790406, -0.0070272335314684109, 
-0.019548634027951754, -0.010059411354691183, -0.011230415138783655, 
-0.0067718452021852853, -0.0006194253228635543, -0.020928531619098956, 
0.010002627376375955, -0.0175893377468174, -0.0082850607915776146, 
-0.0036029673121721535, -0.0044052587379138433, -0.004748364591576253, 
0.0043242130484997931, -0.001817011125655286, -0.0016834134215584389, 
-0.10264464851945471, -0.0043900602916867376, -0.0049930379006152383, 
-0.0031976370849501625, -0.0021412642388385036, -0.0051843841104399135, 
0.04826801801080751, -0.0033782229572290293, 0.0021431734299551708, 
0.00041355596768939164, -0.0051446476520190278, -0.0067718452021852853, 
0.0022104596038377685, -0.0055885909447521021, 0.020934005721562978, 
0.015308082341438682, -0.0046353588420917687, 0.015694177340378253, 
-0.0026552740388962343, -0.0024627299263879992, -0.0074094677709300068, 
0.0028705416471390345, -0.0037485160815946645, 0.0026005331205243517, 
0.0031342781053921389, 0.03992689251319647, -0.00090188629421561245, 
-0.0049586417978367261, 0.00030309453694214332, -0.00077037674338500072, 
0.037347599552268032, -0.0035793489294788645, 0.0014118966084137618, 
-0.0034306329932553385, 0.0048630838119339001, -0.0006194253228635543, 
-0.0055885909447521021, 0.013458639280921791, 0.0074133364582026273, 
0.010666265556853502, 8.6011515992897173e-05, -0.0040478574317153885, 
0.0023020212435050677, 0.00056012752911093952, 0.0056917059891660382, 
0.0049032783917580267, 0.0044342506694528437, 0.0063717717938578207, 
0.011361216144567251, -0.058150427500257472, 0.0027910749569847798, 
-0.0021480166872649663, -0.0065959152635670752, 0.00082360440700178972, 
-0.039605678352687211, -0.074372827407544972, -0.012933540569976613, 
0.017620650512494288, -0.0046059589352051315, -0.020928531619098956, 
0.020934005721562975, 0.0074133364582026282, -0.065251685643161916, 
-0.026142911628867949, -0.04062814590125606, 0.0049956684690715698, 
0.0099778994097567339, 0.0073353106097669369, 0.0029834162055829417, 
0.015933931353968825, -0.0032874756744785405, -0.0175401925496253, 
-0.041800744058968928, -0.014578757026304659, 0.0093704783025039262, 
-0.00094852692148490194, -0.0050445545618603618, 0.0029439411523663216, 
0.040536454719479552, 0.0076060035081217088, -0.018722043737649186, 
0.029971464094133381, 0.018270253795499448, 0.010002627376375955, 
0.015308082341438684, 0.010666265556853502, -0.026142911628867956, 
-0.0027642763190357249, -0.0065935565488701, -0.0045177409328953045, 
-0.0097366204693265773, -0.003618462123979831, -0.0022620111500140008, 
0.0018575425430044773, 0.001688039882063121, 0.014961787738923728, 
-0.02830118556559983, -0.037500382374532092, 0.0045604508193233311, 
0.0043801579271252221, 0.013030933028987697, -0.010228271121239963, 
-0.043922317537872985, -0.044611413024253872, -0.0010430606001661244, 
-0.018405037919522138, 0.027474741405414862, -0.0175893377468174, 
-0.0046353588420917696, 8.6011515992897173e-05, -0.04062814590125606, 
-0.0065935565488701008, -0.018368112428463961, -0.017677009607702243, 
0.0016991470730975346, -0.0082083755536804092, 0.010340136186973612, 
-0.0029426407290236308, -0.017788535442400954, 0.010149742567762228, 
-0.12106642464006376, 0.11681777455733389, -0.017480456180130218, 
-0.0048653545143454427, 0.016259716077530018, -0.0028137008655050844, 
0.031542066352536466, 0.0025707523279764194, 0.016527571250317452, 
-0.017626821751716371, 0.019088085517810587, -0.0082850607915776146, 
0.015694177340378253, -0.0040478574317153885, 0.0049956684690715706, 
-0.0045177409328953054, -0.017677009607702243, 0.0026400813228781551, 
-0.0020185011376466595, -0.0059319566732474929, 0.0074258433251541325, 
-0.0035150280836931686, -0.0016200942461272101, -0.0034372743688961013, 
0.021055968976912261, 0.048850474661053217, -0.00032333956359016414, 
-0.011099011072669364, -0.01088637322421023, -0.011924186794610535, 
0.0073728166192942018, 0.013968475555416226, -0.0041814548423371647, 
-0.0021898786923340257, 0.0057008100507949444, -0.0036029673121721535, 
-0.0026552740388962343, 0.0023020212435050677, 0.0099778994097567339, 
-0.0097366204693265773, 0.0016991470730975346, -0.0020185011376466595, 
-0.0018088022689896595, -7.5349425597018334e-05, 0.00063274431800528256, 
-0.0022497273341204782, -0.0010969756451922295, -0.0039785897555439497, 
-0.0011712874055340465, -0.012407621574252268, -0.0033293941670518197, 
-0.00081723386039202997, -0.0048069201549051817, -0.0030026544494307309, 
0.010547690041265738, 0.0062812748779973483, -0.0040396228181192222, 
0.0020374814991836153, 0.0098929473767346669, -0.0044052587379138433, 
-0.0024627299263879992, 0.00056012752911093941, 0.0073353106097669369, 
-0.003618462123979831, -0.0082083755536804092, -0.0059319566732474929, 
-7.5349425597018334e-05, 0.00048162157800520425, 0.00080777031737346266, 
-0.0030636296896419733, -0.0029010902403896525, -0.0032014713793652103, 
0.018975683865481395, -0.011355985516795895, 0.00090493650387605813, 
-0.002105438769023962, -0.0042334489416682077, 0.00013465215130984066, 
0.018706744269067554, 0.0094574009969571968, -0.0023835089818213476, 
