structure(c(0.082360387893341769, -0.043235577663222564, 0.00085568794497457997, 
-0.00096108581258049744, 0.015874111616325931, 0.023408419434420954, 
-0.033099806700883298, 0.0076306933964407171, -0.02057723033192815, 
-0.045432471998321941, -0.045534177166082414, 0.011967386048394679, 
0.0081948627398346265, -0.016981115061119142, -0.031078878048657062, 
0.0046518385588468969, -0.023042560232292508, -0.031588008766679894, 
-0.15612904604878286, 0.0019709798346996387, -0.0012993505155173477, 
-0.0046364568927661012, -0.002626924284398219, -0.025117920988541396, 
-0.043235577663222564, -0.067593195262648093, 0.0033317002804631388, 
-0.0062957100422332442, -0.018166567573726526, -0.0057924051652734603, 
-0.012641513438678333, -0.0062172293595215023, -0.067157081136647451, 
-0.029967625238787939, -0.027190837824136279, -0.0047793552081350334, 
0.0043568317566873892, -0.00075197339525991883, -0.021027202282491726, 
9.7569729170101202e-06, -0.014525103075793019, -0.02691678641289626, 
0.072504083300715561, 0.026907096535704285, -0.014817051825514575, 
-0.0039362795578546323, 0.00015474700030151633, -0.016386762971233749, 
0.00085568794497457986, 0.0033317002804631383, 0.042931533747788506, 
-0.018792746630534991, 0.013169476745351454, -0.0086934339658797152, 
0.008798948906879895, 0.012712019695757934, 0.0066411986184395227, 
0.0015334254489633968, 0.0015716754296306147, -0.0048062192506562332, 
-0.0045990504715597074, -0.0090821249401609305, -0.0040096663667221312, 
0.0054634717595494339, -0.00024891034886745915, 0.0048712962904129513, 
-0.027757569663346159, -0.02607296079726882, 0.0029552856595361017, 
0.0036989332127940898, -0.00020885767490889807, -0.0062971852654299535, 
-0.00096108581258049744, -0.0062957100422332442, -0.018792746630534991, 
0.019286028017142846, 0.0081427127886527957, -0.016138630504497865, 
-0.0035002281254531268, -0.0070906214914738521, -0.016162665148346567, 
0.02120737334920059, -0.044527034205406636, 0.0089190295698485939, 
0.00033730684925376106, 0.0045234783842029516, 0.0037002343225397832, 
-0.0082754308537779965, 0.0030287079747678743, -0.015157212024731507, 
0.047957878223980566, -0.019605102197244571, -0.014692590887176499, 
-0.0033012129526064581, -0.0026052896125422953, -0.0016756115733871082, 
0.015874111616325931, -0.018166567573726526, 0.013169476745351454, 
0.0081427127886527957, -0.025070849388898395, -0.016130121957335455, 
0.027534981229493501, 0.011417988831951173, -0.019575225645701012, 
-0.011794841686069722, -0.031690329712823741, 0.020135233612203183, 
0.00092737900904830419, -0.0025868806003066839, -0.017198876584378995, 
-0.0032926554387177546, -0.014442358293767561, 0.0019826753607673354, 
0.00089628480409981442, -0.094852667575307997, 0.0055687074433756287, 
-0.0073609301919588185, -0.0083059849046959924, -0.0049742372920070985, 
0.023408419434420957, -0.0057924051652734603, -0.0086934339658797152, 
-0.016138630504497865, -0.016130121957335451, -0.024208880978749674, 
-0.00082417377862877364, -0.012306337439999433, -0.0098449024498384642, 
0.00014563489447280708, 0.020751801981779391, -0.0076220853179824501, 
-0.0016527644697465365, -0.001707563499961886, -0.0016367651590602761, 
-0.0007143878974493462, -0.0013828296151626493, -0.00205212390302883, 
0.045401949409523024, -0.011702911054719718, -0.007281711292772431, 
-0.0075812460124064663, -0.004565932689283965, -0.017205339738831867, 
-0.033099806700883298, -0.012641513438678332, 0.0087989489068798932, 
-0.0035002281254531268, 0.027534981229493501, -0.00082417377862877353, 
0.0044737600562139183, 0.0070786224418921788, 0.031385616517990898, 
0.00087920664861688112, -0.020003974266823574, 0.0032843388640449557, 
-0.0069607572986459679, -0.0057443802430080298, -0.00094673345419597483, 
-0.0049264152389246352, -0.010150541189256734, -0.00062285766437737125, 
0.031546646702271183, -0.047840205699255886, -0.012945912116872795, 
-0.0071205994739109183, -0.0074308370123359335, -0.0018266721392885342, 
0.007630693396440718, -0.0062172293595215032, 0.012712019695757934, 
-0.0070906214914738521, 0.011417988831951175, -0.012306337439999433, 
0.0070786224418921788, 0.019154259600631204, 0.037767984626402414, 
-0.0054424220997131333, 0.029655696331773243, -0.014496982042718952, 
0.0029030066696000586, 0.0031381628679206276, 0.0010038011841174384, 
-0.0062374518906759251, -0.00025138873119570865, 0.0070559298347376868, 
0.056148820436901913, 0.028233062936679217, 0.0073415584915608005, 
0.00026215778388367493, -0.00079762352161312738, 0.0013145659167500565, 
-0.02057723033192815, -0.067157081136647451, 0.0066411986184395227, 
-0.016162665148346567, -0.019575225645701012, -0.0098449024498384659, 
0.031385616517990905, 0.037767984626402414, -0.11382793139320087, 
-0.020987195264821068, -0.033546263326054017, -0.0029085742204519724, 
0.00098275848578711239, -0.0097045641984242949, -0.016068849220388867, 
-0.023199418130777263, -0.023141400743550821, 0.0079937787381877557, 
-0.20620776285547177, 0.08928816912733116, 0.0083955927156525532, 
-0.0058054419742894683, 0.0049563197705594607, -0.01859728789080355, 
-0.045432471998321941, -0.029967625238787939, 0.0015334254489633968, 
0.02120737334920059, -0.01179484168606972, 0.00014563489447280708, 
0.00087920664861688101, -0.0054424220997131324, -0.020987195264821068, 
-0.0076823879421522336, -0.033190972261862045, 0.022919804901845673, 
-0.013240780470245302, -0.016944919466598318, 0.018957878413089671, 
-0.0033869258862574735, 0.00026743206556734025, -0.0079756031698744474, 
-0.012333326662854761, 0.065474529940761944, -0.010145993212969393, 
-0.0034862360860445679, 0.0098274820222535933, -0.0065649539896283282, 
-0.045534177166082421, -0.027190837824136276, 0.001571675429630615, 
-0.044527034205406636, -0.031690329712823741, 0.020751801981779391, 
-0.020003974266823574, 0.02965569633177324, -0.033546263326054017, 
-0.033190972261862045, -0.11253622609858614, -0.020575472808175645, 
-0.01509497440051292, -0.021126878306685488, -0.032537435682932679, 
-0.0052859477828676909, -0.022027893690161848, -0.043507728846325373, 
0.04762226569400467, -0.15533504880266474, 0.0073897880580501415, 
-0.0050168703984487502, -0.0030534334541503223, -0.014362150052744155, 
0.011967386048394679, -0.0047793552081350334, -0.0048062192506562332, 
0.0089190295698485939, 0.020135233612203179, -0.0076220853179824492, 
0.0032843388640449557, -0.014496982042718952, -0.0029085742204519724, 
0.022919804901845673, -0.020575472808175642, 0.0431570191079352, 
0.001809465595684821, 0.0017080382118160094, 0.0015780779245325427, 
0.0032285388975118313, -0.0046858090873315612, -0.013790705763875569, 
-0.062872328389060761, -0.054029530458737721, -0.0022861679532198581, 
-0.012502219978738863, -0.015700255975775575, -0.0020442857296171161, 
0.0081948627398346265, 0.0043568317566873901, -0.0045990504715597066, 
0.00033730684925376112, 0.00092737900904830419, -0.0016527644697465365, 
-0.0069607572986459679, 0.0029030066696000586, 0.00098275848578711239, 
-0.013240780470245302, -0.015094974400512922, 0.0018094655956848208, 
-0.0061100585195471143, -0.0026543019129987131, -0.0061113019207717579, 
-0.0016802249705994594, 3.0873557559279183e-05, 0.0020000485558694515, 
-0.0096330709584125842, -0.003020708469936891, 0.011459229409631884, 
-0.0068814765319402315, -0.0037212553349880257, -0.0009382718058652972, 
-0.016981115061119139, -0.00075197339525991894, -0.0090821249401609305, 
0.0045234783842029516, -0.0025868806003066839, -0.0017075634999618862, 
-0.0057443802430080298, 0.0031381628679206276, -0.0097045641984242949, 
-0.016944919466598322, -0.021126878306685488, 0.0017080382118160092, 
-0.0026543019129987131, -0.00011735806500649025, -0.0040583314509592466, 
-0.0055750219123291275, -0.0020540102172214424, 0.0032284951483521969, 
0.040228023409948639, 0.00018464179274624049, 0.012925806860141156, 
-0.0047401279162241983, -0.0047491114445885017, -0.0038505648250445343, 
-0.031078878048657062, -0.021027202282491726, -0.0040096663667221312, 
