structure(c(0.0091130620349405087, 0.036177501111226709, 0.079512954867517915, 
-0.052580856433900848, 0.0069900531980753551, -0.0042251202222958265, 
0.0040076658041358001, -0.016783132816481017, 0.0088999237928144952, 
-0.01162811085357072, 0.011839351405016808, -0.045265473004303135, 
0.0023601206058274462, -0.0026044440830003067, -0.010449780184756825, 
0.0019960100688936055, -0.00088453027990306765, -0.01143336347182645, 
0.0035755945791137271, -0.026501187401178884, -0.031622443981524632, 
-0.020489996896727238, -0.028038747797307202, -0.015861596141063108, 
0.036177501111226709, 0.051492683331751804, 0.019300608811358904, 
0.015811288466551061, 0.0087858782425326246, -0.022128270916939939, 
0.0025717098027173415, 0.014660212642858186, 0.047505190633415961, 
-0.002304350040422122, 0.052205057701913769, -0.020651324863760111, 
0.0030679215803943415, 0.0053934548651827152, -0.011993313844236157, 
0.0087204642602189356, -0.0092189367294502403, 0.0069705936685617066, 
0.068992328661391183, -0.048390630828694492, -0.0067075512690329166, 
-0.011655506835790063, -0.005768473702118704, -0.016885300440720827, 
0.079512954867517929, 0.019300608811358904, -0.0060610527977324018, 
0.005272616681993302, 0.0021664508100181822, 0.010808553824266187, 
0.0068639877154838286, -0.004640726701920994, 0.0054031841080539938, 
0.015183957748103294, -0.0030126945242675107, -0.00251152942559977, 
0.0085535590169781451, -0.002532000769849994, -0.0016013182396399706, 
5.1784600342455094e-05, -0.0050103912970659277, -0.0091971238404156379, 
0.016073375671387224, -0.059766509754507001, -0.0035571337237905285, 
-0.002948922550705951, -0.014942601397392478, -0.0065236402599297008, 
-0.052580856433900855, 0.015811288466551061, 0.005272616681993302, 
-0.010400722600561851, -0.014921326709928974, 0.015803479674687298, 
-0.0028003196780047807, -0.00049394209874022751, 0.00024515080277566297, 
-0.0014950454811408392, -0.00031280436810075097, 0.0024383389728544645, 
-0.0041242813651323085, 0.0034585410211731764, 0.010244294800551059, 
-0.0053747405437051029, 0.0045794290647878004, 0.0046250554453308723, 
0.049372568241377437, 0.027690187316647755, 0.011294323576363821, 
0.0044883184112103347, 0.013169445690549625, 0.0081148791331042414, 
0.0069900531980753551, 0.0087858782425326246, 0.0021664508100181822, 
-0.014921326709928974, -0.021087499156643975, 0.0097866253457425736, 
-0.0095884900624308746, -0.0095252941766139215, -0.01230971408694035, 
-0.022857322100734392, -0.021286274478459485, -0.0089403825229918844, 
-0.0082985502150245156, -0.0051400944876842719, 0.0061988283699038445, 
0.0027728799651991079, 0.0033000973512454482, -0.0056773816630960828, 
0.021302571777396445, -0.070056362841125652, -0.00489610760322403, 
-0.003910915520087487, 0.0058418208215613235, -0.0038668282029230066, 
-0.0042251202222958273, -0.022128270916939939, 0.010808553824266187, 
0.015803479674687298, 0.0097866253457425736, 0.0057366976644475124, 
-0.00036107816501734796, 0.0049351741109075397, 0.024199974007387135, 
0.0089327002172306467, 0.014301581643360265, -0.0074360057604951468, 
-0.0020049879427528048, -0.00062260184625746208, 0.0045078699001872271, 
-0.0073930629349209633, 0.00039499043130310256, -0.00087764664259170093, 
-0.021244839985285997, -0.012144427115369689, 0.0045715555210156843, 
-0.00069518365209443882, 0.0080734589309116693, 0.001866125838547996, 
0.0040076658041358001, 0.002571709802717342, 0.0068639877154838286, 
-0.0028003196780047807, -0.0095884900624308746, -0.00036107816501734796, 
-0.0023054760930700724, -0.0053334215786990059, -0.013982336108739071, 
-0.002657659117850558, -0.012805302941299956, -0.0051549431667029123, 
0.003840182842327729, 0.0031202764417595356, 0.0085735249757959691, 
0.00066789196051842651, 0.011937360964038093, -0.0036696597942031547, 
0.035374029931750033, -0.020122997926762434, 0.01203827665263241, 
0.0073729651702161246, 0.0084916194306091913, 0.0079505522414978387, 
-0.016783132816481017, 0.014660212642858184, -0.004640726701920994, 
-0.00049394209874022762, -0.0095252941766139215, 0.0049351741109075397, 
-0.0053334215786990059, 0.006873854665850619, -0.01534066368387065, 
-0.0035226782142538564, -0.0014678398131516863, 0.0010232077796149661, 
-0.005385734494222175, -0.0081418468418726075, -0.012035598166467529, 
-0.0047923673446980623, -0.01320134928097774, -0.0071459719173743797, 
0.064529356430779186, 0.022736227697858172, -0.0076821803310744285, 
-0.0046016794286187638, -0.0039496362582127961, -0.004738939885452465, 
0.0088999237928144934, 0.047505190633415961, 0.0054031841080539929, 
0.00024515080277566297, -0.01230971408694035, 0.024199974007387139, 
-0.01398233610873907, -0.015340663683870652, 0.04800906184285323, 
-0.0006751057937342662, -0.023788816427621477, -0.029107540608613942, 
-0.008590826148323568, -0.0015586313768491589, 0.0057275518337992918, 
0.0019086705450179489, -0.0034647170880864786, -0.0066631171942872986, 
-0.01636966066079892, -0.043407704518692213, -0.018572143497783786, 
-0.0047878281973146941, -0.0026341936548686436, 0.0055414732267126598, 
-0.01162811085357072, -0.002304350040422122, 0.015183957748103294, 
-0.0014950454811408392, -0.022857322100734396, 0.0089327002172306484, 
-0.002657659117850558, -0.0035226782142538569, -0.0006751057937342662, 
-0.0045443574229850668, 0.0041089259614333828, -0.011815608053473677, 
-0.0039448741998509953, -0.0025825844754426793, -0.0021153280456641522, 
-0.0017704678339369509, 0.011382603303872967, -0.010376107855360051, 
-0.00037528902739670627, 0.0023548797080746539, 0.0035363810383133936, 
-0.0078451958398620177, 0.0066303344727136433, 0.0067790990837201465, 
0.011839351405016808, 0.052205057701913762, -0.0030126945242675103, 
-0.00031280436810075102, -0.021286274478459485, 0.014301581643360267, 
-0.012805302941299956, -0.0014678398131516863, -0.023788816427621477, 
0.0041089259614333828, -0.058307274161103907, 0.0054370765062866895, 
0.0025536796157858924, 0.014434995711052272, -0.008029335328845838, 
0.00013844229530287201, 0.011871306464415615, -0.025342153820929528, 
0.092666768201632069, -0.0092395906328082821, -0.0032886118846614824, 
0.0057037650238515002, 0.0054168666906257825, -0.0007199913738390435, 
-0.045265473004303142, -0.020651324863760114, -0.00251152942559977, 
0.0024383389728544645, -0.0089403825229918826, -0.0074360057604951468, 
-0.0051549431667029131, 0.0010232077796149661, -0.029107540608613942, 
-0.011815608053473677, 0.0054370765062866904, 0.0089088974996323726, 
0.0073658837447955735, 0.0058128283818714415, -0.0083238845370166639, 
0.0046539263135649553, 0.0042417845132718852, 0.0075345938074108916, 
0.017943308312280994, -0.027621276296760627, 0.0013580161957644609, 
-0.00070451379028257943, 0.0050480066062297416, 0.00091513546424340931, 
0.0023601206058274458, 0.0030679215803943415, 0.0085535590169781451, 
-0.0041242813651323085, -0.0082985502150245156, -0.0020049879427528044, 
0.003840182842327729, -0.0053857344942221759, -0.0085908261483235663, 
-0.0039448741998509953, 0.002553679615785892, 0.0073658837447955735, 
0.0038615970436161199, 0.0023866992964001257, -0.0035266101482958291, 
-0.0025865445688227494, 0.0023666462324890189, 0.0019883668275091919, 
-0.011639305250827545, 0.011106129438466937, 0.0050040983101940634, 
0.0029533930278196193, 0.0054337968627363887, 0.0050044170354145876, 
-0.0026044440830003067, 0.0053934548651827152, -0.002532000769849994, 
0.0034585410211731764, -0.0051400944876842727, -0.00062260184625746208, 
0.0031202764417595356, -0.0081418468418726075, -0.0015586313768491586, 
-0.0025825844754426789, 0.014434995711052272, 0.0058128283818714406, 
0.0023866992964001262, 0.00067281512729437556, -0.0019224075167778314, 
0.00073454995086474505, -0.00088925927453489329, -0.0015875628222076898, 
-0.027006060054457708, 0.0081809766011241482, 0.0011538380347600075, 
0.0027518727035573008, 0.0058651235054422548, 0.0016628400630602572, 
-0.010449780184756825, -0.011993313844236155, -0.0016013182396399709, 
