structure(c(-0.014435647074312911, 0.012323249450493734, 0.017894245511641003, 
-0.024931195041303405, -0.01764401932439353, -0.011727377531926845, 
0.012989202415843107, -0.012319132033784709, -0.028719498386499231, 
-0.019214670276104878, -0.017526790196632776, -0.02053662025216884, 
-0.0012006847301941691, -0.0014413815502072706, 9.3448955647951835e-05, 
0.0029938831327476121, -0.0017484667667951631, -0.013776325743169048, 
0.030118927170389994, 0.02143940332566199, -0.0051635197164263923, 
-0.0013652210465579342, -0.011878599561122286, -0.0071910855877897369, 
0.012323249450493734, 0.024328478310188532, 0.0057627783363772373, 
0.0054567873823019881, -0.00094456230205650733, -0.0079096093338030474, 
0.0076472439588595618, -0.00064483695395737466, 0.0088247966524418794, 
-0.014992320841332318, -0.0021076421046525985, -0.0069015168549604452, 
-0.00088793370649441542, 0.00092010490067288148, 0.00087921277596760342, 
0.009164710551016168, -0.0025215352092985781, -0.003525865775637264, 
0.023902602263108013, 0.015254693652062085, -0.0027945774319598988, 
0.0095601637259099016, -0.00096094116205835294, 0.0025835826876273314, 
0.017894245511641003, 0.0057627783363772373, -0.00075353571299611533, 
-0.0016046532744198809, -0.0076681739651583468, 0.0041197079963691098, 
0.0018067401924622489, 0.00042248071563587666, -0.0057775370180797427, 
0.0007698694119291637, -0.0054776841908642342, -0.0044127369025616274, 
0.0011968143725164971, -0.0022349872633321329, 0.0010749287706262943, 
-0.0014071335328860268, -0.0018602245620735044, -0.0021458272054645107, 
0.010148276034054162, -0.012184020427898649, -0.002186021392506083, 
-0.0027241469587696489, -0.0055289358790682232, -0.00063854831005621851, 
-0.024931195041303405, 0.0054567873823019872, -0.0016046532744198809, 
0.0019718380931627831, -0.0022345354374318379, 0.0051933523187713678, 
0.0010013191663162076, -0.002312387927213974, -0.0077710987632740114, 
0.0024377596695867657, -0.0072830258407755224, -0.00089060555247381208, 
-0.0022505829384991127, -0.00073305440205449171, 0.0013911855401061728, 
-0.00098231257136214114, 0.0038603644003678589, -0.0011879000467472046, 
0.025080359246708071, 0.010321629373120041, 0.0042409878003904344, 
0.0033672552684642157, 0.0051544925357932302, 0.0007315727438652346, 
-0.017644019324393533, -0.00094456230205650733, -0.0076681739651583468, 
-0.0022345354374318379, -0.004470644276952678, 0.0022556515622127234, 
0.001181491920951469, -0.0042075000569064521, -0.012814624959606358, 
-0.0058642205769798804, -0.01046689443976221, -0.0074057655282661955, 
-0.0045640574669197614, -0.0032456743230087305, 0.0034178453581201482, 
0.0013649040275447056, 0.0023465293535875824, -0.0025225652933448502, 
0.027588922866648435, -0.025396547835052918, -0.0004785618153369572, 
-0.002186217319194527, 0.0051274215522281157, 0.002706535642212432, 
-0.011727377531926847, -0.0079096093338030457, 0.0041197079963691098, 
0.0051933523187713678, 0.002255651562212723, 0.0028926373853800113, 
0.0017648235254527065, 0.0010224043098322466, 0.0026582176239578459, 
0.001098539002049512, 0.0014666813334612545, -0.0010332995760700854, 
0.0015802924720839952, 0.003266602638402831, 0.0020768551680441136, 
-0.00029966768161924758, 0.003211149152107086, 0.0024410650697163387, 
0.016033761515858058, -0.0066609150773659477, 0.0085477232100288503, 
0.0029342648828786641, 0.0086693107385936007, 6.5540043369278071e-05, 
0.012989202415843108, 0.0076472439588595618, 0.0018067401924622487, 
0.0010013191663162076, 0.001181491920951469, 0.0017648235254527065, 
-0.0014673678077726038, 9.6864864253975368e-06, -0.0028114474211216995, 
-0.0009353607149075251, -0.0016283697176136286, 1.6682234337707903e-05, 
0.00066539323205591541, 0.00049559721624915451, -0.00085863809062264448, 
0.0016962487493452727, 3.4393843796977488e-05, -0.0024803191290451564, 
0.023363553371944415, -0.014330987096848057, -0.0033397484998164109, 
-0.00059719002450378891, 0.0020437705548504584, 0.0026220484519642847, 
-0.012319132033784709, -0.00064483695395737466, 0.00042248071563587666, 
-0.0023123879272139744, -0.0042075000569064512, 0.0010224043098322466, 
9.6864864253975368e-06, 0.0060969049656054847, -0.01287558318949583, 
1.6268495595239002e-05, 4.2077711925801884e-05, 0.0028263863878015528, 
-0.0017656552252966701, -0.0018106847077827483, -0.0017634137512240668, 
0.00012714398276099891, -0.0021753888294754756, 0.0010891291435045675, 
0.026291741191075406, 0.0057134252904082307, 0.00042626198242814799, 
0.00078514637766016401, 0.0049135670630041295, 0.0021752869738320356, 
-0.028719498386499231, 0.0088247966524418794, -0.0057775370180797427, 
-0.0077710987632740123, -0.012814624959606358, 0.0026582176239578464, 
-0.002811447421121699, -0.012875583189495832, 0.0047318581894791253, 
-0.015610845842036704, -0.0099330882945283753, -0.011505408107284282, 
0.0028259861713610182, 0.0042329555908398962, 0.0049683864452508388, 
0.0032246257634116655, -0.0055095461496729951, 0.0027708343393001195, 
-0.060040336593428022, -0.038153397239018276, -0.0048065028370715083, 
0.0078654368286997893, 0.003245500598990707, 0.0078906994487209087, 
-0.019214670276104878, -0.014992320841332316, 0.0007698694119291637, 
0.0024377596695867657, -0.0058642205769798813, 0.001098539002049512, 
-0.00093536071490752499, 1.6268495595239005e-05, -0.015610845842036704, 
-0.0060312604560346702, -0.015811773478286901, 0.00029039634903909076, 
0.0013606839437632797, 0.002230550178375027, -0.0020351843049161863, 
0.0060410792162851517, 0.00079022417918356378, 0.00041024518777876286, 
0.037534128660272136, -0.0104049389682235, -0.00029365808930338177, 
0.0017339105811247256, 0.0057822331890036395, 0.0054992435119336283, 
-0.017526790196632776, -0.0021076421046525985, -0.0054776841908642342, 
-0.0072830258407755224, -0.010466894439762212, 0.0014666813334612548, 
-0.0016283697176136286, 4.2077711925801884e-05, -0.0099330882945283736, 
-0.015811773478286897, -0.038318855039400669, -0.0068590733013348523, 
0.0023954576351830118, 0.0042980510550487128, 0.0017756079298223305, 
0.0060904831555760059, 0.0012565066863795054, 0.00063433000883413937, 
0.023580112473154721, 0.023087884003130728, 0.0023922066758512305, 
0.0070004717630732741, 0.0040876547516722969, 0.0023321470681041262, 
-0.02053662025216884, -0.0069015168549604452, -0.0044127369025616274, 
-0.00089060555247381218, -0.0074057655282661955, -0.0010332995760700854, 
1.6682234337707907e-05, 0.0028263863878015528, -0.01150540810728428, 
0.00029039634903909076, -0.0068590733013348523, 0.0091937947103070058, 
-0.001880582257268947, 0.0023715411643870751, -0.0018269957132788016, 
0.0007486728431342493, 0.0044953125577458898, 0.0055454425778489079, 
0.023385854491756484, -0.017128638999283276, 0.0012714481533151164, 
0.0016348398950157849, 0.0035348571605248241, 0.0022254232652617859, 
-0.0012006847301941693, -0.00088793370649441542, 0.0011968143725164971, 
-0.0022505829384991127, -0.0045640574669197614, 0.0015802924720839952, 
0.00066539323205591541, -0.0017656552252966701, 0.0028259861713610182, 
0.0013606839437632797, 0.0023954576351830114, -0.001880582257268947, 
0.00083842322063925245, 0.0007575535987031218, -0.0020952422448992942, 
-0.00062240935124611161, 0.0010651904858472025, 0.00014398511470563668, 
-0.0052963647157644664, 0.0080623853659329593, -0.00019374867852589529, 
0.0010680701482939704, 0.0013059090925850009, 0.0033606149283430141, 
-0.0014413815502072704, 0.00092010490067288158, -0.0022349872633321329, 
-0.00073305440205449171, -0.00324567432300873, 0.003266602638402831, 
0.00049559721624915462, -0.0018106847077827485, 0.0042329555908398962, 
0.002230550178375027, 0.0042980510550487128, 0.0023715411643870751, 
0.00075755359870312202, 0.00042155414576882028, -0.0017453006735461728, 
0.0011407119690296163, 0.0001635170981142989, -0.00059411534925394476, 
-0.0068118183435194419, 0.005958216796366894, -0.0011869497767459578, 
0.0010223342776799435, 0.00078386519282880752, 0.0020330395606998914, 
