structure(c(-0.20752776234551817, -0.10151124836621754, -0.026284404720272856, 
0.15080895705271494, -0.14039978326895677, -0.013103573340211694, 
0.021794542398850709, 0.0099618626198127985, -0.15829121638881638, 
-0.039037435484486085, -0.11323400855708042, 0.031827871498335422, 
-0.015431964113023548, 0.0022322682378713532, 0.055894489063323574, 
-0.0062157321519342133, 0.046071129324694392, 0.10089305682344096, 
-0.081439974965863235, 0.2311808697442983, 0.056670977314148357, 
0.046824264671045696, 0.077206909177596372, 0.028937843664499044, 
-0.10151124836621753, 0.084651413866591765, -0.013390300498191844, 
0.010221970541184568, -0.016779584076033076, 0.055716234700196113, 
0.031819447550081488, 0.065619891904233119, 0.028538809597875713, 
-0.0054633353617552956, -0.14367654114723349, -0.021815335084750878, 
0.038066356167979869, 0.031439028420849245, 0.021703835871387019, 
0.04856614737341039, 0.034186227233585699, 0.058565325997139497, 
-0.030935177222580237, -0.11308529729550404, 0.075047355850688294, 
0.0045297734523442792, 0.030630577838935549, 0.041805042935619166, 
-0.026284404720272856, -0.013390300498191844, -0.060952460642364412, 
0.0093292751184836029, -0.020051887477372736, -0.0078549178469044679, 
0.0045486875339465199, -0.018135895949146968, 0.015976744672776117, 
-0.095907555043485457, -0.053954288029270984, -0.015263931543083137, 
0.0093723805444877427, 0.016508029245140894, 0.0086083131667197589, 
-0.024244269635103184, -0.0074165726422484469, -0.01248605751590866, 
-0.15256655997870766, 0.016359911910533435, -0.034064202568000621, 
-0.017319999627058411, -0.0085723966750261716, 0.02434412914415662, 
0.15080895705271491, 0.01022197054118457, 0.0093292751184836011, 
-0.020325761425471552, 0.018254490360199185, 0.022104002124431307, 
-0.00096205592757081558, 0.001572131739927369, 0.066079825045106663, 
0.042500437646930608, 0.11083585075809606, -0.057238011944638435, 
0.0079498184078211076, -0.0052367527848430464, -0.0034922885326512144, 
0.037611430086767511, -0.01422952435732564, 0.017258409967978373, 
0.14360554527138336, 0.0051189466871482264, 0.026103699673011578, 
-0.000289020903233722, -0.023827641878107732, -0.021108708873549757, 
-0.14039978326895675, -0.016779584076033072, -0.020051887477372736, 
0.018254490360199185, 0.0093388870680877235, 0.0057263038779754687, 
0.014896545566644609, -0.054460153672647046, -0.14398132719635839, 
0.013721907687801248, -0.13685992643981243, -0.0083357423174655783, 
0.0081129685374915772, 0.021897641116868542, 0.028191994424582367, 
-0.015627090067427601, 0.0057162791899100004, 0.0036399444275005792, 
-0.29560635560741733, 0.17238839526072344, 0.034258973234853371, 
-0.0012194000162538952, 0.0070350351442316182, -0.0049586771952571324, 
-0.013103573340211694, 0.05571623470019612, -0.0078549178469044679, 
0.02210400212443131, 0.0057263038779754687, 0.035944429918467254, 
0.0014607819775557254, 0.025460596571183682, 0.012531404174495681, 
-0.015046490019482517, 0.12304094544986276, -0.013147063443481346, 
0.002789709401418755, 0.0037154977532263627, 0.001855166736876976, 
-0.0031387960891211654, 0.011733295574361258, -0.0053963272889941752, 
-0.093363372223397342, -0.096622558210713833, 0.020711093767475246, 
0.022445235696317192, 0.009914532558041823, 0.0093697265335144289, 
0.021794542398850709, 0.031819447550081488, 0.0045486875339465199, 
-0.00096205592757081548, 0.014896545566644607, 0.0014607819775557251, 
0.047820039849318471, -0.016723495339321555, -0.029873551435314453, 
-0.032943680087228068, 0.067122079953019165, -0.01402266476310376, 
0.016980318636607955, 0.021309708721455402, 0.0081561542390641804, 
0.0057704865836752436, -0.0086611219929553212, 7.275460515164894e-05, 
-0.073165207409350161, 0.0521385130616129, -0.017717533393631898, 
-0.0075296563550043445, -0.011034115851000777, -0.0063665836591577539, 
0.0099618626198127985, 0.065619891904233132, -0.018135895949146968, 
0.0015721317399273688, -0.054460153672647039, 0.025460596571183682, 
-0.016723495339321555, 0.015958737814423387, -0.010008652442191441, 
0.072659019730095933, -0.022662659686882438, 0.019593185193395108, 
-9.0703022723358001e-05, -0.0043270979799368125, 0.010661809345608578, 
0.011675242607713292, -0.0011790934640680886, -0.0044582811104700998, 
-0.13336242673676887, -0.070279656923787959, -0.010923898535192437, 
0.0082752408854264749, 0.012410512913516374, -0.013285816299040501, 
-0.15829121638881638, 0.028538809597875713, 0.015976744672776121, 
0.066079825045106663, -0.14398132719635839, 0.012531404174495681, 
-0.029873551435314453, -0.010008652442191441, -0.034868751495018384, 
-0.072485312402026533, -0.065538967105692625, 0.0064740405065763116, 
-0.010819308934090647, 0.022491477763684778, 0.043940122645869988, 
0.0032231481389766881, 0.027608616395634784, 0.039376648919367215, 
-0.042016892672097794, -0.11056352780315043, 0.024822010934069837, 
-0.034346822824595807, -0.044803963568216879, 0.010712738751351938, 
-0.039037435484486085, -0.0054633353617552964, -0.095907555043485443, 
0.042500437646930608, 0.01372190768780125, -0.015046490019482519, 
-0.032943680087228068, 0.072659019730095933, -0.072485312402026533, 
0.035831519920713192, -0.097788388346530974, 0.0348193366796457, 
0.017199149057258268, 0.029607228558928181, -0.024181948361542933, 
-0.02035845943934143, 0.010230683287342968, 0.012984484051580101, 
0.033691996161854955, 0.037159799873206806, 0.017164015631361017, 
0.011117524347644979, 0.018552034610942236, -0.020598715860427122, 
-0.11323400855708042, -0.14367654114723349, -0.053954288029270978, 
0.11083585075809606, -0.13685992643981243, 0.12304094544986276, 
0.067122079953019165, -0.022662659686882441, -0.065538967105692639, 
-0.097788388346530974, -0.30826644601754333, 0.034212556470154691, 
0.045673973657136928, 0.074869917478282824, 0.062386766364045568, 
0.015824880183545654, 0.076611012849818264, 0.098394656927633051, 
-0.45592673638994796, 0.23372400755705477, 0.015425504730800709, 
0.041035782011053276, 0.0053233342036424101, 0.037993766771914725, 
0.031827871498335422, -0.021815335084750878, -0.015263931543083135, 
-0.057238011944638428, -0.0083357423174655783, -0.013147063443481344, 
-0.01402266476310376, 0.019593185193395108, 0.0064740405065763125, 
0.0348193366796457, 0.034212556470154691, -0.062260676151131816, 
-0.00015946183080260527, 0.02073147930052241, 0.0023636164744670865, 
-0.02782811601540746, 0.012651904768049933, -0.0060180598845354025, 
-0.12104578343887687, 0.13845718567976129, 0.036880640546712987, 
0.020865596486148264, 0.043517509983088551, 0.0068452736504902526, 
-0.015431964113023548, 0.038066356167979869, 0.0093723805444877427, 
0.0079498184078211076, 0.0081129685374915772, 0.002789709401418755, 
0.016980318636607959, -9.0703022723358001e-05, -0.010819308934090645, 
0.017199149057258268, 0.045673973657136928, -0.00015946183080260527, 
0.011862073477694966, 0.0076546752805199351, 0.0072431193934691662, 
-0.0039881944892866906, 0.0030580278211437112, -0.0014317849659378275, 
0.078238150599125381, 0.064842132068992114, -0.020769901257478636, 
0.001616472845154486, -0.0016893169105350637, 0.016044942505097311, 
0.0022322682378713532, 0.031439028420849245, 0.016508029245140894, 
-0.0052367527848430464, 0.021897641116868542, 0.0037154977532263627, 
0.021309708721455402, -0.0043270979799368125, 0.022491477763684778, 
0.029607228558928181, 0.074869917478282824, 0.02073147930052241, 
0.0076546752805199351, 0.00565824373805852, 0.0082942846257336444, 
0.0047007998311591626, 0.015822861219846593, -0.0065041432222636749, 
-0.045498711090798442, 0.075985653874662093, -0.0093786718631580224, 
0.012844200812274406, 0.0010197018476885309, 0.0098844012054357423, 
0.055894489063323574, 0.021703835871387023, 0.0086083131667197589, 
-0.0034922885326512144, 0.028191994424582371, 0.0018551667368769758, 
0.0081561542390641804, 0.010661809345608576, 0.043940122645869994, 
-0.024181948361542929, 0.062386766364045561, 0.0023636164744670865, 
