structure(c(-0.75069421067780051, -0.54729424242226021, -0.034212658151959376, 
0.24565210612071472, -0.22330852563816606, 0.17364653607440195, 
-0.03235178727265129, 0.067629340184562778, -0.6067229671058012, 
-0.37043967088537094, -0.8290193530617892, -0.011259611064933044, 
0.01925380634195548, 0.0088592299790009842, 0.013010103787101754, 
-0.029786445472971108, 0.017700843793655646, -0.043023920327889029, 
-0.47744449846634351, -0.075570041619551165, -0.017058527969366341, 
0.048461931900987056, 0.0074792188262467118, 0.016607879632782468, 
-0.54729424242226021, -0.32989019713380413, -0.044696239996184099, 
0.17082040798954062, -0.18291179996363816, 0.13373209063363237, 
-0.0042800395261766008, 0.00629973919990073, -0.46727365249127106, 
-0.30278766083017256, -0.50790075786826572, -0.0064227872828510084, 
0.0081448261367052313, 0.025016744888441321, -0.020032631489345892, 
0.029376189830882884, -0.024664505063421379, 0.019679561371781461, 
-0.35313365080806763, 0.061242726845886851, -0.0026707266383105459, 
-0.0098672239386967415, 0.0035081729464389133, -0.0095987046608315071, 
-0.034212658151959376, -0.044696239996184106, 0.038555530535316782, 
0.016095918235543322, 0.019496745101614799, 0.0068617692787140971, 
0.02843729943962469, -0.024979407746592661, -0.020683924681794277, 
-0.0073112172636710495, -0.05741422391266935, 0.014024786805203162, 
0.0077101844615704252, -0.011079398006999065, -0.008199472148656458, 
-0.017599540878275057, 0.013556332045960458, -0.0042255028728499225, 
-0.010573189697737788, 0.065100649661157473, -0.0078215547754573993, 
-0.0031727858330935781, -0.0059455981588179161, -0.011008637755180441, 
0.24565210612071472, 0.17082040798954062, 0.016095918235543322, 
-0.063168743265412997, 0.090318815434958927, -0.038677158996697082, 
-0.034116796006479849, 0.0037064321379579809, 0.13823098402161729, 
0.073763047483516461, 0.25719081478280925, -0.0068255699772273373, 
-0.014933441104418056, 9.8764971805916194e-05, 0.0026573921857551011, 
0.010188147741209248, 0.015946164558560953, 0.0019538508911173084, 
-0.041993686383243599, 0.00065831288722648573, 0.0080917968290430513, 
-0.0011854527792436904, -0.019622289288991918, 0.0026945875782059163, 
-0.22330852563816606, -0.18291179996363818, 0.019496745101614799, 
0.090318815434958927, 0.039678641266962564, 0.029388791025920988, 
0.0066344183085106046, -0.018355730058349212, -0.24573907339374335, 
-0.052106003767860128, -0.25188749078123907, -0.013661481719106248, 
0.0029762258630311143, 0.0074625142860502581, 0.019585063135332721, 
-0.0031774342961992099, 0.026293295791988892, 0.0097013329673861677, 
0.0085284515484353018, -0.078026005096114071, 0.024721916884115631, 
-0.0040045832454284423, 0.033784001281690415, 0.035990952781845657, 
0.17364653607440192, 0.13373209063363237, 0.006861769278714098, 
-0.038677158996697082, 0.029388791025920988, 0.021429613928985076, 
-0.011826185555412998, 0.0094722954569210743, 0.13852809927494997, 
0.023411723593795043, 0.2172427225573525, 0.025064627767662641, 
0.0037591504913630186, 0.0016661188297496621, -0.011113855211833373, 
-0.0071926639065316381, 0.0026174005654227956, 0.0051062600510127102, 
0.028021589645523457, -0.0063777309771547433, 0.01469372905410957, 
0.006451614909748331, 0.003809094933195656, -0.0068768688977160529, 
-0.03235178727265129, -0.0042800395261765999, 0.02843729943962469, 
-0.034116796006479842, 0.0066344183085106038, -0.011826185555412998, 
0.025282766839097137, -0.0034045102186369318, 0.015099906114025593, 
-0.00056686259349594435, -0.0014124771066814953, -0.0095440027813297069, 
0.00068199166252698592, -0.0035654430504110306, 0.015137426108613754, 
-0.01092159323590544, 0.0094261836036394937, -0.0029097369518539221, 
0.013900134346240437, -0.027794566872151212, 0.005996710553974386, 
-0.0080363768198015283, 0.0093270264898643387, 0.0030340634722845774, 
0.067629340184562778, 0.0062997391999007309, -0.024979407746592661, 
0.0037064321379579809, -0.018355730058349212, 0.0094722954569210743, 
-0.0034045102186369314, 0.0072464532563459323, 0.040213477545192729, 
0.055048050318393472, 0.022789617544671886, 0.0045525743671240423, 
-0.00099330660977476953, 0.0042323525539287189, 0.0060807365692871285, 
0.011292815047769699, 0.022311292084599761, -0.0016994775275121499, 
-0.019707352606243518, 0.01947583217707426, 0.016744607479184898, 
0.018378300082201354, 0.016370464846360802, 0.0091097741612766181, 
-0.6067229671058012, -0.46727365249127101, -0.02068392468179428, 
0.13823098402161732, -0.24573907339374335, 0.13852809927494997, 
0.015099906114025594, 0.040213477545192729, -0.7767882557605722, 
-0.34212467721129675, -0.80123846308240221, 0.017717905921614527, 
0.014016786644161908, 0.033023797849176584, 0.016049020190220767, 
0.025231142410200337, 0.024641581032539529, -0.013360237221364269, 
-0.15472286119213016, -0.0052334584558304765, 0.014892784361712321, 
-0.01830571127831428, -0.00067143108257022659, 0.024182914754919974, 
-0.37043967088537094, -0.30278766083017261, -0.0073112172636710495, 
0.073763047483516475, -0.052106003767860128, 0.02341172359379504, 
-0.00056686259349594435, 0.055048050318393479, -0.34212467721129675, 
-0.046587993305455509, -0.39055049844682888, 0.025090338702491184, 
0.02280299500532864, 0.011288873432315804, -0.018082816969362082, 
-0.011978977088408126, 0.0068082656586452781, 0.019230850261273778, 
0.2057342012844573, 0.052110729802747058, -0.0047672967690998722, 
0.02851189339136281, 0.010147612090914403, 0.035451844153151155, 
-0.82901935306178909, -0.50790075786826572, -0.057414223912669343, 
0.2571908147828092, -0.25188749078123907, 0.21724272255735247, 
-0.0014124771066814955, 0.022789617544671886, -0.80123846308240232, 
-0.39055049844682888, -0.82232252462510169, 0.012143788081408362, 
0.0060247682223361571, 0.0060125202028004573, 0.0047335911331493081, 
-0.015909288173841806, 0.029779772390323738, -0.022774429931360377, 
-0.27384658998599704, -0.07416021079272897, -0.017022049282738771, 
0.027386051323409693, 0.05497341489107356, -0.0028636710225835582, 
-0.011259611064933044, -0.0064227872828510075, 0.014024786805203162, 
-0.0068255699772273373, -0.013661481719106248, 0.025064627767662641, 
-0.0095440027813297069, 0.0045525743671240432, 0.017717905921614523, 
0.025090338702491184, 0.012143788081408364, 0.047095009643092281, 
0.011414057250735467, 0.019674577926811734, 0.0035970264163870075, 
0.012717456610200885, 0.0081235341550759364, 0.018008743859500773, 
0.081658188303889212, 0.20266396696880076, 0.014121725349980341, 
0.038179259859116271, 0.012913079200266499, 0.017123965064678174, 
0.01925380634195548, 0.008144826136705233, 0.0077101844615704244, 
-0.014933441104418056, 0.0029762258630311139, 0.0037591504913630186, 
0.00068199166252698592, -0.00099330660977476953, 0.014016786644161908, 
0.02280299500532864, 0.0060247682223361571, 0.011414057250735465, 
0.02987000542372217, 0.028119810511241322, 0.0062177835192818616, 
0.0091381189176927835, 0.0042410092248882508, 0.010447905578917858, 
0.0052045690491515561, 0.0029033867826661866, 0.010958876990496426, 
0.011077646211418702, 0.0092494112212226833, 0.012123849792788853, 
0.0088592299790009842, 0.025016744888441318, -0.011079398006999064, 
9.8764971805916194e-05, 0.0074625142860502572, 0.0016661188297496621, 
-0.0035654430504110306, 0.004232352553928718, 0.033023797849176584, 
0.011288873432315804, 0.0060125202028004573, 0.019674577926811734, 
0.028119810511241322, 0.028579142524269397, 0.010860070675915667, 
0.01325294678838356, -0.0007843077341708472, 0.013677334080149163, 
-0.022948496721362583, 0.012477300965983948, 0.013802732181593877, 
0.0067822673281752923, 0.0078524720333140278, 0.011449609882585629, 
0.013010103787101756, -0.020032631489345892, -0.008199472148656458, 
0.0026573921857551011, 0.019585063135332721, -0.011113855211833373, 
0.015137426108613752, 0.0060807365692871294, 0.016049020190220767, 
-0.018082816969362082, 0.004733591133149309, 0.0035970264163870079, 
