structure(c(-0.12346979176182618, -0.06005254260314883, -0.011300840943118914, 
0.013629601710143388, 0.0054871457263320879, -0.017285952352234464, 
0.020003347039921824, -0.01784890375916344, -0.053924476298530179, 
-0.014933121605545843, -0.030556725436894205, -0.03887006895901033, 
-0.013231160959917339, 0.00056792444611597731, 0.0079376356580790914, 
0.020652976198974569, -0.022152538082809824, 0.038115938872385603, 
0.11388168189585902, -0.12690634753008861, -0.008230305358593806, 
-0.0048267528061395077, 0.0001775181985882612, -0.0043151354963320773, 
-0.06005254260314883, 0.034606858852324972, 0.029529420154691947, 
-0.019374129797410971, 0.019136025097562074, -0.034059129366581023, 
-0.0012852837447134154, -0.0081498595654830863, 0.020319475075404433, 
-0.020204404881204591, 0.031510220344350963, -0.010392620509997211, 
0.001987965513739275, -0.0011156687269523555, 0.019340362863813583, 
0.0098615902121503302, 0.01517983588926528, 0.026554446444569325, 
0.24522480619268719, -0.069965286720129791, 0.0038553494791222932, 
0.0070592640499240562, 0.0057248680914519469, 0.020603822883049648, 
-0.011300840943118914, 0.029529420154691947, 0.0197121860252546, 
-0.019959011776929308, -0.0033762949109401512, -0.0043991909920972593, 
-0.004924842385954707, 0.0047355438002979564, -0.014878112652030226, 
-0.0031212580908788761, 0.012929806336247811, -0.0028676362238309059, 
-0.00080597337054940234, 0.0026997912956397445, 0.011666539589888853, 
-0.0011933836238144707, -0.010934950006804231, 0.002770733369606598, 
0.029130568766002722, -0.020334732860638482, 0.0090258831544429274, 
-0.0016210995500402492, 0.0062671683460176209, -0.0080177047939122333, 
0.013629601710143388, -0.019374129797410971, -0.019959011776929311, 
0.020866200484778975, -0.030983059936183274, 0.019320762058364121, 
0.0059114745084049196, 0.0015794397078015194, 0.0088109866560614168, 
0.013208526345085287, 0.0059880931959878612, 0.0097214388069948466, 
0.015744988050713848, 0.010956540627988369, 0.0083606757950233836, 
0.00070489663019175349, -0.0060784222081943584, -0.00013947063284621181, 
0.0090423715344830381, -0.00016288328413253559, -0.0095731819659230204, 
-0.00044611153515549789, 0.0086828637042999316, 0.011431325104488634, 
0.0054871457263320871, 0.019136025097562074, -0.0033762949109401512, 
-0.030983059936183277, 0.0018508722076584253, -0.017373946743538017, 
0.0057758459337614362, 0.0026451570396542512, 0.033272693178795033, 
-0.016161492326501221, 0.013622618778156429, 0.0019461317275239172, 
0.0072877321831816624, 0.0056093383854637358, -0.0053727599248915856, 
0.011002455442889176, 0.0074875495409774404, -0.018192923626199075, 
0.0070229127308411854, -0.0066486018864234248, -0.014281219465397994, 
-0.0022917739046431854, 0.0052315593079490918, -0.0037434786901679677, 
-0.017285952352234464, -0.034059129366581023, -0.0043991909920972601, 
0.019320762058364121, -0.017373946743538017, -0.0021624715680011071, 
-0.0034300266091153277, -0.0011992771248251332, 0.0091619508776696681, 
-0.019908679624605664, -0.01631845499287727, -0.027561914575702652, 
0.0044037460935367938, 0.00095099629973136913, 0.00097357040634542215, 
-6.2267837692189424e-05, 0.0084468557783697606, -0.0011124969496670183, 
-0.029861621841312021, 0.017497180873084914, 0.0017545045260188694, 
-0.00064175926873024161, -0.00063350227567481846, 0.017922913242875343, 
0.020003347039921827, -0.0012852837447134156, -0.0049248423859547062, 
0.0059114745084049205, 0.005775845933761437, -0.0034300266091153277, 
0.0068089140976342515, -0.0038072407526468051, -0.031843283001983302, 
-0.02331112419607315, 0.0019833176967510701, -0.0091950996332192149, 
0.0058471979145339548, 0.0053874524150717357, -0.0042252011868235363, 
0.0026996778039554007, 0.0088953115809760099, 5.6090021663347392e-05, 
0.067087724641369889, 0.054447067588191525, 0.016331068894612197, 
0.005138289404423263, 0.0069114303100098655, 0.00040851197982883397, 
-0.01784890375916344, -0.0081498595654830863, 0.0047355438002979564, 
0.0015794397078015194, 0.0026451570396542508, -0.0011992771248251334, 
-0.0038072407526468055, 0.014214331666824901, 0.0072568434418790384, 
-0.0023526701962939601, -0.017830524351279992, 0.0018665991902894472, 
0.0050796756439624845, 0.0040925945594843605, -0.010214709334313801, 
0.0039517932264453879, -0.0041736141580887565, 0.0024596923817486404, 
-0.059683859256934549, -0.049077128020873759, 0.0016212967013366848, 
-0.0051384973056744672, -0.0023813898162123154, 0.0067164209531889668, 
-0.053924476298530179, 0.020319475075404429, -0.014878112652030226, 
0.0088109866560614168, 0.033272693178795033, 0.0091619508776696681, 
-0.031843283001983302, 0.0072568434418790384, 0.053387657241515181, 
-0.061656411789211309, 0.00037158459848198061, -0.029038672653025864, 
0.0053423054637352259, 0.002563240776545312, -0.013699271510841779, 
0.0078866213305709091, 0.013199624168451917, 0.0051281329993292163, 
-0.017990596514170884, 0.06781079039524586, 0.0028219059540076034, 
0.03797185579986135, 0.026538548514535805, 0.01263771262459356, 
-0.014933121605545843, -0.020204404881204591, -0.0031212580908788761, 
0.013208526345085285, -0.016161492326501221, -0.019908679624605661, 
-0.02331112419607315, -0.0023526701962939601, -0.061656411789211309, 
0.010184243974037128, -0.063398198280575288, -0.0042643942924362509, 
-0.0041902193429406718, 0.0022809930205438074, -0.0066370298812087588, 
0.025439010958367453, 0.0090496121397516376, -0.0072626157631030261, 
-0.14405777637950265, 0.063554413114627159, 0.0040634516682387925, 
0.022988329389833785, 0.020798382453783161, -0.0090705840745260811, 
-0.030556725436894205, 0.031510220344350963, 0.012929806336247811, 
0.0059880931959878612, 0.013622618778156431, -0.01631845499287727, 
0.0019833176967510701, -0.017830524351279992, 0.00037158459848198061, 
-0.063398198280575302, -0.056871143267679281, -0.00080604909548935295, 
0.012424502194646638, 0.0091790959492814659, -0.014835339760073058, 
0.025387534334049694, -0.013982585412446999, -0.023280769109429156, 
0.031428267171843972, 0.20787535624742717, -0.010135098899168379, 
-0.010662806548787485, -0.016358624456350342, 0.0076246966399256422, 
-0.038870068959010323, -0.010392620509997213, -0.0028676362238309059, 
0.0097214388069948466, 0.0019461317275239174, -0.027561914575702652, 
-0.0091950996332192166, 0.0018665991902894472, -0.029038672653025868, 
-0.0042643942924362509, -0.00080604909548935306, -0.004839879640030062, 
0.0063308891878227462, 0.0037469689701631476, 8.2734139417681106e-05, 
0.012284263004226722, 0.018216661264247466, -0.0031414396245722427, 
-0.034483872008307659, 0.0082230303798661673, 0.023027058490605965, 
0.0052809023245374582, 0.015161144779060243, 0.0044989053757054902, 
-0.013231160959917337, 0.001987965513739275, -0.00080597337054940234, 
0.015744988050713848, 0.0072877321831816624, 0.0044037460935367938, 
0.0058471979145339548, 0.0050796756439624845, 0.0053423054637352259, 
-0.0041902193429406718, 0.012424502194646636, 0.0063308891878227462, 
0.0032719054256929538, 0.003858842270675508, 0.00089405608894089085, 
-0.0040516399619712762, 0.001649410820888755, 0.00652152943210744, 
0.013102376064940737, -0.0014694306208996111, 0.0023279968818514388, 
0.00050333502408939589, 0.0022850004939737479, -0.00012852543308888278, 
0.00056792444611597742, -0.0011156687269523555, 0.0026997912956397445, 
0.010956540627988369, 0.0056093383854637358, 0.00095099629973136913, 
0.0053874524150717357, 0.0040925945594843605, 0.002563240776545312, 
0.0022809930205438074, 0.0091790959492814659, 0.0037469689701631476, 
0.003858842270675508, 0.0035343071683270936, -0.0039555407711386308, 
-0.0066503501988530358, 0.0038975201085153632, 0.0026721355266345857, 
-0.0012679480451407725, -0.012413747307686877, 0.0032513502977431739, 
0.0030996146828979948, -0.00084869346807374955, -0.0038205715444768981, 
0.0079376356580790914, 0.019340362863813583, 0.011666539589888855, 
0.0083606757950233836, -0.0053727599248915856, 0.00097357040634542215, 
