structure(c(0.38824194469618967, 0.24723451378011913, 0.051169701450476585, 
-0.16449194798944783, 0.065363987597621964, 0.009909664859815398, 
0.01367245170508186, 0.033921882151418052, 0.2341434087840307, 
0.035442849947393357, 0.21472998962478834, 0.016393308460585961, 
-0.060144908980284871, -0.041103032747545364, -0.018385418223191261, 
0.022251280987834736, -0.02357651522902697, 0.03152026537204939, 
-0.39944359336644858, -0.3322995512280858, -0.019699386898487884, 
0.0053503538479656131, -0.045039957538073896, -0.019046782754823369, 
0.24723451378011915, 0.13106001942244663, 0.0047152220340717288, 
-0.072727009219069993, 0.036309514960686254, 0.0031408698763880608, 
0.033530042081943358, -0.035634521295935563, 0.088313886221386112, 
-0.0013253744771132992, 0.20360535899252369, -0.025422484497955731, 
0.013389702247738354, 0.018584302217803446, -0.0027056943938554424, 
0.016793070197628625, 0.00092932774912350279, -0.030000787208721329, 
-0.28408675861665594, -0.16425607054374283, -0.0033497359702813661, 
0.017636864971964983, -0.034404378746555289, 0.0010327356073240278, 
0.051169701450476585, 0.0047152220340717279, -0.032232409530470241, 
0.011969181038123776, -0.032323888900231863, 0.019139949504406905, 
-0.03246869727305924, -0.00015209923672850314, -0.021757732124793296, 
0.013619098608122347, 0.040964031967482016, -0.0086878982045017726, 
-0.0059716301219958938, -0.014800564073450989, -0.011538596879244729, 
-0.0078417290552715707, 0.00099135852561751275, -0.010542624768256351, 
-0.14447510062928501, -0.018518477778249717, 1.5464198283666788e-05, 
-0.020467916374649672, -0.020391149661572378, 0.017685931475707316, 
-0.16449194798944783, -0.072727009219070007, 0.011969181038123776, 
0.00066542614213017817, -0.0059942555721297893, -0.019241169480772469, 
0.0046431213153848294, -0.015108150422848729, -0.022668134356164139, 
-0.068660568188864193, -0.058952838459168655, -0.018537858029889404, 
0.0066781444553808021, 0.0040690930646646471, 0.010834617362192777, 
-0.023654466111191975, -0.0065094679212838952, -0.010328456852989339, 
0.074555861986269151, -0.10320764014363876, -0.0056016321041803359, 
0.010911937385928295, -0.00738929433124106, 0.0072165522657591952, 
0.065363987597621978, 0.036309514960686254, -0.032323888900231863, 
-0.0059942555721297893, -0.058258824925259196, 0.014063091892234541, 
0.028989450610592941, -0.0063750214336174994, 0.033789520871486504, 
-0.021616741861403548, 0.087721058758828352, 0.02531850611227341, 
-0.015617739493203506, -0.00012814416951848766, -0.0258776788759188, 
0.014142084652212636, -0.033186464883597042, -0.003263124073090512, 
-0.052713788252977997, 0.12413403965995955, 0.017205807257685852, 
-0.034550346636322782, -0.0060697005712644948, 0.025032709622236776, 
0.0099096648598153998, 0.0031408698763880608, 0.019139949504406905, 
-0.019241169480772469, 0.014063091892234541, -0.020451234974238917, 
-0.0069076139092434513, -0.010471327245957576, -0.020548669114251777, 
-0.024836847809806366, -0.052102711833487698, 0.0079009420503768392, 
0.00049054842550711364, -0.0043432843009688785, 0.0010308475976500875, 
-0.010437969742480116, -0.0072840722071240887, -0.018927137121620554, 
-0.05053576243697052, -0.059877934014503323, -0.0088314805214716567, 
0.010127363224068675, 0.031006691399498017, 0.022732627094116501, 
0.013672451705081861, 0.033530042081943365, -0.03246869727305924, 
0.0046431213153848294, 0.028989450610592937, -0.0069076139092434522, 
0.02984389352942295, 0.018967081062253973, -0.061602137212825821, 
-0.034910440310984954, 0.033038093389008885, -0.035709294594217407, 
-0.011308036172779354, -0.01243151017703795, 0.013268396351280774, 
-0.0045019673999751311, -0.0098948085416556419, -0.023416352238639644, 
-0.12701855852062185, 0.042151000649893709, 0.0065643005282753283, 
-0.002438645331158164, -0.0090357462022328892, -0.011787034269376037, 
0.033921882151418052, -0.035634521295935563, -0.00015209923672850314, 
-0.015108150422848727, -0.0063750214336174994, -0.010471327245957576, 
0.01896708106225397, -0.023749173619791654, -0.027995399657520653, 
-0.0028267977451552065, -0.034068916372210586, 0.0098259217754705606, 
-0.0097842032632170957, -0.013114859623967414, 0.0062474850279205883, 
0.0028582759088554826, -0.013192391670335065, 0.001887453343982403, 
-0.038588520473143886, -0.13177551971526819, -0.014185212770140595, 
-0.0082750147127349863, -0.0026470465457971177, -0.00039457960793319, 
0.2341434087840307, 0.088313886221386112, -0.021757732124793296, 
-0.022668134356164139, 0.033789520871486504, -0.02054866911425178, 
-0.061602137212825821, -0.027995399657520653, 0.038949669658568685, 
0.1013841461656471, 0.21840138223095523, -0.01803541922560925, 
0.050811625411022861, 0.045116820932634867, -0.0016310318159850688, 
-0.0094275338090853665, 0.050917082227836058, -0.022105747062907549, 
0.12512136557621412, -0.14126923406655306, 0.012292371409563125, 
0.013445988226107281, -0.050877261134670476, -0.045955533031851049, 
0.035442849947393364, -0.001325374477113299, 0.013619098608122347, 
-0.068660568188864193, -0.021616741861403544, -0.024836847809806366, 
-0.034910440310984954, -0.002826797745155206, 0.1013841461656471, 
0.021926231057695336, 0.035805088703369348, -0.00080368384183346863, 
0.010663133045037632, 0.0094096319942545345, 0.034740195604655084, 
-0.041058686231388739, -0.0308892751068237, -0.015894661336854413, 
-0.16154214025818889, 0.066332899669998668, -0.020167994378004858, 
0.0012443663151424378, -0.039687023400311487, -0.0031023177712284659, 
0.21472998962478834, 0.20360535899252369, 0.040964031967482016, 
-0.058952838459168655, 0.087721058758828352, -0.052102711833487692, 
0.033038093389008892, -0.034068916372210586, 0.21840138223095523, 
0.035805088703369341, 0.29259809189746855, -0.078684930758319796, 
-0.049054513719526772, -0.031957398040445444, -0.022073406659144805, 
-0.010157284217788162, -0.034824166574405499, -0.015736150278003253, 
-0.19562268372913694, -0.11468883598648495, -0.010641559810488701, 
-0.025075540225035883, -0.067564611674115774, -0.041825863355562841, 
0.016393308460585961, -0.025422484497955731, -0.0086878982045017726, 
-0.018537858029889404, 0.02531850611227341, 0.0079009420503768392, 
-0.035709294594217407, 0.0098259217754705606, -0.01803541922560925, 
-0.00080368384183346863, -0.078684930758319796, -0.081143271982612244, 
-0.0018471611363897779, -0.017708050858322, 0.0096456100702066276, 
0.0145930650722966, -0.026746679210861945, -0.028983279294986113, 
-0.14370895840125644, -0.082319334437802871, -0.0052117275636109472, 
-0.0082664645608985354, -0.038373809666113139, -0.026990294125341666, 
-0.060144908980284864, 0.013389702247738354, -0.0059716301219958938, 
0.0066781444553808021, -0.015617739493203506, 0.00049054842550711364, 
-0.011308036172779354, -0.009784203263217094, 0.050811625411022854, 
0.010663133045037632, -0.049054513719526772, -0.0018471611363897781, 
-0.028099766645466411, -0.026242153069559297, 0.00066102119843618927, 
-0.0061868990205681037, -0.0043894897796137372, -0.018883618349435256, 
-0.086608442474434347, -0.030942333134662575, -0.0018197578426281868, 
-0.015222430221732256, -0.00028430056172084136, -0.0069923948761979248, 
-0.041103032747545357, 0.018584302217803446, -0.014800564073450989, 
0.0040690930646646471, -0.00012814416951848766, -0.0043432843009688785, 
-0.012431510177037952, -0.013114859623967412, 0.045116820932634867, 
0.0094096319942545345, -0.031957398040445437, -0.017708050858322, 
-0.0262421530695593, -0.024177388139884303, -0.0017142665182038311, 
-0.0059867679712473192, 0.0041979823199315095, -0.020733658086467356, 
-0.045547396739242178, -0.0045207145274870795, 0.0072309517312576701, 
-0.011181954379193079, -0.0019900412732754428, -0.0063787260452946139, 
-0.018385418223191261, -0.0027056943938554424, -0.011538596879244729, 
0.010834617362192777, -0.0258776788759188, 0.0010308475976500877, 
0.013268396351280774, 0.0062474850279205883, -0.0016310318159850686, 
