structure(c(0.57719925636756053, 0.46124801459845, -0.078687708470302334, 
-0.28008906973914849, 0.16512740607932183, -0.1662178343648367, 
-0.051109988166548374, -0.080102196482375682, 0.45264391027308942, 
0.13822698671410191, 0.44067543713945684, -0.0021384907836173935, 
0.025272576228936552, -0.023743656021245056, -0.042385382787659832, 
-0.048134196479523841, -0.077346927813008212, 0.024456048024431916, 
-0.35199601287008292, 0.24572996042076328, -0.095834543960970978, 
-0.10710409811639059, -0.15995224602648198, 0.015069985431411531, 
0.46124801459844994, 0.29974822095597708, -0.015175629908176799, 
-0.095219086602688671, 0.10797419490339277, -0.13432190045935224, 
0.026332298360771098, 0.025095327717330321, 0.28791309371788987, 
0.22451671367726342, 0.31472366814675173, -0.047887200648373388, 
0.017667606367388327, 0.0044600837541705369, -0.047153919939142065, 
0.0042427281792094046, -0.050872025856319857, -0.014208103598584647, 
0.25969936510916242, -0.24312037532911598, -0.0071827425971818046, 
0.0034618411162742322, -0.0087632587134177879, 0.045461122713195384, 
-0.07868770847030232, -0.015175629908176799, -0.081464151186861733, 
0.027596325802825696, -0.014056616242327621, 0.014141015253196632, 
-0.00015688926729979469, 0.018540565807740411, 0.078306630428453636, 
0.036145186076760073, -0.052834179462380684, -0.023566156626311414, 
-0.0049205932941933693, 0.023157296230394218, 0.0048084599317051672, 
0.035309145710116417, 0.031656299396142201, -0.036070070807405027, 
0.1773770637562837, -0.13764042912007143, -0.013164506142276071, 
-0.013175215733295127, 0.0043968346224597518, 0.046470898992140387, 
-0.28008906973914849, -0.095219086602688671, 0.027596325802825696, 
0.013716097728126235, -0.096801360451705482, 0.028807124575811836, 
0.036111886595087322, 0.04035228854207961, -0.29005179756973043, 
-0.022973366899293735, -0.1705466450893923, 0.017224873885572874, 
0.018611644233991687, -0.010982234597664791, -0.019743217433464817, 
-0.016112685397808992, 0.014190943068593646, 0.015272579574619062, 
-0.048755348972833699, -0.12781785949556007, 0.013739491457899662, 
0.018284773968516518, -0.020152198207383457, -0.055313201145047494, 
0.16512740607932183, 0.10797419490339277, -0.014056616242327621, 
-0.096801360451705482, 0.043849435084820365, -0.035164459014950758, 
0.0035981037410555256, 0.017926772091379221, 0.21547942842005002, 
0.076130007571957981, 0.11897138490974457, -0.020887524318334634, 
-0.00081453713905602564, -0.025091839354144774, -0.01481065704038256, 
0.0064353067213205519, -0.017866083711831189, -0.017409908755413421, 
-0.056421762469605091, -0.062093852105449786, -0.07066413756416863, 
-0.032310901342107082, -0.026936899656877868, -0.046714892811157635, 
-0.16621783436483667, -0.13432190045935227, 0.014141015253196632, 
0.028807124575811832, -0.035164459014950765, -0.035589245019908865, 
0.018186097057899447, -0.021891882242500119, -0.028824977662826969, 
-0.035999582341141083, -0.1697381971064259, 0.0017845606536314427, 
-0.0060764709975906, 0.0015531876693066747, 0.013342763716249378, 
0.010168456928896846, 0.0027681723045531858, -0.0034376370526251064, 
0.10796700033950427, 0.12502544573292876, 0.019045257896013888, 
0.021605177515315387, 0.0040134854328054458, 0.0012043581153415857, 
-0.051109988166548374, 0.026332298360771098, -0.00015688926729979472, 
0.036111886595087329, 0.0035981037410555256, 0.018186097057899447, 
-0.0018611918890964699, 0.025649485650245048, 0.015315848830740419, 
0.10781192725206115, 0.019663559402045033, 0.055278779401756906, 
-0.017159009579869898, -0.01210176050998245, 0.0018947155903898233, 
0.02416783994200726, 0.029714051433355856, 0.0060187028444801437, 
0.05576157739908888, 0.061823733022643608, -0.010717969426194721, 
0.02222100190239211, -0.011370153140047457, -0.020092049584444355, 
-0.080102196482375682, 0.025095327717330321, 0.018540565807740411, 
0.04035228854207961, 0.017926772091379224, -0.021891882242500119, 
0.025649485650245052, -0.007626665960789804, 0.061884961550312388, 
-0.075276045620231824, -0.017373248769053426, -0.0018056848098219971, 
0.0063687308486265783, -0.0022668453436149195, -0.023457288080919281, 
-0.011068445285404285, 0.016432497448012187, -0.031577064804619165, 
-0.097344049704795307, 0.10488729754243295, -0.028362229646080258, 
0.0016135631437785261, -0.023540249051716377, -0.0034911315228932718, 
0.45264391027308937, 0.28791309371788987, 0.078306630428453636, 
-0.29005179756973043, 0.21547942842005005, -0.028824977662826965, 
0.015315848830740419, 0.061884961550312381, 0.40224691864486017, 
0.31600860590088015, 0.59751935584335514, 0.059794533447292922, 
0.031901114900388883, 0.019934092829042144, 0.0072045210551408174, 
-0.028145064932262133, -0.032523240592480789, 0.058278211020419017, 
-0.41465507207551, 0.19544336272553031, -0.00045525653945059321, 
0.0028959321475919893, 0.041400186591894497, 0.0060216783288253193, 
0.13822698671410191, 0.22451671367726342, 0.036145186076760073, 
-0.022973366899293735, 0.076130007571957994, -0.035999582341141083, 
0.10781192725206115, -0.075276045620231824, 0.31600860590088015, 
-0.020816616930449852, 0.32035256324619904, 0.011383444746534237, 
-0.0012422816532365545, 0.034380014836528382, 0.074623394265109638, 
-0.0019334565894659516, 0.014278597356204528, -0.025372944042406972, 
-0.12004304187726875, -0.10356538253232161, 0.054175069042454158, 
-0.028268390757332149, -0.02921726926516556, -0.047005567325913114, 
0.44067543713945684, 0.31472366814675168, -0.052834179462380677, 
-0.17054664508939232, 0.11897138490974457, -0.16973819710642588, 
0.019663559402045033, -0.017373248769053429, 0.59751935584335514, 
0.32035256324619898, 0.64034873258957636, -0.05963239111030038, 
-0.0040693611975596436, -0.027436238644285394, -0.0035367443899254236, 
-0.015154738835954855, -0.0031679198116135988, 0.083680159045137634, 
0.45159126521152049, -0.085470355365183145, 0.0032898999230368199, 
-0.04077989185571413, -0.040156210890366931, -0.0073827003918286154, 
-0.0021384907836173935, -0.047887200648373388, -0.023566156626311414, 
0.01722487388557287, -0.020887524318334634, 0.0017845606536314427, 
0.055278779401756899, -0.0018056848098219971, 0.059794533447292915, 
0.011383444746534237, -0.059632391110300373, 0.018524770963081881, 
0.00050716886757621595, -0.019534642943765296, 0.0039040612208455479, 
-0.019992712422421285, -0.012589814237815571, -0.033304727208454052, 
-0.27104971325478711, -0.11905072256650553, -0.026247876471042198, 
-0.039091375952723662, -0.034368300422502884, -0.054686457831614028, 
0.025272576228936552, 0.017667606367388327, -0.0049205932941933693, 
0.018611644233991687, -0.00081453713905602564, -0.0060764709975906, 
-0.017159009579869901, 0.0063687308486265783, 0.031901114900388883, 
-0.0012422816532365543, -0.0040693611975596436, 0.00050716886757621595, 
-0.028789205116226534, -0.025015191021491561, -0.0049710396304393596, 
0.0032296203509556399, -0.018503973175481477, -0.014170501827004005, 
0.10295057722813274, -0.09710421423376138, 0.014113992669834848, 
-0.030175687189628056, -0.025213183221224622, 0.0017127325291661222, 
-0.023743656021245063, 0.0044600837541705369, 0.023157296230394218, 
-0.010982234597664791, -0.025091839354144774, 0.0015531876693066747, 
-0.01210176050998245, -0.0022668453436149195, 0.019934092829042141, 
0.034380014836528382, -0.027436238644285398, -0.019534642943765296, 
-0.025015191021491558, -0.017922605090442797, -0.0067130505471875183, 
0.019316728301325598, 0.00080984503479019547, 0.0023291872893811683, 
0.063038092666270806, -0.076357594391025227, 0.0046168478036815088, 
-0.026722347719441573, 0.00992840767528929, -0.001418619744290794, 
-0.042385382787659839, -0.047153919939142065, 0.0048084599317051663, 
-0.019743217433464817, -0.014810657040382562, 0.013342763716249376, 
0.0018947155903898231, -0.023457288080919281, 0.0072045210551408174, 
0.074623394265109638, -0.0035367443899254241, 0.0039040612208455483, 
