structure(c(1.3607976465977443, 1.0740376340192805, -0.002865914001688152, 
-0.42943888770807326, 0.31038788334435219, -0.29731221873006741, 
-0.0044030195335222127, -0.13790448321171356, 1.0512881991506493, 
0.43620372140633051, 1.2641718963570898, 0.055181665216553849, 
0.021839803107883034, -0.0034206258862135275, -0.02019516801229506, 
-0.022432734513277135, -0.049747704737238573, 0.031345403236309362, 
0.72803098545078293, 0.18035616054728948, -0.03585052977307486, 
-0.090004862764864441, -0.088616210887660335, -0.042970987438896935, 
1.0740376340192805, 0.60034567301406583, 0.050295628823167501, 
-0.22370805970724567, 0.23420335152364072, -0.20980666191895286, 
0.025506864551855715, 0.0074946862418380179, 0.72519145664098872, 
0.46710043779961319, 0.77663535229678926, 0.0054379415457939031, 
0.02905789917898937, -0.0013977387349952443, 0.013152294911392791, 
-0.04042027604467277, 0.00075780683236404236, -0.015548670267032954, 
0.612875327123102, -0.11665660436614476, -0.032856700953671027, 
-0.014682772554760972, -0.0044959261446441898, 0.017959533267096109, 
-0.002865914001688152, 0.050295628823167501, -0.065418893153324845, 
-0.00693632244860102, 0.00064315068168985939, 0.040999561125253083, 
-0.014159723199370464, 0.038624649632140358, 0.026536702326469309, 
0.026304502490196991, -0.060889517989660018, -0.018759255917797504, 
-0.010312819675257011, 0.0069065470469578394, 0.014675486064572944, 
0.0054716370435176302, 0.012803305294339151, 0.0051972874201799196, 
0.10503774880239762, -0.089357035674351645, -0.0058771557755051169, 
-0.017478154544202509, -0.0031606621045858867, 0.012936675052640094, 
-0.42943888770807326, -0.22370805970724567, -0.0069363224486010192, 
0.068638239279828511, -0.10056350619459234, 0.048148103405374003, 
0.03612490328756713, -0.012579720749670786, -0.29315368861509089, 
-0.099581592723813048, -0.35963636124761239, 0.0012221601118972225, 
-0.0029609456541973482, -0.010361179517442013, -0.011435328860834789, 
-0.0037463982105342339, -0.007606555035164597, 0.0052762171713784415, 
-0.067402510394088247, 0.029125496741433849, 0.01850728249323056, 
0.024337018881206478, -0.004014222768003152, -0.020042490592082535, 
0.31038788334435219, 0.23420335152364069, 0.00064315068168985939, 
-0.10056350619459234, -0.0074447192793188899, -0.040779784610034307, 
-0.011170740866227156, 0.022823571926407386, 0.36994528172517382, 
0.1006092958174752, 0.37283474824445911, 0.049108135786124621, 
-0.026425359833373695, -0.030893375902051632, -0.023991181871822091, 
-0.033996562026979003, -0.010199343645325962, 0.0051458179274980554, 
0.0028039360245903774, 0.013758033071053669, -0.035264954990112785, 
-0.0082641605235169915, -0.034176824846516497, -0.060997831388287668, 
-0.29731221873006741, -0.20980666191895289, 0.040999561125253083, 
0.048148103405374003, -0.040779784610034314, 0.026125079204636775, 
0.012270545697447986, 0.0036602606008516989, -0.16929315725833083, 
-0.048392482803436658, -0.29925121656164561, -0.013487245717789769, 
-0.006071510425485897, -0.0033677955328611443, 0.023261251388924643, 
0.0064188516826157857, -0.018965905785639253, 0.013494958045703026, 
0.074688119336778311, -0.065313027441675983, 0.0035522948673524304, 
0.0062552009175224233, 0.0001237547676672921, -0.006059328339808487, 
-0.0044030195335222119, 0.025506864551855711, -0.014159723199370464, 
0.036124903287567123, -0.011170740866227156, 0.012270545697447986, 
-0.02683572719817667, -0.008183931474149659, 0.023327270511513797, 
0.0075103125399196748, -0.0024726012837199538, 0.030707897667090745, 
-0.011375660032617363, 0.00027206910972900615, -0.017795039178941072, 
0.017916749469973473, 0.007441443449793847, 0.00037267504835799804, 
-0.12132420901930707, 0.001217717827092842, -0.010782052300110386, 
0.0097226381939169645, -0.023669014164042861, -0.010287064246268844, 
-0.13790448321171356, 0.007494686241838017, 0.038624649632140351, 
-0.012579720749670786, 0.022823571926407389, 0.0036602606008516985, 
-0.0081839314741496607, -0.038422943627577491, -0.024554075708592325, 
-0.071629672377959627, -0.036366761375758012, -0.0011852899647237119, 
-0.0077925358470716227, -0.0098547637867080606, 0.0016246526845356145, 
-0.011126494156517496, -0.0061264815321332199, 0.0060932757896336905, 
0.099743851809258779, -0.052606035805931095, -0.0082195541956862888, 
-0.0097575691463049202, 0.0084367338905124468, -0.014349106573146772, 
1.0512881991506493, 0.72519145664098872, 0.026536702326469309, 
-0.29315368861509083, 0.36994528172517382, -0.1692931572583308, 
0.023327270511513801, -0.024554075708592325, 1.1468362961670628, 
0.60201312069334634, 1.219304851231152, 0.030619243560049185, 
0.011321799773974388, -0.014219226492001679, -0.013857172317478159, 
-0.028096056311991344, -0.02188757284734303, 0.026627604243127028, 
0.27563944430758702, 0.0050945482655748936, -0.0051141364537356723, 
-0.01137263555879771, -0.0051738156112297465, -0.033786024400066783, 
0.43620372140633051, 0.46710043779961313, 0.026304502490196991, 
-0.099581592723813048, 0.10060929581747519, -0.048392482803436658, 
0.0075103125399196748, -0.071629672377959627, 0.60201312069334634, 
0.057058684235586771, 0.58742587563905901, -0.009754797077899037, 
0.0038251409394455187, 0.012233559795123554, 0.011854572072007338, 
0.0024662630879180108, 0.013532489685648984, -0.021372753891989834, 
0.14837561226029586, -0.088768038866843424, 0.031394959862210622, 
-0.036695497604755073, -0.038440795946192839, -0.021446079801861504, 
1.2641718963570898, 0.77663535229678926, -0.060889517989660011, 
-0.35963636124761234, 0.37283474824445911, -0.29925121656164561, 
-0.0024726012837199538, -0.036366761375758019, 1.219304851231152, 
0.58742587563905901, 1.3234749292081973, 0.034591463107101018, 
0.0091871578058909439, 0.020729897554188602, -0.023487723471964216, 
-0.0085767976017851119, 0.0064132155809496503, 0.059280182327792766, 
0.79537120726832489, -0.16149070399782448, 0.076022739200954134, 
-0.0018632928268863199, -0.032833728655927243, -0.018765093943220866, 
0.055181665216553849, 0.0054379415457939022, -0.0187592559177975, 
0.0012221601118972225, 0.049108135786124621, -0.013487245717789767, 
0.030707897667090745, -0.0011852899647237119, 0.030619243560049188, 
-0.009754797077899037, 0.034591463107101018, 0.0082691824419513955, 
-0.0006529470370524249, -0.024642114057104803, -0.0069054615158731956, 
-0.055306865034386046, -0.0207725376385401, -0.055683987875494077, 
0.03253855967781065, -0.15563038729012907, -0.023357174844164615, 
-0.047414622841848643, -0.017918126553830765, -0.018313856121883746, 
0.021839803107883034, 0.029057899178989374, -0.010312819675257013, 
-0.0029609456541973482, -0.026425359833373695, -0.0060715104254858961, 
-0.011375660032617363, -0.0077925358470716227, 0.011321799773974388, 
0.0038251409394455182, 0.0091871578058909439, -0.00065294703705242501, 
-0.022878234005310985, -0.023342514145755725, -0.0098576514699710276, 
-0.0010937536987639831, -0.0094953377843023552, -0.011055935030523663, 
-0.04151556541010569, 0.017214557357801016, -0.007395973858762157, 
-0.015570695197654775, -0.00041050103677693086, -0.0050491641123941375, 
-0.0034206258862135271, -0.0013977387349952445, 0.0069065470469578403, 
-0.010361179517442013, -0.030893375902051632, -0.0033677955328611439, 
0.00027206910972900615, -0.0098547637867080606, -0.01421922649200168, 
0.012233559795123554, 0.020729897554188602, -0.024642114057104807, 
-0.023342514145755729, -0.019239699073892867, -0.009291645067630163, 
0.0042888802566270192, 0.0033900839616716806, -0.0039577827837248489, 
-0.010912677312764896, -0.027168035726954039, -0.00036625528734114421, 
-0.010138612921155544, 0.01872214873451887, -0.0068646666078758271, 
-0.02019516801229506, 0.01315229491139279, 0.014675486064572946, 
-0.011435328860834789, -0.023991181871822087, 0.023261251388924639, 
-0.017795039178941072, 0.0016246526845356145, -0.013857172317478159, 
0.011854572072007338, -0.023487723471964216, -0.0069054615158731956, 
