structure(c(-0.25245837733734566, -0.23514005476179942, -0.00050921707072724368, 
0.040054324313930495, -0.02735356423473425, 0.016632932752192395, 
-0.0053389200741730154, 0.0020736622290273947, -0.19337364132859566, 
-0.11946980098295995, -0.27394852036645589, -0.011239499496287842, 
0.0033909122012240919, -0.0010995825692065048, 0.0055227402546375341, 
-0.011745534770872944, 0.0015856161198507027, -0.0079084576162309506, 
-0.10590059846762125, 0.090566275870635857, 0.0026434400779303127, 
-0.0027252266010191505, 0.0095500093567477511, 0.018276145727437399, 
-0.23514005476179942, -0.16321200901826977, -0.029030988071654832, 
0.032490596019429344, -0.039204979792407099, 0.020520963278257854, 
0.0040342241476967857, -0.013999047354306753, -0.12224109190726003, 
-0.095012860830390802, -0.1165310389107434, 0.010409452292411596, 
0.0081765513851346158, 0.006046990945482918, 0.0035290444282698283, 
0.0092224795912317047, -0.010992416662664562, 0.0166444825119633, 
-0.071592851497895724, 0.035246910622755735, 0.0059121049065892261, 
-0.0063771506704869739, -0.004279978560540079, -0.0021851520163568608, 
-0.00050921707072724368, -0.029030988071654832, 0.019522011374758685, 
-0.00079806979225882895, 0.01666010667880484, -0.012403135110271407, 
0.013273669808046534, -0.0092799524685567361, 0.015344843463722177, 
-0.004486887678208179, 0.012657539525133023, 0.00041834385030342696, 
0.0047503638175596871, -0.0017341700812237688, 0.0030198301433723763, 
-0.0041198890169621936, 0.0079996330617159803, -0.0074116646600866695, 
-0.041356814628175198, -0.034967925840289474, -0.0039465651910877177, 
-0.011043643165638521, -0.0078072015522227239, -0.0028586962189618725, 
0.040054324313930488, 0.032490596019429344, -0.00079806979225882895, 
-0.020153235160996111, 0.0096274342272691035, -0.0045959883888606343, 
-0.0085832062178258957, -0.0030164450036440902, 0.041551960346812515, 
0.027943849334137502, 0.058941027857273884, 0.0015700365429454997, 
-0.0031508907733464155, -0.0025720185070803865, -0.0076942696698292234, 
0.0044720690875711478, -0.0070026247247934664, -0.0001334236403756401, 
0.08648411970029303, 0.020520956253618852, -0.0054716717992571379, 
0.00060074149261706467, -0.0030798362652593282, -0.0017313299391994743, 
-0.02735356423473425, -0.039204979792407099, 0.01666010667880484, 
0.0096274342272691018, 0.017814422458047402, 0.012371797406786093, 
0.0018957633780717911, -0.0086495637923232928, -0.039413857435509743, 
-0.029890545639263331, -0.048116203205098719, -0.0087031475221961956, 
0.0077714727263919273, 0.0042456913933524975, 0.010525783512027941, 
0.0073703617195720996, 0.012778963097422796, 0.0022792595553963245, 
-0.036803486043802146, -0.081189830427598225, -0.0018803963702977247, 
0.0030416299512978943, 0.0041895550517943737, 0.01112654841983355, 
0.016632932752192395, 0.020520963278257854, -0.012403135110271407, 
-0.0045959883888606343, 0.012371797406786095, -0.0080938674020024134, 
0.0011478632998196423, -0.0096892737043996237, 0.019701915820256342, 
0.012246746666275741, 0.048676829446774247, 0.0057416656504637098, 
-0.0010089193761716093, -0.00049569488749350282, 0.00011492207752161345, 
0.0090201070806516428, -0.00049532204969464225, 0.006214071106386187, 
0.07371411781312634, 0.049007133437597161, 0.0012612759574161512, 
0.0033207820301801986, 0.011080456111707999, -0.00046940977409479456, 
-0.0053389200741730163, 0.0040342241476967857, 0.013273669808046534, 
-0.0085832062178258957, 0.0018957633780717911, 0.0011478632998196423, 
-0.0013206729809236459, -0.00021088286678674505, 0.0027980962174505826, 
0.018498465960623642, 0.021769725741876671, 0.0032279833502895645, 
0.0022830886535878396, 0.0025404726251126203, -0.0031894130092642949, 
-0.0028583172430756082, 0.0032438532335915746, 0.0024562732774020572, 
0.043809760403468602, -0.013578440535369453, 0.00028115443165027394, 
0.0096453591208553163, 0.006754582685108361, 0.0016393915579487864, 
0.0020736622290273943, -0.013999047354306751, -0.0092799524685567361, 
-0.0030164450036440902, -0.008649563792323291, -0.0096892737043996237, 
-0.00021088286678674505, -0.00088932592973519926, 0.00056185235803609638, 
-0.0019109763937677194, 0.0036628588444506142, -0.0094349939032720015, 
-0.0016699351508558395, 0.00084373573285182466, -0.0011036979621565004, 
-0.0043881776220430265, -0.0029501963135606098, -0.001520665799085551, 
-0.081139018753183592, 0.0039989487484608415, 0.0026090605377477633, 
-0.0072518147400774868, -0.0043682258997022969, -0.0041500964555822089, 
-0.19337364132859564, -0.12224109190726001, 0.015344843463722177, 
0.041551960346812522, -0.03941385743550975, 0.019701915820256342, 
0.0027980962174505826, 0.00056185235803609638, -0.24737535174664474, 
-0.10556964688667801, -0.21465316545349686, -0.010938336933588011, 
-0.010566217581989949, 0.0023017049377003188, 0.025679168353751794, 
0.02136576099602773, -0.011353465769269058, 0.027570927869089164, 
-0.10493940539001646, -0.04638696743486162, 0.023836142366060114, 
0.0042723877846941316, 0.015621008574229015, 0.0011984082299070142, 
-0.11946980098295995, -0.095012860830390802, -0.004486887678208179, 
0.027943849334137502, -0.029890545639263334, 0.012246746666275741, 
0.018498465960623642, -0.0019109763937677194, -0.10556964688667801, 
-0.053328156834725249, -0.11039415009297757, -0.027250662806750432, 
-0.010017427346472775, -0.0033462546528356999, 0.0054478811415020548, 
0.0061873341495137114, -0.006122710065323003, -0.0039101229744995013, 
0.035731979552250971, 0.012102167604853529, -0.00743837778248479, 
0.010167315280061977, 0.0067148874387845132, 0.0094470047138613695, 
-0.27394852036645589, -0.1165310389107434, 0.012657539525133023, 
0.058941027857273884, -0.048116203205098726, 0.048676829446774247, 
0.021769725741876675, 0.0036628588444506142, -0.21465316545349686, 
-0.11039415009297757, -0.20307935230567795, 0.011159588174832034, 
-0.013280248752106183, -0.017032612912402885, 0.0012266174856471069, 
0.003324877463550912, -0.0081340484058019698, -0.024136011970143492, 
-0.088912395651574244, -0.040869890625096175, -0.018025666924542525, 
-0.00019044714546967559, -0.0037246415718947753, -0.0057050191291862212, 
-0.011239499496287842, 0.010409452292411595, 0.00041834385030342696, 
0.0015700365429454997, -0.0087031475221961974, 0.0057416656504637089, 
0.0032279833502895641, -0.0094349939032719998, -0.010938336933588011, 
-0.027250662806750432, 0.011159588174832036, 0.023653151007203898, 
0.0027175353946638117, 0.0078661595556576494, 0.0014228475659805106, 
0.0044219767763766142, 0.0040247983550180154, 0.011900982773459755, 
-0.023402193937111591, -0.0042401616834560289, 0.0083419140849398995, 
0.0098065444348744268, 0.010356302640804454, 0.0035686123630299751, 
0.0033909122012240919, 0.0081765513851346158, 0.0047503638175596871, 
-0.0031508907733464159, 0.0077714727263919273, -0.0010089193761716093, 
0.0022830886535878392, -0.0016699351508558395, -0.010566217581989949, 
-0.010017427346472775, -0.013280248752106181, 0.0027175353946638121, 
0.0078555011299376049, 0.007153278344251307, -0.0038465772088123566, 
0.0014264092039896229, 0.00434962919187642, 0.0070692610699541825, 
0.0012780469225573822, -9.5232436580976122e-05, 0.0016172653917825403, 
0.0020803538265849013, 0.00036236115362232348, 0.0034563208790247008, 
-0.0010995825692065048, 0.0060469909454829171, -0.001734170081223769, 
-0.0025720185070803865, 0.0042456913933524975, -0.00049569488749350292, 
0.0025404726251126207, 0.00084373573285182466, 0.0023017049377003188, 
-0.0033462546528356999, -0.017032612912402885, 0.0078661595556576494, 
0.0071532783442513062, 0.0064164030534376339, -4.3061218772588749e-05, 
0.0026521056268382958, -0.0010872626541227138, 0.0095617334177122443, 
-0.017876304383463184, 0.012019341337772009, 0.0058825583944443925, 
0.002243849504362246, 0.0030293619838243639, 0.0019397251270241408, 
0.0055227402546375341, 0.0035290444282698287, 0.0030198301433723763, 
-0.0076942696698292243, 0.01052578351202794, 0.00011492207752161346, 
