structure(c(-0.18856957979097605, -0.1731197645420231, 0.0045722876716072797, 
0.068014356437610141, -0.042395086844047379, 0.044503457451437987, 
0.032652895470064967, 0.0091623049698644678, -0.22056683503689836, 
-0.062070529433650039, -0.20936646117903215, 0.022388041492658068, 
0.010364952947026097, 0.017742900022734369, -0.0042372799152586597, 
0.01175996544578267, 0.014691531732269791, 0.015018833190930553, 
-0.13533349285073004, -0.046646264536234494, 0.021334225123374469, 
0.0060375681797467714, -0.0046481313129110805, 0.0075321992360245626, 
-0.1731197645420231, -0.097940526478480144, -0.0068659938936638685, 
0.036746275112536954, -0.041727883264736719, 0.020431781154450875, 
0.017713276185769327, -0.003472275588532765, -0.15195638193957828, 
-0.031210488397156379, -0.11408102528820485, -0.022737763250826347, 
0.005732829109017676, 0.011129618497001578, -0.016796379145159888, 
0.0058209761261429366, -0.0092018351483071237, 0.0074741124848107347, 
-0.12737850458213076, -0.03173317061491459, 0.0022214142595529392, 
-0.011431016624667549, -0.003002449951846006, -0.00143790798261758, 
0.0045722876716072797, -0.0068659938936638677, 0.0035112068368680378, 
0.0017532677136595394, 0.029185348902278464, 0.0018398245947081116, 
0.013545869246751246, -0.0063614740533223012, -0.02275660391869137, 
-0.0093548072396349973, 0.008186695195885987, 0.0025869597817132581, 
0.0030600857084498007, -0.0018190088144849725, 0.0010714900214580747, 
0.00066925680168040773, 0.0027196696235673406, 0.0013177745919625121, 
0.030789374653081816, 0.025430667645775028, 0.0041094586657313102, 
-0.0050408947773259239, -0.0065900618821269092, -0.0010018767575600094, 
0.068014356437610141, 0.036746275112536954, 0.0017532677136595394, 
-0.013547555938554782, 0.0047792877400822829, -0.0075735511290175098, 
-0.0048373662268290669, -0.0052414838478776161, 0.052256296032212338, 
0.040010862026951588, 0.046714127131044787, -0.016717534563029511, 
0.00015492627008776308, 0.0024515634564615555, -0.0051179419938315283, 
-0.0047784164496006464, -0.0011752898767081268, -0.00039514463696982963, 
-0.053350027998154706, -0.031302354981494626, 0.00334824800978685, 
0.0045180765832404275, -0.0018644103889874422, 0.0080054923833932159, 
-0.042395086844047379, -0.041727883264736719, 0.029185348902278464, 
0.0047792877400822829, 0.023111348778236316, 0.013649110926953461, 
0.011414494576640073, 0.00069901833047306963, -0.093348118771554939, 
-0.031523606412038017, -0.076636387673494552, 0.0043545256879178162, 
0.012597320429074394, 0.010907916086409682, 0.0041028386023441495, 
-0.013476803621393122, 0.0019815746817877667, -0.0028708316603484716, 
-0.012319105431502048, 0.0472637181714297, 0.012328663422947866, 
0.0039492149358454449, 0.011021530690219269, 0.015675384947978651, 
0.044503457451437987, 0.020431781154450879, 0.0018398245947081119, 
-0.0075735511290175098, 0.013649110926953461, 0.00085926146225915115, 
-0.0068224084676405602, 0.0032110105979509134, 0.066165706273976152, 
0.021563381218959565, 0.07540290279696911, 0.010388094098138101, 
0.003179632702486568, 0.00053991419053561578, -0.0020760600267325422, 
-0.0054149618804251488, 0.0025570975711200826, 0.0061411385753640212, 
-0.020833405943966626, 0.0065757304275218323, 0.0092901444959768188, 
0.0057836723207035073, 0.0014852510121510028, -0.0026746928588531589, 
0.032652895470064967, 0.017713276185769324, 0.013545869246751248, 
-0.0048373662268290669, 0.011414494576640073, -0.0068224084676405602, 
0.010676938703931277, -0.00092601663248478936, 0.0068765350536111819, 
-0.0047978996722344855, 0.0026070008496359882, -0.015881869550236065, 
0.0053153727026172505, 0.0056188640385312991, 0.0028726595391688498, 
-0.00044346493149273269, -0.0039040175443312421, 0.0058333787927073175, 
0.00064822050319693716, -0.0121914685337619, 0.0010065213874878322, 
-0.0062122635662170038, -0.0080866944787410435, 0.0020269330236585047, 
0.0091623049698644678, -0.003472275588532765, -0.0063614740533223012, 
-0.0052414838478776161, 0.00069901833047306963, 0.0032110105979509134, 
-0.00092601663248478947, -5.0306419351798203e-05, 0.023175155374528879, 
0.010478918260864075, 0.02053898096641401, 0.0032849549932480377, 
0.0020791133548552208, 0.0038047541420703633, -0.00035616438610310458, 
0.0044078130864301217, 0.0095491078892354381, 0.0053738520659053716, 
-0.053358143854902687, 0.023183836977371156, 0.0092440510075536154, 
8.6847789470091883e-05, 0.0055018729856738842, 0.0039986546041900096, 
-0.22056683503689836, -0.15195638193957828, -0.02275660391869137, 
0.052256296032212331, -0.093348118771554939, 0.066165706273976152, 
0.0068765350536111819, 0.023175155374528883, -0.19100030485418573, 
-0.085982751869310023, -0.22811750127332966, 0.0087535399672546022, 
-0.0067891721841051066, -0.0064742145682741975, -0.0091074354219472763, 
-0.0059532459987424579, 0.0010167123814358303, -0.0037869672499778666, 
-0.033915189060854695, 0.038236248697825229, 0.013324391145391962, 
0.010686381743327547, 0.0077782184602832568, 0.011696019140852049, 
-0.062070529433650046, -0.031210488397156379, -0.0093548072396349956, 
0.040010862026951588, -0.031523606412038024, 0.021563381218959565, 
-0.0047978996722344855, 0.010478918260864075, -0.085982751869310023, 
-0.011430515443176251, -0.098610210924562292, 0.017389892521657454, 
-0.0072218093142118909, -0.0066305822407640956, -0.0082483996302670504, 
-0.010784930674071935, -0.010450462536717603, -0.0086093347550555595, 
-0.1116478526525282, 0.025849396990399297, -0.0073164288234381031, 
0.0013388330601367985, 0.010164358898464929, -0.0012700728720937127, 
-0.20936646117903215, -0.11408102528820485, 0.008186695195885987, 
0.04671412713104478, -0.076636387673494552, 0.07540290279696911, 
0.0026070008496359882, 0.02053898096641401, -0.22811750127332966, 
-0.098610210924562292, -0.21400274887002504, 0.014352413714596819, 
0.0016496923653944869, -0.0020619912910597544, -0.016149491750268665, 
-0.0060676979184647612, 0.0030691763726380123, 0.0014026743265978202, 
-0.13243642379532508, -0.02270849409019449, -0.0058953410406646766, 
0.012197427109568703, 0.012021950913631212, 0.0033736209065228151, 
0.022388041492658065, -0.022737763250826347, 0.0025869597817132581, 
-0.016717534563029511, 0.0043545256879178162, 0.010388094098138102, 
-0.015881869550236065, 0.0032849549932480377, 0.0087535399672546022, 
0.017389892521657454, 0.014352413714596819, 0.013861643082148866, 
0.006049358643687457, 0.0069920937010282862, 0.006186496998507927, 
0.0019552005603225724, 0.0044698104370649748, 0.011847014555281102, 
-0.083347448607875366, -0.032272508077274824, 0.010878330615966193, 
0.011768437819190083, 0.0023830816149677616, 0.0014375324482154247, 
0.010364952947026098, 0.005732829109017676, 0.0030600857084498011, 
0.00015492627008776308, 0.012597320429074394, 0.0031796327024865676, 
0.0053153727026172505, 0.0020791133548552212, -0.0067891721841051066, 
-0.0072218093142118909, 0.0016496923653944869, 0.0060493586436874578, 
0.0084114716193442844, 0.0093484000698277146, 0.0024418745384342153, 
0.0022882215707924589, 0.0042059947251194369, 0.0041491630322364418, 
0.025510688871758998, 0.017353789762782103, 0.0030032901919083586, 
0.0052182482545370416, 0.0039380838917448717, 0.0037233325252741555, 
0.017742900022734369, 0.01112961849700158, -0.0018190088144849725, 
0.0024515634564615555, 0.010907916086409682, 0.00053991419053561578, 
0.0056188640385312991, 0.0038047541420703629, -0.0064742145682741966, 
-0.0066305822407640956, -0.002061991291059754, 0.0069920937010282853, 
0.0093484000698277146, 0.0071870588459514769, 0.00071491099904426227, 
0.00082905607241634245, 0.0022457718687358443, 0.0032785918985025158, 
0.008923080184799986, 0.0062903869116618305, 0.0038682205604951255, 
-0.00093325084405952133, -0.00010880136523825314, 0.0011961564217525095, 
-0.0042372799152586597, -0.016796379145159888, 0.0010714900214580747, 
-0.0051179419938315292, 0.0041028386023441504, -0.0020760600267325422, 
