structure(c(-0.1553788555428593, -0.21942530717311298, 0.035624007929810693, 
0.048696054496958449, -0.067772477914129117, 0.044443148854748031, 
-0.026440033086497717, 0.022191388323514215, -0.16897104938513416, 
-0.071125768285818805, -0.22110493403257986, -0.0085467665743569031, 
0.014298645329279738, 0.016937239889126203, -0.0093836190018967564, 
0.016496852579474305, -0.0037256611198578501, -0.014174192649698773, 
-0.2544131852101289, -0.039240905529052267, 0.0058147998588623396, 
0.0097965944095946833, 0.0060131411309426236, -0.0063220303919000976, 
-0.21942530717311295, -0.052216019220477888, 0.012439719286440226, 
0.033590756322926317, -0.037485380852548905, 0.039086883771997101, 
0.0056088460270060127, 0.0037599856060570543, -0.077739307485760883, 
-0.050811554963365986, -0.09572417064845945, 0.013867538782394028, 
0.012664719194075115, 0.012608936769270175, -0.012112345777997777, 
0.017793281266341165, 0.011239947839049146, -0.0028256742886434653, 
-0.16766754143311974, -0.04783130213901008, 0.014566535013586134, 
0.012789628425772068, 0.015656369165565613, 0.016934627183518548, 
0.0356240079298107, 0.012439719286440226, 0.020549777104081776, 
0.0048209493280205211, 0.011964365882679769, -0.0086349861675008837, 
-0.0027518409246084486, -0.0043647046942077612, -0.018945734556677057, 
0.011256752969222135, 0.010384338451121801, 0.0048636076711818946, 
0.006129922849192916, 0.004985296884773136, -0.010914699456763736, 
-0.0017808477272161039, 0.0016157780625511281, 0.010672093969363878, 
0.019462720264426577, 0.01150476112656711, 0.0066235887584159105, 
0.0051364299971896872, 0.017866931098553425, 0.00082436794202181266, 
0.048696054496958456, 0.033590756322926317, 0.0048209493280205219, 
-0.0053047953575101441, -0.0040964592601847446, 2.3842247104082818e-06, 
-0.001353914444743238, -0.00019303623280103534, 0.057838362579882729, 
0.025231631656893117, 0.066134326925555292, 0.00026559571063273103, 
0.0076325250865520323, 0.009083717971668832, 0.009710171931812556, 
0.0055647557487064139, 0.0028890431369369249, -0.0016790422078392104, 
0.044530797732952578, -0.028242283830184928, 0.0046336092440376273, 
-0.00023117498629737695, -0.0029308154894512762, 0.010482516189828331, 
-0.067772477914129117, -0.037485380852548905, 0.011964365882679769, 
-0.0040964592601847446, 0.0046957471085495974, 0.011697637733305129, 
-0.0014705988982975982, -0.0095635601931956526, -0.069170974336923582, 
-0.030172471721845198, -0.061983314447447799, -0.018820451789440938, 
-0.00024717747856145604, -0.0047917122778225645, 0.0012204996658835357, 
-0.010913034931606877, -0.0032017250202893179, 0.012119824827113174, 
0.067380313335051095, -0.077802775567465801, 0.0032507440021486704, 
0.00055663177962480723, 0.0028152322455215319, 0.0066315964554778516, 
0.044443148854748038, 0.039086883771997108, -0.0086349861675008837, 
2.3842247104082818e-06, 0.011697637733305129, -0.0070319007760329694, 
0.0096288643271669593, 0.0090740858142865852, 0.046244703796765152, 
0.021734542344216352, 0.062706808297795222, 0.0020240694228345966, 
-0.0041273379893419417, 8.7380178562413154e-05, 0.0011967319084264468, 
-0.0012032002103396515, 0.0030452689288387584, -0.0033442488353238099, 
-0.060400723166511773, 0.016831127367784061, 0.0030576832195319242, 
-0.0026519869244562774, 0.00071354071911837447, 0.012580598388040744, 
-0.026440033086497717, 0.0056088460270060127, -0.0027518409246084486, 
-0.0013539144447432378, -0.0014705988982975985, 0.0096288643271669611, 
0.0016756042106785122, -0.0060212111399420244, -0.0071338526934185634, 
-0.0099884164631454421, -0.0077280755702052182, -0.0099623412769996259, 
0.0059638330462323409, 0.0073210157874349291, 0.0052377747557520336, 
-0.0037844899129012653, 0.0077265903231044921, 0.0002027620343642897, 
0.018447194043718029, -0.0034319736081323405, 0.015747010867812161, 
-0.00099072290336916211, 0.0087567669846811119, 0.0037494801587426132, 
0.022191388323514215, 0.0037599856060570539, -0.0043647046942077612, 
-0.00019303623280103534, -0.0095635601931956526, 0.0090740858142865852, 
-0.0060212111399420244, 0.0011678873372698896, 0.022238818847084525, 
0.032154668003909079, 0.010240133362265726, 0.01372751624427446, 
0.0028054036745978517, 0.0044876442783799422, -0.0052592061195183976, 
0.0064434512341039769, -0.0004766149133338146, 0.0035939994064769234, 
0.021092393395007569, 0.0061501347912434352, 0.0003588776827881869, 
-0.00062614695543176827, 0.0026898468277108496, 0.0017004650319227318, 
-0.16897104938513419, -0.077739307485760883, -0.018945734556677054, 
0.057838362579882729, -0.069170974336923582, 0.046244703796765159, 
-0.0071338526934185626, 0.022238818847084528, -0.20448041656691612, 
-0.11938744270988039, -0.25857558035445449, 0.0024952661470437508, 
0.016994955949175237, 0.021544648898692797, 0.014075968032480101, 
0.0058435413806991986, 0.010590147319799197, 0.0017615885062704953, 
-0.041421970574407323, -0.0023973278309480446, 0.0045462493354152455, 
0.0058600274435283506, 0.0076105025732037968, 0.019211677239464084, 
-0.071125768285818805, -0.050811554963365986, 0.011256752969222135, 
0.025231631656893121, -0.030172471721845194, 0.021734542344216352, 
-0.0099884164631454421, 0.032154668003909072, -0.1193874427098804, 
-0.0037555370819069072, -0.092341729794105917, 0.0050840153874074324, 
0.013536653127958849, 0.0095461976202840613, -0.0063893216071782182, 
0.010685833724592994, 0.015353341137235972, 0.012714474503224845, 
0.0099223815600206263, -0.0027981239504110047, 0.020498324825574277, 
0.018477187339959292, 0.027072472439860253, 0.010520330772750771, 
-0.22110493403257986, -0.095724170648459464, 0.010384338451121803, 
0.066134326925555278, -0.061983314447447799, 0.062706808297795208, 
-0.0077280755702052173, 0.010240133362265726, -0.25857558035445449, 
-0.092341729794105917, -0.21841192824486944, 0.0064040162765242603, 
0.0068243843710332338, 0.0065756345015884517, -0.016100439232054821, 
0.022291563171114796, -0.0062261190658007967, -0.0032525038293309333, 
-0.12832150574326073, -0.046081365083052994, -0.020436147029505674, 
-0.0019266541341940871, 0.0078311125473541163, 0.011908140004761331, 
-0.0085467665743569031, 0.013867538782394028, 0.0048636076711818946, 
0.00026559571063273108, -0.018820451789440938, 0.0020240694228345962, 
-0.0099623412769996242, 0.013727516244274459, 0.0024952661470437508, 
0.0050840153874074324, 0.0064040162765242603, 0.012406353740401773, 
-0.0018319571930220796, 0.0088379646537265315, -0.00043296872514790629, 
0.011969491938984642, 0.0093892351309806752, 0.0087271131663005912, 
0.085527075335640454, 0.063445903657213212, 0.00032619127800877321, 
0.0060282445683476965, 0.0079064034826771025, 0.010041095910624067, 
0.014298645329279738, 0.012664719194075115, 0.006129922849192916, 
0.0076325250865520323, -0.00024717747856145599, -0.0041273379893419417, 
0.0059638330462323417, 0.0028054036745978517, 0.016994955949175237, 
0.013536653127958851, 0.0068243843710332347, -0.0018319571930220796, 
0.009316804126500185, 0.010781127578308678, 0.0028836908876964541, 
0.0045931577822555802, 0.002448906745769603, -0.0024385699709388131, 
0.0016918865871803953, 0.041634139537335635, 0.0060194173350118117, 
0.0086623525575396342, 0.0074090005653406196, -0.001040337018402287, 
0.016937239889126203, 0.012608936769270175, 0.004985296884773136, 
0.009083717971668832, -0.0047917122778225645, 8.738017856241314e-05, 
0.0073210157874349282, 0.0044876442783799422, 0.021544648898692797, 
0.0095461976202840595, 0.0065756345015884517, 0.0088379646537265315, 
0.010781127578308678, 0.010599123270185428, 0.0024337220536187207, 
0.0054759145345513833, 0.0044942032027217478, -0.0062427343266074171, 
-0.028836792307399793, 0.033303153692231684, 0.010100010788780296, 
0.0088142002078825769, 0.0066204576175525991, 0.00015698921821812609, 
-0.0093836190018967564, -0.012112345777997777, -0.010914699456763736, 
0.0097101719318125577, 0.0012204996658835357, 0.0011967319084264468, 
