structure(c(-0.20778311691700085, -0.10123489914607657, -0.00041031798330974157, 
0.061285511942924684, -0.034952065081849011, 0.038598235483450268, 
0.0038487500876566902, 0.035433583936241797, -0.17959352601969272, 
-0.075924683109309068, -0.28795389918110359, 0.0081046498931079628, 
0.0028264434263639798, 0.0055958026232289905, 0.0046349026049158524, 
0.0019581992689355733, 0.017565908939494706, 0.015338899157463674, 
0.051613711128831417, -0.082017681721059277, -0.011946090268378014, 
0.020555271435366652, 0.0028452420031261864, 0.014551255564842599, 
-0.10123489914607656, -0.072050008210029381, -0.00065751990270503178, 
0.034090572507998448, -0.04454611850539044, 0.024941118271793537, 
0.002936462755785291, 0.013112899688674988, -0.14542340381903479, 
-0.06427989921478619, -0.18169692140323504, -0.0054481585958437795, 
-0.0013089948945694684, 0.00373456332876972, 0.0080337919783209852, 
0.005878505793085612, 0.0016955849909159213, 0.015696937045480187, 
-0.032809272107173278, -0.010601002350178582, 0.0063383275836117947, 
0.024531233112992198, -9.693234246339972e-05, 0.010080910379520051, 
-0.00041031798330974151, -0.00065751990270503178, 0.02823264861487116, 
-0.0098251109803507378, -0.0079303464647582245, -0.001002326187466673, 
0.0017884419172106375, -0.0056483822898403301, -0.0037437727462905114, 
0.0094793781383976476, -0.00017881631846740812, 0.017329425394728995, 
0.0078575265655398945, 0.0055678401225344116, 0.0059899816191511584, 
-0.0011926206746603221, 0.0058670036620927938, -0.0064244184034785417, 
0.062201315076539164, 0.012986274965050081, -0.0022463599944798447, 
-0.00058996659869041661, -0.0060294333945010272, 0.00058832857150064406, 
0.061285511942924691, 0.034090572507998448, -0.0098251109803507378, 
0.0028050538079998728, 0.030620074608610135, -0.014316612957269135, 
9.7953282317909097e-05, -0.0082620028969923771, 0.028641172682247563, 
0.028032500335697028, 0.056871365358291279, -0.011526954257868758, 
0.0044723326425892473, 0.0050893921608447818, -0.0025909814925667925, 
0.0068803859881653119, 0.0042687434501593622, 0.0023445613612172065, 
-0.0055265422708857172, 0.0079542914313753925, -0.0003256781724485513, 
-0.0010408537906720586, -0.0027091038665212328, -3.0003297674426697e-05, 
-0.034952065081849011, -0.04454611850539044, -0.0079303464647582245, 
0.030620074608610132, -0.0092204168019234655, 0.0043011947456819263, 
-0.0038463232307687583, -0.0077124654488665949, -0.08343240508060433, 
-0.017301192008210967, -0.062017958034404304, -0.006528999210768929, 
0.0035474615275916475, 0.0040850007997570012, 0.0021456932256935855, 
0.001859960865651608, -8.2642847384756547e-05, -0.0081343703301140491, 
-0.051176282809037486, 0.02692867787889585, -0.0074676786195898674, 
-0.004188789959952261, -0.0085274308949487565, 0.0013682629355844017, 
0.038598235483450274, 0.024941118271793541, -0.001002326187466673, 
-0.014316612957269137, 0.0043011947456819263, -0.0020742775160640962, 
0.0068555506653796977, -0.0068240375435011389, 0.038556902111972005, 
0.0032662315628469657, 0.0180578713208812, 0.014362973584520223, 
0.0055582480802508242, 0.00496388122396175, 0.00019365931016008113, 
-0.0034948500847972377, -0.00060987228146427096, 0.0036623293429646222, 
-0.00013058689192026543, 0.0098377188485829388, 0.010570154292104977, 
0.0073068926922673898, -0.0012702141025532302, -0.0015334576271161646, 
0.0038487500876566907, 0.002936462755785291, 0.0017884419172106373, 
9.7953282317909097e-05, -0.0038463232307687583, 0.0068555506653796977, 
0.0076632603918865552, 0.0027224129923549382, 0.00073469961376381821, 
-0.0052612335794138907, -0.013541730029102321, 0.0015776375417780094, 
0.0023263429355962159, 0.0005469563238883863, 0.0022942773485330444, 
0.0086638157024467033, 2.6593495722839996e-05, 0.0078746105091870369, 
0.029291312727994605, 0.02216377432058449, 0.00028245628190760874, 
0.0011247958463165009, 0.0033860067344555489, -0.0014121739549396897, 
0.035433583936241797, 0.013112899688674986, -0.0056483822898403292, 
-0.0082620028969923771, -0.0077124654488665949, -0.0068240375435011389, 
0.0027224129923549382, 0.00057910680721766762, 0.0092338583612013459, 
0.01756953043643469, -0.0036124316789866101, 0.00046740940959385933, 
0.0029275905408684966, 0.0030464858763194079, 0.0022651558113177387, 
0.0031088463059872852, 0.0047148439309289648, -0.0048479868395919414, 
0.043335744171541069, 0.01717438352136412, 0.0066260325627814651, 
0.0082753902334640646, -0.002307355009417911, 0.0014117242281416907, 
-0.1795935260196927, -0.14542340381903479, -0.0037437727462905114, 
0.028641172682247567, -0.08343240508060433, 0.038556902111972005, 
0.00073469961376381821, 0.0092338583612013459, -0.21925889380350691, 
-0.082722047738549784, -0.219215387715227, -0.0054457294257463573, 
0.0022040689950934265, 0.0046163890473087362, 0.0072764855213789895, 
-0.011303835541724733, -0.0092849761963231543, 0.020720066442144667, 
-0.019236152643664111, 0.011642680902972618, 0.016490165021452952, 
0.0073435950146655783, 0.0099651744013215214, 0.006257900021109832, 
-0.075924683109309082, -0.06427989921478619, 0.0094793781383976494, 
0.028032500335697024, -0.017301192008210967, 0.0032662315628469662, 
-0.0052612335794138907, 0.017569530436434687, -0.082722047738549784, 
-0.027864483883997815, -0.10378275425731175, -0.0064487276715756393, 
0.0072627132650414684, 0.0081725552820718118, -0.0068794434075638931, 
-0.00075904576483699926, 0.012098797332416476, 0.011094453737436923, 
0.012672512120469799, 0.038268625328617578, 0.0018948018641238205, 
0.011762174707602898, 0.012171963617971439, -0.0013464775547720664, 
-0.28795389918110353, -0.18169692140323504, -0.00017881631846740812, 
0.056871365358291286, -0.062017958034404311, 0.0180578713208812, 
-0.013541730029102321, -0.0036124316789866101, -0.219215387715227, 
-0.10378275425731175, -0.2254193039525153, 0.0025338614764049872, 
0.017618395319568943, 0.01997457366836319, -0.00078124977624859993, 
-0.0038769549590216587, 0.0130535950119741, -0.00045581863085811459, 
0.017187319368892333, 0.065111852430445483, -0.0069080008931657333, 
0.01249624424314596, 0.0089915781215495361, -0.002649559448733772, 
0.0081046498931079645, -0.0054481585958437795, 0.017329425394728995, 
-0.011526954257868758, -0.0065289992107689298, 0.014362973584520223, 
0.0015776375417780094, 0.00046740940959385933, -0.0054457294257463573, 
-0.0064487276715756402, 0.0025338614764049872, 0.0043583389944682966, 
0.0013567260793063112, 0.0024987965554554062, 0.005760343903640169, 
0.0048153150341621667, -0.00081974860607944404, -7.0790447278247485e-05, 
-0.0117484612501498, 0.043553110694157952, 0.014691150063394495, 
0.0048012546035526484, 0.0026376331931395932, -0.0053175626016382085, 
0.0028264434263639798, -0.0013089948945694684, 0.0078575265655398945, 
0.0044723326425892482, 0.003547461527591647, 0.0055582480802508242, 
0.0023263429355962163, 0.0029275905408684966, 0.0022040689950934261, 
0.0072627132650414684, 0.017618395319568943, 0.0013567260793063112, 
0.011405381238282124, 0.010394147043416679, 0.0012847661892662946, 
0.0053198905429985592, 0.009351641176982714, 0.00652743785096703, 
0.021438621958400805, -0.0074976248023520368, 0.0045175858028552859, 
0.0047937927658024248, 0.00016451371952094746, 0.0019131771170903542, 
0.0055958026232289905, 0.0037345633287697196, 0.0055678401225344116, 
0.0050893921608447818, 0.0040850007997570012, 0.00496388122396175, 
0.0005469563238883863, 0.0030464858763194079, 0.0046163890473087362, 
0.0081725552820718118, 0.01997457366836319, 0.0024987965554554058, 
0.010394147043416679, 0.011395089733898184, 0.00026165797335548317, 
0.0073893056068758392, 0.0049875394099088812, 0.0080344469162335237, 
0.015134390386825562, -0.026991114280243211, 0.0050233603678461322, 
0.0057744937926751724, 0.00010994502973526956, 0.0027529853317272224, 
0.0046349026049158516, 0.0080337919783209852, 0.0059899816191511584, 
-0.0025909814925667929, 0.0021456932256935851, 0.00019365931016008113, 
