structure(c(-0.21677537634550503, -0.12491616029910486, 0.017174255984853466, 
0.032348077394348668, -0.1014710737764692, 0.059996417616760153, 
-0.020432939891854615, 0.02179238176171424, -0.16791755869220881, 
-0.086000983702934297, -0.21079364881421547, -0.028931357667803973, 
-0.011556398203638539, -0.0056479626420476809, 0.012126064914796019, 
-0.01393080008547074, -0.011877442565340854, -0.0025785856622485611, 
0.11056470941594466, -0.14161880029728802, -0.0064024271202955734, 
0.028963114684565069, -0.0079998972184636939, -0.014129858668777395, 
-0.12491616029910485, -0.089816394430623378, 0.0040570353515372425, 
0.033062125485943554, -0.041638420463176083, 0.030498225676457925, 
0.0025665509362559642, 0.011363364870891028, -0.14053313526364025, 
-0.097319361480426206, -0.10246459612986027, 0.01076414082947289, 
0.0012165590337348043, 0.00039341323633698954, 0.0084045765723512033, 
0.0014330533314002379, -0.00090807446066920139, 0.0031146428472105499, 
-0.21117520568298273, -0.051821788422164491, -0.0095174208199976049, 
0.017733743651917926, -0.0022746890364270227, 0.0087135776014174524, 
0.017174255984853466, 0.0040570353515372425, 0.014435287467623445, 
0.0088933088048517052, 0.0023074757816022792, -0.0023812945715785045, 
-0.0013825166495763414, -0.00014955066770476111, -0.020220005414831224, 
0.0023376534071624273, 0.010356577747042538, 0.0030437874287357184, 
-0.0054176723539494792, -0.0054113778854971871, 0.0015955834673831958, 
-0.00068270060972388559, -0.0014758429479686213, 0.0024349602691278219, 
-0.033364564769422504, 0.026140713417009867, 0.00061861822018980457, 
0.0055267269999047103, -0.0022203245803048238, -0.0016413035147355465, 
0.032348077394348668, 0.033062125485943547, 0.0088933088048517035, 
-0.019915348892959865, 0.033356390173615948, -0.0087138655536775165, 
-0.0048630960384489419, -0.0010494770170671956, 0.053395394520905887, 
0.011694946627077724, 0.073884300423048485, 0.01136324669990839, 
0.002452790913127275, -0.0010403549978251481, -0.0042221105292736339, 
0.0053752311073972788, 0.005936326373641004, -0.00081549139038905865, 
0.077780268299032188, -0.01639542871392987, -0.00098864237463030082, 
-0.0096957069077391635, -0.0025235751161121686, 0.0027108322636709942, 
-0.1014710737764692, -0.041638420463176083, 0.0023074757816022788, 
0.033356390173615948, -0.011071387025492627, -0.00094205707150408938, 
-0.0013729195911233514, -0.00056153873419292606, -0.053561140535675018, 
-0.041000043211839879, -0.044323444912046352, -0.014875797417960279, 
0.0042791574603069241, 0.0079413557376895993, -0.0019892808754254504, 
0.022001697251939761, -0.0034768255549602902, 0.012472163666872017, 
0.017347374071133525, -0.0096949643507557338, 0.01821347943233256, 
-0.0077632544812937677, 0.0072152637438669086, 0.011603433689143697, 
0.05999641761676016, 0.030498225676457925, -0.0023812945715785045, 
-0.0087138655536775182, -0.00094205707150408948, -0.0065314013697049898, 
0.00031652158577373621, 0.0045349710508470597, 0.010704609034875103, 
0.0017237327954685714, 0.029668839177604239, 0.011710798323509151, 
0.0033888817184981809, -4.5409582450718527e-05, -0.0055317696771522758, 
-0.0003150563766782535, 0.0070436563589134594, -0.012402777489073221, 
0.039099862232421692, -0.030187824379621586, -0.0024461493756028248, 
-0.0020355403060787459, 0.0023254948802108495, 8.2505428695982098e-05, 
-0.020432939891854612, 0.0025665509362559642, -0.0013825166495763414, 
-0.0048630960384489419, -0.0013729195911233512, 0.00031652158577373616, 
0.0080345331986088168, -0.0027869180253066446, 0.01076122683570571, 
-0.0011172772643002617, 0.023466551602542941, 0.0023778347462011023, 
0.0011743923307625565, -0.0041747580307048004, -0.0046582132179855294, 
0.00073194235453802401, -0.0016652604739898413, 0.0020477154542395191, 
0.038024568512207264, 0.021531993130587995, -0.0019001286311206408, 
-0.0028677965956109244, 0.0029574873942286787, -0.0021044375094617135, 
0.021792381761714236, 0.011363364870891028, -0.00014955066770476111, 
-0.0010494770170671958, -0.00056153873419292606, 0.0045349710508470606, 
-0.0027869180253066441, 0.013581135069078565, 0.009050101254214394, 
0.013017204143321337, 0.0035684451956732553, 0.0062182719950880068, 
0.00067825597442754289, 0.00027014182146060364, -0.0020661703732741642, 
-0.0026590525875959631, -0.0053455523123739895, -0.0031455120928487773, 
-0.015052030134663183, 0.014365702043611348, 0.001901038966720308, 
0.00072791556631586864, 0.00031589543085024162, -0.0026605477826878708, 
-0.16791755869220878, -0.14053313526364025, -0.020220005414831224, 
0.053395394520905887, -0.053561140535675018, 0.010704609034875103, 
0.010761226835705708, 0.0090501012542143922, -0.24085051003898328, 
-0.12298193127567235, -0.24114436033547537, 0.031142340089659489, 
0.0068205921783438435, 0.019018729889468882, -0.012519599695629047, 
0.035471650490748685, 0.0095532039389175424, 0.018145221952342715, 
0.0094171565587787172, -0.041786290820741478, 0.0033295549159304307, 
0.0034061874979673863, -0.0026331681335273506, 0.010961730342452613, 
-0.086000983702934311, -0.09731936148042622, 0.0023376534071624278, 
0.011694946627077724, -0.041000043211839879, 0.0017237327954685714, 
-0.0011172772643002614, 0.013017204143321337, -0.12298193127567233, 
0.032325836070855353, -0.13234918284468478, 0.0062176147498662392, 
-0.00068366062504316382, 0.0012259750424818984, 0.0073842397214553372, 
-0.00036077155353396884, 0.0013770974496269052, 0.0045121336987131574, 
-0.052599624238117808, 0.011117335301065422, -0.0007947933684307614, 
0.0036734265691618717, 0.0066548466374783677, 0.0095672486729565919, 
-0.21079364881421545, -0.10246459612986027, 0.010356577747042538, 
0.073884300423048499, -0.044323444912046352, 0.029668839177604243, 
0.023466551602542941, 0.0035684451956732553, -0.24114436033547537, 
-0.13234918284468478, -0.26532163545558329, 0.008706214604977015, 
-0.0092796046354498337, -0.0032299423201947427, 0.00088030798281978485, 
0.013295258818954098, -0.0049608135647696812, 0.0046456860602743988, 
-0.026650153527528173, 0.071131177345270025, -0.017006159802384582, 
0.00034989089304805521, -0.0044968137501349469, 0.018613514651982448, 
-0.028931357667803973, 0.01076414082947289, 0.0030437874287357184, 
0.01136324669990839, -0.014875797417960281, 0.011710798323509151, 
0.0023778347462011023, 0.006218271995088006, 0.031142340089659489, 
0.0062176147498662392, 0.008706214604977015, 0.013189680066331576, 
0.00028421529839885786, 0.0026081878235796078, 0.0014690369467812824, 
0.010739735876504359, 0.0086713321356465707, 0.0094025659260422445, 
0.032899708986201752, -0.0017075499493711143, 0.012968028788705115, 
0.01345723619348793, 0.01191116596060289, 0.0085236254855349091, 
-0.011556398203638539, 0.0012165590337348043, -0.0054176723539494792, 
0.0024527909131272754, 0.0042791574603069241, 0.0033888817184981809, 
0.0011743923307625565, 0.00067825597442754289, 0.0068205921783438435, 
-0.00068366062504316382, -0.0092796046354498337, 0.00028421529839885786, 
0.0071826495692558293, 0.0073332771578150753, 0.0016232191212994199, 
0.0023092850519959855, 0.0011341970839136065, 0.0019600713768894999, 
0.029465267344070005, -0.024907170514129096, 0.01021362600902829, 
0.004455922083141892, -0.002527487530833936, 0.0024106537758550603, 
-0.0056479626420476801, 0.00039341323633698954, -0.0054113778854971871, 
-0.0010403549978251483, 0.0079413557376895993, -4.5409582450718527e-05, 
-0.0041747580307048004, 0.00027014182146060364, 0.019018729889468886, 
0.0012259750424818987, -0.0032299423201947427, 0.0026081878235796078, 
0.0073332771578150753, 0.0072514363681300386, -0.00014567889891672439, 
0.00075881549746120909, -0.00099462294635281894, 3.140311216233092e-05, 
-0.006299952980363452, 0.0045827856731496331, 0.0090213985019581971, 
0.004037185161397173, -0.0037385865124757579, 0.0028377382982197395, 
0.012126064914796019, 0.0084045765723512033, 0.001595583467383196, 
-0.004222110529273633, -0.0019892808754254504, -0.0055317696771522767, 
