structure(c(-0.13792578938555841, -0.12691495904762592, 0.003362549268877634, 
0.059010487034983058, -0.013666696389572713, 0.03895769245133468, 
0.011209766175267, 0.016326944735355536, -0.073271550070567265, 
-0.031913007178417122, -0.1794512905580434, -0.0058620125082527695, 
-0.0022067013241657183, 0.00082517129619140049, 0.0022965006985628924, 
0.007036608773665339, 0.002992600933757359, 0.026751057559703681, 
-0.21267865600315736, -0.070250250105409376, 0.00023690451928768915, 
0.0042986789135401136, 0.022075570984461352, 0.0021518001766259436, 
-0.12691495904762592, -0.11796337354489329, -0.027270319781982907, 
0.028311703086223886, -0.023142678711548337, 0.03480714172066917, 
-0.002631774381755379, 0.0015111568105796653, -0.073652119168783545, 
-0.054687237417669933, -0.1475060482642066, 0.0032940869591258819, 
0.0058674341057952818, 0.0038543642153439227, 0.004530182207666671, 
-0.0046653033907924791, -0.013436845848667877, 0.0076403062562332225, 
-0.046678380731818805, 0.062728394693951903, 0.020546992006140401, 
-0.0058089144060313406, 0.0033344188747221081, -0.0033574304974490401, 
0.0033625492688776344, -0.02727031978198291, 0.016291647661322642, 
-0.013484389255726611, 0.0052497487594191095, 0.00084498785383875746, 
-0.00022102694467250088, -0.0061577004602352556, -0.0049488099611881943, 
0.019094366340075754, 0.01379165831538022, 0.0018084799166827965, 
0.0020173777061671936, -0.0057578348980980376, -0.00080094599917059799, 
-0.0016469784414905226, -0.001878165194062196, -0.0085059942159326669, 
-0.027522383289030547, -0.020693551958909834, -0.006498537380316952, 
-0.0072081994689274656, 0.0032740917574382799, -0.0015771120800230336, 
0.059010487034983058, 0.028311703086223886, -0.013484389255726611, 
-0.0020173387625991163, 0.017694253619274774, -0.0089946342440929868, 
-0.0014561893048192763, 0.0011605421862505413, 0.031848482200306769, 
0.01579336523053573, 0.042988191422962278, 0.0037821296824845259, 
0.00301278174139674, 0.0061624721208805577, 0.0024324138104059971, 
0.0073824374059571554, -0.0007523793637380455, 7.7283646735790639e-05, 
-0.00098738142481505625, 0.03261709378382447, 0.0055113861607083365, 
0.00087063882717100028, -0.0057681588935611138, 0.0065100518022491458, 
-0.013666696389572713, -0.023142678711548334, 0.0052497487594191095, 
0.017694253619274774, 0.020324241482876624, 0.011787804304189083, 
0.024876323031463182, 0.0011735044475535657, -0.054254901189349385, 
0.0077492294596810023, -0.041532684742073507, 0.00027279638830160935, 
0.0012766831035328076, 0.0014832326751168944, -0.00029109178501890692, 
-0.00084795720909628704, 0.0080881177545876794, -0.0084680268186060632, 
-0.00046647651316930486, -0.016456738378953263, 0.0049312839766030856, 
0.0064226399343754181, 0.0098100523577893464, 0.010484300481792441, 
0.03895769245133468, 0.03480714172066917, 0.00084498785383875746, 
-0.0089946342440929868, 0.011787804304189083, -0.0081392165971714038, 
-0.010177407941854811, -0.00034018235965117588, 0.022676974181109151, 
-0.0053408214784125951, 0.041663039276462352, -0.0092982665297731207, 
-0.0017694964190227039, -0.0027268391984824809, -0.0049867579958063415, 
-0.0071211260401702441, 0.0016674854581465923, -0.00074433485092027774, 
-0.033835167529188602, 0.037927880464650149, 0.0027339873928624251, 
-0.00271306764006301, -0.00881678645029489, 0.0029674711785339252, 
0.011209766175267002, -0.0026317743817553794, -0.00022102694467250088, 
-0.0014561893048192763, 0.024876323031463178, -0.010177407941854809, 
0.0087219564599961327, -0.00065908642529533229, -0.0088735527227846635, 
-0.012950623369155022, -0.0013810388445779709, -0.003849585613334849, 
0.001037779761853501, -0.0026603404753351395, 0.0033613786622459351, 
-0.0064526313993759875, -0.00089378898643592466, -0.0075222040583868277, 
-0.021764588536779081, 0.017372243404079606, 0.0046364290933179021, 
0.0024597871869858675, 0.0028633510235624121, 0.0092032649527051275, 
0.016326944735355536, 0.0015111568105796651, -0.0061577004602352556, 
0.0011605421862505413, 0.0011735044475535659, -0.00034018235965117588, 
-0.00065908642529533229, 0.0025003965600380726, 0.0093635223362349088, 
0.012592526200104629, 0.0081998737601362941, -0.0092043880034742634, 
-0.0072710464899644438, -0.0036824922082821033, 0.00088646391377136835, 
0.0020538727346313922, 0.0083160512926195081, 0.00066017001538448141, 
-0.033245961719005672, 0.008278866565185861, 0.00049492245349189005, 
0.0018977502265474333, 0.0044888307152972989, 0.0062444346299638303, 
-0.073271550070567279, -0.073652119168783545, -0.0049488099611881952, 
0.031848482200306769, -0.054254901189349378, 0.022676974181109151, 
-0.0088735527227846635, 0.0093635223362349088, -0.099796606064420729, 
-0.06315212736888498, -0.17630415558015047, -0.015340431998348711, 
0.0044950348879880071, 0.0070979914117406005, 0.01150279203828777, 
-0.011565836138965609, 0.0070738403731712314, -0.012003663696506534, 
0.015593483246855028, 0.018484588557383559, 0.0051794082906426453, 
0.0054645373401306652, -0.0040711397450641186, 0.0028570427407858113, 
-0.031913007178417115, -0.05468723741766994, 0.019094366340075754, 
0.01579336523053573, 0.0077492294596810032, -0.0053408214784125942, 
-0.012950623369155022, 0.012592526200104629, -0.06315212736888498, 
-0.024056250667756868, -0.09500803269923111, 0.013038490779570349, 
0.0046257478439698007, -0.0040643967173566, -0.0067918046630215277, 
-0.0061067394006915259, -0.013486600268258453, 0.01425241348187526, 
-0.037986020850451045, 0.0094588727615668809, -0.012980555266859733, 
0.0029573202846210423, 0.0017394045014317353, 0.0037347168719806707, 
-0.1794512905580434, -0.1475060482642066, 0.01379165831538022, 
0.042988191422962278, -0.0415326847420735, 0.041663039276462352, 
-0.0013810388445779709, 0.0081998737601362941, -0.17630415558015047, 
-0.09500803269923111, -0.17521500462110107, -0.012977424163141392, 
-0.00083415618447503222, 0.011912742196307976, 0.016400898515049972, 
-0.015524136238218475, 0.0095322196441760109, -0.025675286159218359, 
-0.18081872382882014, 0.020095781613100796, 0.014788699411603748, 
-0.0015983947540580442, 0.02950627094924025, 0.0066485383635582467, 
-0.0058620125082527695, 0.0032940869591258823, 0.0018084799166827967, 
0.0037821296824845259, 0.00027279638830160935, -0.0092982665297731189, 
-0.003849585613334849, -0.0092043880034742651, -0.015340431998348709, 
0.013038490779570349, -0.012977424163141391, -0.021698642647418342, 
0.0045811279055659165, 0.0044969140723766779, 0.0017164103211849181, 
0.0041793476373507363, 0.010231090637192117, 0.010855180260543393, 
0.057316209937114254, 0.085739069656634595, 0.0044513190849518776, 
0.0088040782765712172, 0.0015923363852961194, 0.0061050545864941921, 
-0.0022067013241657187, 0.0058674341057952818, 0.0020173777061671936, 
0.00301278174139674, 0.0012766831035328076, -0.0017694964190227039, 
0.0010377797618535013, -0.0072710464899644446, 0.0044950348879880062, 
0.0046257478439698015, -0.00083415618447503222, 0.0045811279055659165, 
0.0057756851294792043, 0.0030800435912781299, -0.0011693074576296452, 
-0.0026905556815640689, -0.0015530243816217317, 0.0035707345652080755, 
-0.037625213052321145, -0.0062902045596012115, -0.001988822241567394, 
-0.00021719134152859473, 0.0061466282547368882, 0.0027878241652200238, 
0.00082517129619140049, 0.0038543642153439227, -0.0057578348980980376, 
0.0061624721208805569, 0.0014832326751168944, -0.0027268391984824805, 
-0.0026603404753351399, -0.0036824922082821037, 0.0070979914117406014, 
-0.0040643967173566008, 0.011912742196307976, 0.0044969140723766779, 
0.0030800435912781299, 0.0010565035047859549, 0.00080241403750749081, 
-0.0014655299726488724, -0.0011219533799993304, 0.0028635221410007634, 
-0.035444447119709226, -0.0014264548004614243, -0.0021990219763598317, 
-7.1337009846924218e-05, 0.0015680918139670283, 0.0027465870490619121, 
0.0022965006985628924, 0.004530182207666671, -0.00080094599917059789, 
0.0024324138104059971, -0.00029109178501890692, -0.0049867579958063415, 
