structure(c(-0.20480185706319945, -0.19534644405059759, -0.002993023104764183, 
0.084779808687649671, -0.040769674717593747, 0.050585915286219134, 
-0.018653938519613143, 0.027099215835619458, -0.24950691738942621, 
-0.10450807848253797, -0.22069214639206591, -0.00075686812408630032, 
-0.011652539592488744, -0.014284195488019456, -0.0074342788264108632, 
-0.0021367699469210201, -3.9330273909055029e-05, -0.015127028934941824, 
-0.17587236010236706, 0.0091096834685167674, -0.034667701655207862, 
-0.0070000259990446699, -0.0037048032126409977, -0.0021694919369447513, 
-0.19534644405059762, -0.067924532684490405, -0.0016262185839382433, 
0.061161808603656456, -0.021846037849636887, 0.045044167735739625, 
-0.0097259493949453761, -0.0091947271703467191, -0.18127081452833416, 
-0.083278072315506921, -0.19002534682889213, -0.023154191596446209, 
-0.016104245173136886, -0.0053636538694095534, -0.001971387696223432, 
0.013453197216375282, 0.0019676306250576421, 0.0015648645637520941, 
0.028182220197084253, 0.059616033873582393, -0.0090591592697092417, 
-0.0072859992447881798, 0.02323753487400235, -0.0014446590154531867, 
-0.0029930231047641826, -0.0016262185839382433, 0.01909069732634416, 
-0.0038241591155262901, -0.0052513270964485671, -0.0040400269594439257, 
0.0064210847543754003, -0.0065300877400694818, 0.011993821769155354, 
-0.0023760373697591453, -0.0098993999897203193, -0.0064511469792168635, 
0.0043582742016327475, 0.0014601805532458347, 0.0077793353462137721, 
-0.013180733034941286, -0.0052513293693491571, -0.0084620164962348737, 
-0.014578526997780348, 0.032412718482148509, -0.0034374617715806611, 
0.00030863365484632159, -0.0071934952201219912, -0.0059199054224797253, 
0.084779808687649685, 0.061161808603656449, -0.0038241591155262901, 
0.00019474970470100065, 0.027255459661711629, 0.0055149994574634756, 
-0.0053944523858254238, 0.012890412707359853, 0.047228093139564303, 
0.033796459733881942, 0.083447928254043249, 0.015919571645036726, 
-0.010966059425825072, -0.0040446053977406292, 0.0019854733746732236, 
0.0055057198164272974, 0.01479568286089517, 0.0016378967403339543, 
-0.047408355888988687, 0.0080183576262471811, 0.0070312285253865559, 
0.00095429183252583876, 0.013231087517404483, -0.0024082760917785257, 
-0.04076967471759374, -0.021846037849636891, -0.0052513270964485671, 
0.027255459661711629, 0.011923338747303456, -0.010453575935204615, 
0.01029594327601486, -0.0098532344669184924, -0.08153545232117819, 
-0.026023553387058768, -0.037484453934796838, -0.0093178752748478543, 
0.00022226570745102726, 0.0064382555921917118, 0.0070013975967803616, 
0.01319968123725271, 0.0051218794476722987, 0.00057327216199021779, 
0.023172078623348438, -0.064040696656940621, -0.00090454016838268801, 
-0.0023200791650368397, -0.0044818848634155424, -0.00059247437323064231, 
0.050585915286219134, 0.045044167735739618, -0.0040400269594439257, 
0.0055149994574634756, -0.010453575935204617, 0.0068249892156458493, 
-0.00039217441268864461, -0.0020180633308161549, 0.048337862302177258, 
0.0070444955780516365, 0.028849113343267969, 0.0015672414755064249, 
-0.0044524967801636605, -0.0030094120782017853, -0.004628977982715392, 
0.0049755188010268316, 0.0059270110220341239, 0.00013929688809517248, 
-0.072190954510550132, 0.02902725869269817, 0.0040728669194047768, 
0.0046539751723243669, 0.0063349112355482254, -0.0062095384470182017, 
-0.018653938519613143, -0.0097259493949453761, 0.0064210847543754003, 
-0.0053944523858254247, 0.01029594327601486, -0.00039217441268864461, 
0.0010536111923445928, 0.005695417952588263, -0.0073305050606861134, 
-0.0014547814373670977, 0.0079005692540022286, -0.0032118399419290081, 
-0.0043465433155731306, -0.0043950873803556703, 0.0080260059331590076, 
-0.0036436196580547507, -0.012706254120079264, -0.011143422785375031, 
-0.056094332406674129, 0.011657031487900031, 0.0017275949299097846, 
-0.006265336887264235, 0.0021241876246741735, 0.00086797425211194176, 
0.027099215835619458, -0.0091947271703467191, -0.0065300877400694809, 
0.012890412707359853, -0.0098532344669184906, -0.0020180633308161553, 
0.005695417952588263, 0.010679542460677444, -0.0056081051883667818, 
0.010705847678810365, 0.00228234832633409, 0.0035178979069014297, 
0.0024229653704970593, 0.00064779125328578481, -0.0049859964199604487, 
0.0087377530737863494, -0.0018435113965737586, -0.0033167955978194922, 
0.0040994555770862808, -0.030330903167913387, 0.00086007325602984071, 
0.0040888669260933106, -0.0070807424694197263, -0.002339213771980154, 
-0.24950691738942621, -0.18127081452833416, 0.011993821769155352, 
0.047228093139564296, -0.08153545232117819, 0.048337862302177258, 
-0.0073305050606861143, -0.0056081051883667818, -0.181581180894857, 
-0.088610794912065471, -0.18220119378161825, -0.038905651206500289, 
0.0072452399915267076, 0.008043991065404545, 0.015019969681853136, 
0.0034524882512900141, 0.015087365818987234, -0.024387810422676123, 
-0.12104060643911907, 0.011993640144529314, 0.0024870971040820327, 
0.0051274009856347698, -0.0013836945196460902, -0.011899848792305686, 
-0.10450807848253797, -0.083278072315506935, -0.0023760373697591453, 
0.033796459733881935, -0.026023553387058765, 0.0070444955780516374, 
-0.0014547814373670979, 0.010705847678810367, -0.088610794912065485, 
0.0036542854953843774, -0.10828307108479086, 0.0084789124031255693, 
-0.00035335261034586383, 0.012544672313648312, 0.0046370946424227561, 
0.0073315438152001308, 0.0047263503655614507, -0.008540506556224816, 
-0.041356488965593068, -0.038070143055453816, 0.0059278130400179062, 
0.027570018475384424, 0.0094831783022645937, 0.015009923223745097, 
-0.22069214639206589, -0.19002534682889213, -0.009899399989720321, 
0.083447928254043263, -0.037484453934796838, 0.028849113343267969, 
0.0079005692540022286, 0.0022823483263340904, -0.18220119378161828, 
-0.10828307108479088, -0.19306231803004406, -0.022562208204013456, 
0.0016665428181485272, 0.003189183218321746, 0.005746191806655916, 
-0.013551485694943799, -0.0041179382144065505, -0.012740256265396207, 
0.050694809037384408, 0.055810624359820218, 0.0088346215609453188, 
0.0065193468299135178, -0.0029258464735775857, -0.010887282649728268, 
-0.00075686812408630032, -0.023154191596446209, -0.0064511469792168635, 
0.015919571645036726, -0.0093178752748478543, 0.0015672414755064249, 
-0.0032118399419290081, 0.0035178979069014297, -0.038905651206500289, 
0.0084789124031255676, -0.022562208204013456, 0.0051716102806084793, 
0.0011192347437263901, 0.006183078581158157, 0.0085104752614992788, 
0.0062907531619808329, 0.0010327591200408309, 0.0074613740613230905, 
-0.029100374355158505, 0.03773706266021172, 0.015164198400055217, 
0.014435330143602897, 0.0040804648993466126, 0.003181186379928173, 
-0.011652539592488742, -0.01610424517313689, 0.0043582742016327466, 
-0.010966059425825072, 0.00022226570745102726, -0.0044524967801636605, 
-0.0043465433155731306, 0.0024229653704970588, 0.0072452399915267076, 
-0.00035335261034586383, 0.0016665428181485275, 0.0011192347437263901, 
0.0041278850676538846, 0.0044165178153435427, 0.002446541710275875, 
0.00091741556975610675, 0.0020091458028692884, 0.0021595006165717788, 
-0.0039825656436981429, -0.017754104679375202, -0.0050879823032271929, 
0.0032722606079891867, 0.0035164407451820962, 0.00038339799555321084, 
-0.014284195488019456, -0.0053636538694095534, 0.0014601805532458347, 
-0.0040446053977406292, 0.006438255592191711, -0.0030094120782017853, 
-0.0043950873803556712, 0.00064779125328578481, 0.008043991065404545, 
0.012544672313648312, 0.003189183218321746, 0.0061830785811581579, 
0.0044165178153435427, 0.0071334339982897397, 0.0015452900252694705, 
-0.0010667494249505369, -0.0019099714305809647, 0.0074541204164397168, 
0.032004467707583514, -0.021800126039156233, -0.0044203405513118001, 
0.0061664635981250292, 0.0012430635086415364, 0.0026606999212874446, 
-0.0074342788264108632, -0.001971387696223432, 0.0077793353462137721, 
0.0019854733746732236, 0.0070013975967803625, -0.004628977982715392, 
