structure(c(-0.2429526868873304, -0.11989192672097869, -0.00027950464685099451, 
0.087515895324278323, -0.064082774838673792, 0.02920594444703006, 
0.0055251374577864002, 0.029814575109328043, -0.22722623330315903, 
-0.10843199187095479, -0.20702010056661457, -0.03213935133736541, 
-0.00614517223028818, 0.0061018627138509128, 0.0031381880052640597, 
-0.011412594623192714, -0.00019877989165935665, 0.023734162858469306, 
0.076511528792752248, -0.13982605026148648, -0.00033537255535651887, 
0.037464078233917043, 0.019983804344163449, 0.015969641064430568, 
-0.11989192672097869, -0.061338830001598427, 0.020403116460141996, 
0.026749236368347654, -0.066266400795976427, 0.026789877839671, 
0.0023751666435994942, 0.01539329000635989, -0.12530965365613603, 
-0.10355932137587005, -0.15326051586766534, -0.0073772583721843808, 
-0.0034210281720375513, 0.0034935850677726855, -0.00047238923223484353, 
0.0048569081104742479, 0.0054229540396219739, 0.01420469361217558, 
0.079080373027993145, -0.10400816982975476, -0.00018100290145041731, 
0.0026487956070588665, 0.0028232874748449982, 0.0022165640761249799, 
-0.00027950464685099451, 0.020403116460141993, 0.0096312132001771938, 
-0.0020625917454086787, -0.0054175312564945658, 0.010267532729139345, 
-0.010068276247746777, 0.00087739992033588124, -0.024884575622239714, 
-0.0098853752995420145, -0.0008391826151678927, 0.0045022962164931865, 
-0.0035949821187466332, 0.0015020291233976135, 0.001652101699471484, 
0.0047159995493247049, 0.011813100982103759, 0.0062093725835553381, 
-0.0089839534654536542, 0.0032480647537577434, 0.0061216986484490333, 
0.0072056507136227617, 0.016897133469478291, -0.00039506563619837848, 
0.087515895324278323, 0.026749236368347657, -0.0020625917454086787, 
0.0012721184122536091, 0.021391814522008865, -0.015252515539758241, 
-0.0015579968176323063, 0.010947689991154048, 0.066116150956227832, 
0.021012785947962895, 0.044175009667991927, -0.0039313381604390461, 
-0.0038513292262803808, -0.00048937063087164392, 0.0031520867212753044, 
-0.0014571242746123107, 0.0047736913094552878, -0.0051423286167384154, 
0.016102891988563094, -0.068273866186307902, -0.013293489641256269, 
0.0046821431253931825, -0.0072714054395755234, -0.00077391220596242504, 
-0.064082774838673792, -0.066266400795976427, -0.0054175312564945658, 
0.021391814522008862, -0.012767203929073989, 0.005995359410603562, 
0.0043826614296831609, -0.0078561309073634407, -0.075639114469326141, 
-0.0072080158258112448, -0.092199962547255432, 0.0030753533243460646, 
0.0040156509380834962, 0.0050853782062243672, 0.0052984077600223452, 
-0.0016461248660632455, 0.02095026757190592, -0.013940457896819596, 
0.0027430156605413479, 0.068543650166891804, -0.0035698976615630941, 
-0.0015838287894210312, 0.0077992119863700572, 0.0062429238324119597, 
0.02920594444703006, 0.026789877839671, 0.010267532729139344, 
-0.015252515539758241, 0.0059953594106035612, -0.0035208081640471542, 
-0.015187571804663919, -0.007719287614327908, 0.0094391601521954128, 
-0.00017073097415158426, 0.043392260328971845, -0.015516012232242714, 
0.00031964155653161459, -0.00041770717247506577, -0.0090968900551211349, 
-0.0016943436640766802, -0.0012031237581202603, -0.00075105209178921663, 
0.03137162823592176, -0.031229073385656971, -0.0096431623678194973, 
7.1183979245516136e-05, -0.0041454212023241494, -0.0069876191889608388, 
0.0055251374577864002, 0.0023751666435994942, -0.010068276247746777, 
-0.0015579968176323066, 0.0043826614296831609, -0.015187571804663919, 
0.025340385403876578, 0.00014461194706294998, 0.025963504022339025, 
0.0029368148431848954, -0.010218914229417895, 0.00023580233276713141, 
0.0017316597301905105, -0.0010646414974340849, 0.0040889327372179464, 
-0.0027137999193694541, 0.008558296758083386, 0.001002395053757293, 
-0.026963959969848978, -0.032897155488908439, 0.0024387080738682305, 
-0.0015455472804814694, 0.0074002285639435637, 0.0013675307364736662, 
0.029814575109328046, 0.015393290006359889, 0.00087739992033588124, 
0.010947689991154048, -0.0078561309073634424, -0.0077192876143279089, 
0.00014461194706294998, 0.012226523611213803, -0.015754328950176547, 
0.0035100809727490654, 0.0097029112871991393, 0.0015522347153061843, 
0.0028579673448059901, 0.0070709214693911414, 0.0021033573455336955, 
0.00098793729529330796, 0.0022614960873694203, -0.0032969146520448181, 
-0.0035044555052788132, -0.011839879257665034, 0.0012665037144755256, 
0.00051838011306409848, -0.0014557838314296649, 0.004854336480767202, 
-0.22722623330315905, -0.125309653656136, -0.02488457562223971, 
0.066116150956227845, -0.075639114469326141, 0.0094391601521954128, 
0.025963504022339025, -0.015754328950176543, -0.20704483694548223, 
-0.10468806445618477, -0.22301405971911775, 0.0080823408806909754, 
-0.0035742165359446917, -0.0034226258721433145, -0.013268488724645967, 
0.0046688162563031333, 0.019910876917608695, -0.0073832382299847824, 
-0.034195245959636508, -0.045354417153115091, -0.0045014185807013864, 
0.020542319315840288, -0.016225646752483405, 0.0017354730082708469, 
-0.10843199187095479, -0.10355932137587005, -0.0098853752995420128, 
0.021012785947962895, -0.0072080158258112448, -0.00017073097415158426, 
0.002936814843184895, 0.0035100809727490654, -0.10468806445618477, 
-0.031377873833437687, -0.13822236057652307, 0.0072458382417365588, 
-0.00081797046466482387, 0.0019980565037100782, -0.0004516749082134651, 
-0.0072201786723649049, 0.0083668875893641373, 0.00020537216349499865, 
0.022674241822921729, 0.02888764255000938, -0.0082372535401533751, 
-0.0092876761733841611, -0.0050192903423039639, -0.0089586532107516562, 
-0.20702010056661457, -0.15326051586766531, -0.0008391826151678927, 
0.044175009667991927, -0.092199962547255446, 0.043392260328971838, 
-0.010218914229417893, 0.009702911287199141, -0.22301405971911772, 
-0.13822236057652307, -0.2504442434048228, -0.0051517623974066118, 
0.011909755839656314, 0.01376423828815786, 0.014223610532399365, 
0.0011576374939020265, 0.013240362256697032, 0.0046064959905037376, 
-0.11462548267277757, 0.052213240156903561, 0.016435847364733244, 
-0.0047001628910683059, 0.013364154385456078, 0.0060526211251131874, 
-0.03213935133736541, -0.0073772583721843808, 0.0045022962164931873, 
-0.0039313381604390461, 0.0030753533243460646, -0.015516012232242712, 
0.00023580233276713139, 0.0015522347153061843, 0.0080823408806909754, 
0.0072458382417365588, -0.0051517623974066118, -0.0018773898852799263, 
0.00381731231334532, -0.0022757701729237867, -0.0024094673973251235, 
0.0022413526995327775, 0.0024654276794649748, -0.017147734737425802, 
-0.046585701398077918, 0.04433649510296489, 0.0023716069183366177, 
0.0029721290758653179, -0.011733289163087423, -0.0046003049856684743, 
-0.00614517223028818, -0.0034210281720375517, -0.0035949821187466332, 
-0.0038513292262803813, 0.0040156509380834962, 0.00031964155653161459, 
0.0017316597301905105, 0.0028579673448059901, -0.0035742165359446913, 
-0.00081797046466482387, 0.011909755839656316, 0.00381731231334532, 
0.008184937686114481, 0.0074064256444930799, 0.0054960785547985263, 
0.0029705875645788119, 0.0019697409222325197, 0.0018432277340645732, 
-0.030061164216196593, 0.006599047005203789, 0.0072437083767496174, 
0.0019535136231335418, 0.0018071822784818032, 0.0019941744771222194, 
0.0061018627138509137, 0.0034935850677726855, 0.0015020291233976135, 
-0.00048937063087164392, 0.0050853782062243672, -0.00041770717247506582, 
-0.0010646414974340849, 0.0070709214693911414, -0.0034226258721433141, 
0.0019980565037100782, 0.01376423828815786, -0.0022757701729237867, 
0.0074064256444930799, 0.0095011940924202374, 0.002100056676259916, 
0.0048905524142409751, 0.0040696221285562691, 0.0041036636860307613, 
-0.0071510034958223454, 0.017020753518727338, 0.004642965508534571, 
0.0021691555441169319, 0.00074969167022603117, 0.0040571322423390557, 
0.0031381880052640601, -0.00047238923223484353, 0.0016521016994714838, 
0.0031520867212753044, 0.0052984077600223452, -0.0090968900551211349, 
