structure(c(-0.10856087714271674, -0.08829400272247033, -0.010756989705537101, 
0.051094066710594799, -0.057414641134785949, 0.035505275681940437, 
-0.0034190323322328521, 0.043065760526196997, -0.024777335372187875, 
-0.074109902522395063, -0.060418508975892432, -0.017927990878935506, 
0.0019554385243159417, 0.0089935479255890127, 0.020582626125425676, 
-0.01562917870156141, 0.017850520464636907, -0.018983482309107225, 
0.025549301495821717, 0.072467684181405576, 0.0018470519711517982, 
0.0066160208310147468, 0.026367495118020993, 0.0031363537948930101, 
-0.088294002722470316, 0.0012115829050540316, 0.0010487208197348713, 
0.027093044114430698, -0.040733207289387091, 0.034508922038695211, 
-0.00080466523632185811, -0.0038921801674578088, -0.033819644334222555, 
-0.04077161563549541, -0.031010477348299065, -0.0031579831949135138, 
0.0013602015834979838, 0.0090674467624403485, -0.0016827204458403915, 
0.0027491901590245157, -0.01039881428081731, 0.018493641520374794, 
-0.090613777543458507, 0.073411682359447436, -0.015126647095556143, 
-0.0016956385349837406, 0.00026486301418215496, -0.0056064300864099425, 
-0.010756989705537101, 0.0010487208197348713, 0.0094729094510123246, 
0.0084188032163357227, -0.0060768083009761107, -0.00043428952403718027, 
0.0057739256792765587, 0.0053094653866843835, -0.0078744029747411046, 
-0.0055824084108477652, 0.02489867909184789, -0.00055686853694812666, 
-0.0019606593986668066, -0.00063268423978594262, -0.004569500168001497, 
0.0086806957891419987, 0.0073111817077449025, 0.0081192798999772577, 
-0.0097808150905971669, -0.011909633425594294, -0.0005996441741134077, 
0.00060175483119759407, 0.0042912646347724927, -0.0056138649289614864, 
0.051094066710594799, 0.027093044114430694, 0.0084188032163357227, 
-0.022223430251960507, 0.012322543893457815, -0.0057381048777868978, 
-0.0092374049563032669, -0.0047049515579011738, 0.01397108273455611, 
-0.0016027547793545848, 0.021917638803401217, -0.0091639192540066885, 
-0.00037252232437744382, 0.0024212783311455075, 0.0036526820752652337, 
-0.0089421166147957611, -0.0033771578955200539, -0.0034901316420455496, 
0.010180228475201215, 0.020563815168723489, -0.0026287940415169386, 
0.00022890704752425765, 0.0034579556251489721, 0.0087607923576730647, 
-0.057414641134785942, -0.040733207289387091, -0.0060768083009761107, 
0.012322543893457813, -0.016730898256172504, -0.0045595572267374982, 
-0.013516385594432103, -0.016874133250920846, -0.034395377193483047, 
-0.027639515495008281, -0.03544447936604659, 0.0094995064175566225, 
-0.0075895961631267097, -0.004130733119602983, 0.0049651181135717442, 
0.0088224263544618622, 0.011364766429814533, -0.002596200685335595, 
-0.041967442509961574, 0.0063012145840815716, -0.00015459198331192441, 
0.0089133467604808198, 0.010898567339712437, 0.0096931833041171579, 
0.035505275681940431, 0.034508922038695211, -0.00043428952403718027, 
-0.0057381048777868987, -0.0045595572267374982, 0.019699988009976837, 
-0.0053991750325133306, 0.0050705600625103632, 0.015467401921781384, 
-0.0075820760159399508, 0.03623305382734561, -0.0030645704709050718, 
0.0051496174294984884, 0.0053559699432818263, -0.0094506251619903697, 
0.0022567741839355578, 0.0032820932390609223, -0.0052900139095251207, 
-0.0015065141559117217, -0.0097725144561528997, 0.0013726027806687121, 
-0.001184497424821048, 0.0032934936157077311, 0.0037254851344576869, 
-0.0034190323322328521, -0.00080466523632185811, 0.0057739256792765578, 
-0.0092374049563032651, -0.013516385594432105, -0.0053991750325133306, 
0.001164253369354299, -0.0069528841683779083, -0.0039173162974671964, 
-0.010592661028132434, 0.00039007487881803572, -0.0085601818701662152, 
0.0022779398071466062, 0.0019499712158167603, 0.0026014470817043241, 
-0.0042001706187975527, -0.0030526822265272797, -0.00088038591035503834, 
0.075954041781998563, -0.0010946459523583937, 0.0039583127116558352, 
-0.0036295015737456901, 0.0026175350838639451, -0.00010663193454328392, 
0.04306576052619699, -0.0038921801674578083, 0.0053094653866843826, 
-0.0047049515579011738, -0.016874133250920846, 0.0050705600625103632, 
-0.0069528841683779083, 0.0093673099353714755, 0.0011759363831818006, 
0.026700494497183033, 0.0032533316973692604, 0.0001679749173430383, 
0.0030387812255611261, 0.00470832624440066, 0.0048984802307269976, 
0.0054588994559732719, 0.0013744462105873614, -0.00011175615326940534, 
-0.056544439812236197, -0.031605623256524717, 0.0018122574030914793, 
0.0035673141164963211, -0.003603252020589707, 0.0026715864814434716, 
-0.024777335372187875, -0.033819644334222555, -0.0078744029747411046, 
0.013971082734556111, -0.034395377193483054, 0.015467401921781383, 
-0.0039173162974671955, 0.0011759363831818003, -0.1448113677480824, 
-0.059617606453497216, -0.093586621177526211, -0.0017185790863636446, 
0.010150123778673711, 0.0095738264990668318, -0.00071021654766296788, 
0.0080362525358948899, -0.0002564105880450766, -0.028908874568068767, 
-0.068502856719930602, 0.02353415313515397, 0.011382342669981817, 
-0.0049927588642197981, 0.00085981331046715021, 0.0036675184913730974, 
-0.074109902522395077, -0.04077161563549541, -0.0055824084108477652, 
-0.0016027547793545846, -0.027639515495008277, -0.00758207601593995, 
-0.010592661028132434, 0.026700494497183033, -0.059617606453497216, 
-0.031722843855683247, -0.094643475816085482, -0.0099239703178612068, 
0.0079376741028766001, -0.0012208818593140761, 0.0057857640046467176, 
-0.013355530757081856, 0.012822278798859192, -0.0025063404921987992, 
0.0089608202186194676, 0.046104347805659966, 0.0029254623728223171, 
0.0042015155590663222, 0.0030129156242162101, 0.012054354464245787, 
-0.060418508975892432, -0.031010477348299065, 0.02489867909184789, 
0.02191763880340122, -0.03544447936604659, 0.036233053827345603, 
0.00039007487881803572, 0.0032533316973692604, -0.093586621177526211, 
-0.094643475816085482, -0.10070782208547138, -0.016296769229853614, 
0.006736514239642776, 0.0051226629728866671, 0.00023518187011861618, 
0.0018298307745201017, -0.0067860821714589483, -0.0069638523927298785, 
-0.025039731013470814, 0.096905871045985068, -0.0055218806219150705, 
0.0046468843866622877, -0.0017092470239594491, 0.0047966421703942632, 
-0.017927990878935506, -0.0031579831949135133, -0.00055686853694812666, 
-0.0091639192540066885, 0.0094995064175566225, -0.0030645704709050714, 
-0.0085601818701662134, 0.00016797491734303832, -0.0017185790863636446, 
-0.0099239703178612068, -0.016296769229853614, -0.0049929197063871963, 
0.0027187847104660173, 0.0055248678729596127, -0.0035791645567062533, 
0.014337120972491723, 0.0060359214367880472, -0.0089529278194738458, 
0.0056798764658417978, 0.075250918955670182, 0.0078256001927975074, 
0.016142029666208937, 0.0071582410278401643, 0.0054383501745414488, 
0.0019554385243159417, 0.0013602015834979836, -0.0019606593986668066, 
-0.00037252232437744382, -0.0075895961631267106, 0.0051496174294984884, 
0.0022779398071466066, 0.0030387812255611257, 0.010150123778673711, 
0.0079376741028766001, 0.0067365142396427768, 0.0027187847104660173, 
0.0061586089456335579, 0.004732952674091742, 0.0042247183375994507, 
-0.00019685205023269129, 0.0018930916172254153, -0.00077873835429350649, 
-0.0025000071504723089, 0.021695676944623713, 0.001142928040657355, 
0.0053176065773940509, -0.0032886380624773726, 0.00072818270414266276, 
0.0089935479255890127, 0.0090674467624403503, -0.00063268423978594251, 
0.0024212783311455071, -0.004130733119602983, 0.0053559699432818254, 
0.0019499712158167605, 0.00470832624440066, 0.0095738264990668318, 
-0.0012208818593140761, 0.005122662972886668, 0.0055248678729596127, 
0.004732952674091742, 0.0020921271893362442, 0.0010739386675698848, 
-5.2781123207591653e-05, -0.0028423517379896758, -0.00095563099434916915, 
-0.0088423665743231419, 0.0226147558437685, -1.7325104284233139e-05, 
-3.5403738311025062e-05, -0.0077624370633136404, -0.0014513969203530869, 
0.020582626125425673, -0.0016827204458403915, -0.004569500168001497, 
