structure(c(-0.26183980832542347, -0.1885675123077773, -0.025840115181286129, 
0.085705133896426131, -0.083292730710075688, 0.033810026795306092, 
0.01855456799011768, -0.021424145468492698, -0.25900398372644862, 
-0.093203863301961412, -0.23682063897753511, -0.001626913845077869, 
0.0077360957951041441, 0.004778678202864579, 0.013284355565113716, 
-0.002374803307743807, -0.012715813978499073, -0.019344846152768578, 
-0.15440178089476736, 0.0021426319870231536, 0.02996189035503936, 
0.010100945639575715, 0.00055572409947284344, 0.0088814110024453153, 
-0.1885675123077773, -0.15906358756959191, -0.0078552756710669747, 
0.052531440617956865, -0.054434572176259105, 0.035636947059527219, 
-0.012991071845683438, -0.0070766569310670357, -0.14379273958344271, 
-0.083927194258860124, -0.14908371599882742, 0.00047573335037968555, 
0.0014151226982336703, 0.0043554400658362361, -0.0065641209203283098, 
0.0048268262735827001, -0.0039421978569556294, 0.011300017424767515, 
-0.079350114494922255, 0.068265216708103815, 0.026482275633604956, 
-0.0081206389777426415, 0.011381105078297624, -0.0024290655808976644, 
-0.025840115181286129, -0.0078552756710669747, 0.012365881719195093, 
-0.012905883986577235, 0.013783021176010133, -0.0087158779393049085, 
-0.0016815423808835552, -0.0039026503419920693, -0.011679347818635067, 
-0.023415476001432768, -0.018969510235285727, -0.00094829441524637691, 
-0.0035214869837925382, -0.0091966701556426712, 0.0029154722346898887, 
-0.021762579012447304, -0.013280380326732573, -0.0037818238428015388, 
-0.036342559293639526, 0.017455308797283714, 0.0011763983627467104, 
0.0031094478643423681, 0.0031465374184587841, 0.0017743797859460471, 
0.085705133896426131, 0.052531440617956865, -0.012905883986577235, 
-0.009055243379405593, 0.0062161344982522146, -0.0075872863544258129, 
-0.0017643089049619854, 0.0099305145546743096, 0.066956929861472864, 
0.028839167456108882, 0.093519823838289551, 0.009369183601729187, 
-0.00067602199397972097, 0.0030530203804070813, 0.001051733237807051, 
0.024680935933475031, 0.0089350142162347556, 0.0059269837491547472, 
-0.049409375785410971, -0.0015224554709268574, 0.0031695241026138262, 
-0.0034635569246893186, 0.007111359064799181, -0.006187245399839769, 
-0.083292730710075702, -0.054434572176259105, 0.013783021176010131, 
0.0062161344982522146, 0.00050422051454393924, 0.0087924693752186884, 
-0.0023203722993726762, 0.0051615351946896742, -0.07081280636677148, 
-0.030674245699353134, -0.049592277405478502, -0.012273835113956603, 
-0.0011197565462448421, -0.0053232826245587506, 0.01391748621203504, 
0.0036610876633419564, -0.00058275142191041194, -0.0081469633850452597, 
0.11694841169158941, -0.013395926148971898, 0.011340349364245557, 
0.004699641688200396, 0.01591963714387977, 0.01218578903963718, 
0.033810026795306092, 0.035636947059527226, -0.0087158779393049102, 
-0.0075872863544258129, 0.0087924693752186884, -0.0062785949836772241, 
-0.0072262758891834663, -0.0010195097358691491, 0.05657819786253393, 
0.028057153865060615, 0.044150844967484303, 0.0052820274850111527, 
0.0017502686717888955, 0.0046237206355437335, -0.009743151730419836, 
0.00097617279252086174, 0.0055151436985207266, 0.0062354243700613069, 
0.0061623871181812097, 0.025302891333054675, 0.0045101395296465972, 
-0.0063275399128142045, 0.00032769049136516947, 0.0046593394660908345, 
0.01855456799011768, -0.012991071845683438, -0.0016815423808835552, 
-0.0017643089049619854, -0.0023203722993726758, -0.0072262758891834672, 
-0.0045581519072101914, -0.00010142466406019078, -0.01470219041373259, 
0.01166838576211901, -0.012318488956985837, -0.0056874515378647905, 
-0.0014051810440109766, -0.0012593124083316756, 0.010758985367538297, 
0.0017253986275278673, 0.00087352767726900685, -0.0015269745422203643, 
0.037452496354140843, -0.013240040315295975, -0.00053262486725601146, 
0.00010184765344747442, 0.00054501962103551749, -0.0022927258569204129, 
-0.021424145468492698, -0.0070766569310670348, -0.0039026503419920693, 
0.0099305145546743079, 0.0051615351946896742, -0.0010195097358691489, 
-0.00010142466406019078, 0.0011720142104207465, 0.014189200843387607, 
0.012178421768479063, 0.0081835872193905292, -0.0020841014551360626, 
-0.002370689449164944, -0.001471541669349735, 0.0032835560621359205, 
0.00045288733569538058, 0.0068523835421040085, 0.0058536215505743342, 
-0.053566979268642137, 0.0085482460910936871, -0.0016147549368950684, 
0.0028025827191696467, 0.0093315431502586695, 0.0095912993710025578, 
-0.25900398372644862, -0.14379273958344269, -0.011679347818635067, 
0.066956929861472864, -0.07081280636677148, 0.056578197862533937, 
-0.01470219041373259, 0.014189200843387607, -0.18772817091228591, 
-0.096702076905259851, -0.21444319067947692, 0.032310480854765407, 
0.0061409095337116078, 0.0096286760140053031, -0.0061662672626007246, 
0.022159441677840702, 0.0027211352473361689, -0.001131187699130239, 
-0.11645599953590191, 0.058393086097689555, 0.0078080275007368621, 
0.0024919709413801206, 0.019199963390447702, 0.0060701416190059553, 
-0.093203863301961412, -0.083927194258860124, -0.023415476001432768, 
0.028839167456108882, -0.030674245699353134, 0.028057153865060618, 
0.011668385762119008, 0.012178421768479063, -0.096702076905259851, 
-0.019262539288724595, -0.10132220291044992, 0.0086979442645542873, 
0.0070849870325005908, 0.0058835763620578288, 0.0052504860002085436, 
0.010199105686349649, -0.0057332730802326787, 0.011905709208738532, 
-0.052917286109203807, 0.043585659259035556, 0.010573858335271993, 
0.01275521786291902, 0.0061590523221894747, 0.00271291266193105, 
-0.23682063897753511, -0.14908371599882742, -0.018969510235285727, 
0.093519823838289551, -0.049592277405478502, 0.04415084496748431, 
-0.012318488956985835, 0.0081835872193905292, -0.2144431906794769, 
-0.10132220291044992, -0.25807515686829774, -0.0022491639371762704, 
0.0082512801189311979, 0.010973758039713823, -0.0018480720350718047, 
0.014978429824181688, 0.0028236594525489871, 0.014464179873397053, 
-0.080419292113437568, 0.050169475987022295, 0.0086498308776506976, 
0.0032302020424044568, 0.034625010535615335, 0.011278832209815346, 
-0.0016269138450778692, 0.0004757333503796856, -0.00094829441524637691, 
0.009369183601729187, -0.012273835113956603, 0.0052820274850111527, 
-0.0056874515378647905, -0.0020841014551360622, 0.032310480854765407, 
0.0086979442645542891, -0.0022491639371762704, -0.0050161329536489397, 
0.0091575612240039385, 0.011735820041997302, 0.00097228396138652757, 
0.0089248799484456468, 0.0086929847736270296, 0.02322647859983237, 
0.044492095871913953, -0.019594966457175546, 0.0099405120450454625, 
0.011707595397816401, 0.013145576638583109, 0.0054918490921925566, 
0.0077360957951041441, 0.0014151226982336703, -0.0035214869837925382, 
-0.00067602199397972086, -0.0011197565462448421, 0.0017502686717888955, 
-0.0014051810440109766, -0.0023706894491649444, 0.0061409095337116078, 
0.0070849870325005908, 0.0082512801189311979, 0.0091575612240039368, 
0.01619844429650541, 0.016251589525904685, -0.00030863794603706694, 
0.001381520988664028, 2.1810574354001947e-06, 0.0034401151106910276, 
0.034622033626229121, -0.0027929516433931744, 0.0044421774586612247, 
0.0072146396681404866, 0.0037464671701089207, 0.0084127054468940612, 
0.004778678202864579, 0.0043554400658362361, -0.0091966701556426694, 
0.0030530203804070813, -0.0053232826245587497, 0.0046237206355437335, 
-0.0012593124083316756, -0.001471541669349735, 0.0096286760140053013, 
0.0058835763620578296, 0.010973758039713823, 0.011735820041997302, 
0.016251589525904685, 0.018419362323343135, 0.0020890314122938795, 
0.0032441574588961269, 0.0039098905236693033, 0.0073422814864294028, 
0.020442613386114462, 0.016975796692630617, 0.0055325558613305119, 
0.0077463243927951217, 0.0094542998972353895, 0.0053956219331205476, 
0.013284355565113716, -0.0065641209203283098, 0.0029154722346898887, 
0.001051733237807051, 0.01391748621203504, -0.009743151730419836, 
