structure(c(-0.049710233814312235, -0.030623776723094482, 0.0057632347116954473, 
0.0014993548109793597, 0.01214519432734623, -0.0036326326579783348, 
0.0066165599648108355, -0.010924424305443912, 0.007537160209175043, 
-0.026083794960060119, 0.0034427102028198211, -0.0086968686309117135, 
-0.013860252470194824, -0.013896449026390386, 0.00010160602499206715, 
0.0051435448230393388, -0.006604765303646341, 0.0026811380713469331, 
0.12172917947158071, -0.10085789971480993, -0.028517061175453242, 
-0.0065637280190607673, -0.0284408416016643, -0.002205543706264019, 
-0.030623776723094482, -0.016065465684670776, -0.0077604120173526891, 
0.018601473217503096, 0.0097032903021746358, -0.010574736781277391, 
0.01601871981449516, -0.0068877610258860408, -0.047240720948027157, 
0.0040932980848927348, -0.0046840838919672704, 0.0049517600352661393, 
-0.0060593780812987826, -0.00068049137350631287, -0.0019499052975563706, 
0.005166395698437117, 0.0049433232017618879, -0.0069589068038206818, 
-0.022093516722592521, -0.052583998566305898, -0.0013274870287713553, 
0.0072973630975643224, -0.010277620017102109, 0.0057690826515428657, 
0.0057632347116954464, -0.0077604120173526891, -0.0032065233922216095, 
-0.0084381513739291668, -0.0032359435244143711, -0.0064957353960201098, 
-0.00045199161266225161, 0.00077426923862009532, -0.015050940481139842, 
-0.010276319522165137, 0.0040286039043986284, -0.0056062604580117128, 
-0.0005629080305259922, 0.0010336770201628109, -0.002978587030329717, 
-0.0039651436912560862, -0.0042153727041718764, 0.00098400871176913102, 
-0.031935867953935798, 0.049594957291078504, 0.0014657337443086007, 
-0.0061458787052126882, -0.00020265716930499209, -0.0011261826854030929, 
0.0014993548109793597, 0.018601473217503096, -0.0084381513739291685, 
0.010562727576196192, -0.015815684805795663, 0.0033729236476653748, 
-0.0020608797121523539, -0.0090922858280202464, 0.015144080725910603, 
-0.0028995024034328422, 0.011363236444873845, 0.0013578084546844191, 
0.0049260535831067466, 0.0033226171318505191, 0.0026738230405471612, 
-0.0008400538661638222, -0.0040389303745480606, 0.0031932164573124848, 
0.0075450404382758733, -0.039103347772195117, -0.0042300347376266227, 
-0.0012769781597818015, -0.00075641488646478597, 0.0023125285461840514, 
0.01214519432734623, 0.0097032903021746358, -0.0032359435244143707, 
-0.015815684805795663, -0.0070110878194597926, -0.0012016892504037413, 
0.0035469876114455298, 0.0033427083130147758, 0.00098990418444808354, 
-0.0063346963387396153, 0.0013475481657822231, 0.008005230877468298, 
0.003475753322731083, 0.0015589523371516076, 0.0031659828876954735, 
-0.00026450441852671132, 0.0097295879742310392, 0.00026980098950210417, 
-0.0077776440800463309, -0.025548934027800962, -0.0017146071414762805, 
0.0039883850340992335, 0.0003034587922517657, -0.0039924251390848946, 
-0.0036326326579783348, -0.010574736781277391, -0.0064957353960201089, 
0.0033729236476653752, -0.0012016892504037411, -0.0086161457214625863, 
0.0015875273341218544, -0.010556871989108201, -0.012223512778693253, 
0.0057029983173471823, 0.0031092470409420682, -0.0076195556864639986, 
-0.0042923464241474904, -0.0021264809643850809, 0.0038985544227729887, 
0.0035656721672926847, 0.0071047615757151156, -0.0019119883146144893, 
-0.014689757574425222, 0.011143297584588542, -0.0004003596238924577, 
-0.0018675604193531526, 0.00016952964468143421, 0.0031440196671991077, 
0.0066165599648108355, 0.01601871981449516, -0.00045199161266225161, 
-0.0020608797121523534, 0.0035469876114455298, 0.0015875273341218544, 
0.0030765099741524951, 0.00090989459659951844, -0.0078021017109167166, 
-0.0023651644771393462, -0.0030600579675432514, 0.0086048970485151002, 
0.00072982172499803976, 0.0019770144695349977, -0.0032069497876450448, 
-0.0046376109888831519, 0.0019410961947444651, 0.0009740050431013684, 
0.0077946248118558777, 0.021819017853240523, 0.0039834446580077343, 
0.0044018918159759602, 0.0044945186771313461, 0.0046053021069475068, 
-0.010924424305443912, -0.0068877610258860408, 0.00077426923862009532, 
-0.0090922858280202447, 0.0033427083130147758, -0.010556871989108201, 
0.00090989459659951844, -0.0013813226352183373, 0.01046980775724205, 
0.0078295730392669242, 0.0069802018510102476, -0.0024937419266553348, 
0.0036934783314985045, -0.00086376472911504714, -0.0035145759994884189, 
0.0026338438464165903, 0.0017156375351251917, -0.0031655013922847028, 
-0.023586189906060602, -0.0031434063093627443, -0.0041865083219807522, 
-0.0018213008317753989, -0.00082011812276158301, 0.0028545172267997096, 
0.0075371602091750421, -0.047240720948027157, -0.015050940481139842, 
0.015144080725910601, 0.00098990418444808333, -0.012223512778693253, 
-0.0078021017109167158, 0.01046980775724205, 0.013802910017023728, 
-0.011192033645701427, 0.0087565567556898653, 0.01885623340706602, 
0.0013056849507286678, 0.0052422493747012718, -0.0045174843224519449, 
0.022141757632899342, 0.0095294097053380423, -0.0038620925005691665, 
-0.0028677831564704647, 0.048533434262513282, 0.0076552734417283906, 
0.012138897405833344, 0.0079315921569679312, 0.0085873540912176187, 
-0.026083794960060115, 0.0040932980848927348, -0.010276319522165137, 
-0.0028995024034328422, -0.0063346963387396153, 0.0057029983173471823, 
-0.0023651644771393462, 0.0078295730392669242, -0.011192033645701427, 
-0.016044711323082311, -0.035651044203719291, -0.0015972106497035496, 
-0.0046201974712880055, -0.0015169906592772653, -0.0058982312944848075, 
0.013106971628343336, 0.0074029810219901496, 0.00059344671469866784, 
-0.012262213349536449, -0.0094084561320526283, -0.01145615641355361, 
0.0050717104139368537, 0.0040012202591923497, -0.0043305935124093361, 
0.0034427102028198211, -0.0046840838919672704, 0.0040286039043986284, 
0.011363236444873845, 0.0013475481657822233, 0.0031092470409420682, 
-0.0030600579675432514, 0.0069802018510102476, 0.008756556755689867, 
-0.035651044203719298, -0.011095539183656512, 0.015129651198412822, 
0.0034376177701318004, 0.0044509836115205178, 0.0013315570034622378, 
0.0095715026607153756, -0.01577349620801902, -0.0072882181291096986, 
-0.051162651347948888, -0.030754660035220524, -0.028032908161810168, 
-0.0094186023270567618, -0.031826431076710821, 0.002171939317375715, 
-0.0086968686309117135, 0.0049517600352661385, -0.0056062604580117128, 
0.0013578084546844191, 0.0080052308774682997, -0.0076195556864639986, 
0.0086048970485150984, -0.0024937419266553352, 0.01885623340706602, 
-0.0015972106497035496, 0.015129651198412822, -0.0017900802969170826, 
-0.0020345900451609624, -0.0014040141317832292, -0.0027826814854099513, 
0.0046100064571644797, 0.0098903986346265838, -0.0012033877530989406, 
0.023708423957005238, -0.014457437979870074, 0.0035817170621634089, 
0.0014593314629346328, 0.0081633842265363549, -0.0036704507256790182, 
-0.013860252470194824, -0.0060593780812987826, -0.0005629080305259922, 
0.0049260535831067466, 0.003475753322731083, -0.0042923464241474904, 
0.00072982172499803965, 0.0036934783314985049, 0.0013056849507286675, 
-0.0046201974712880055, 0.0034376177701317999, -0.0020345900451609624, 
0.0032757061705945239, 0.0014224005614207967, 0.00060468801645793238, 
-0.0024219343787802486, 0.0026663861240568501, 0.0004134972926260894, 
-0.0045082955255518068, 0.013279306356367629, 0.0027256259052716126, 
6.1746858615969164e-05, 0.00059646016902794566, -0.00050672122434007821, 
-0.013896449026390386, -0.00068049137350631287, 0.0010336770201628109, 
0.0033226171318505196, 0.0015589523371516076, -0.0021264809643850809, 
0.0019770144695349977, -0.00086376472911504703, 0.0052422493747012727, 
-0.0015169906592772653, 0.0044509836115205178, -0.0014040141317832292, 
0.0014224005614207967, -0.0004279931981680758, -0.00083370258369541705, 
-0.0047639073829043406, 0.0013186607359706006, -0.001430068300320854, 
-0.0026292415447268344, 0.0075642008422652524, 0.00040254251964694595, 
-0.00017461090301086266, -0.002508310812177682, -0.0034361721428558967, 
