structure(c(-7.8027751758460635, -6.5275594513252093, 0.44177990215114271, 
2.6263570876889637, -2.2203817396292611, 1.7559144140137504, 
-0.065033004543382247, 0.68725759708070455, -7.9677371196289117, 
-3.5437610002347064, -9.0553498213330066, -0.23975209010152726, 
0.035705087990858607, 0.19627028406125932, 0.29563970478842172, 
-0.20393272806046647, 0.13845776962227471, -0.022853151238778995, 
-2.6948334057368193, -2.4984973422254577, 0.23397882451899465, 
0.61219793912880704, 0.23713346122747475, 0.19047501808833714, 
-6.5275594513252093, -3.8285091203698935, 0.0091794216581591089, 
1.510344467891263, -1.7581314436562963, 1.4122721033013497, 0.12705875748378154, 
-0.038160363825807155, -5.6010103586922995, -3.1465506886980585, 
-5.6264040387425291, 0.0036735047850471876, 0.15903454904293782, 
0.2655717447785384, -0.052800110260496393, 0.2044226819440895, 
-0.093583005797989907, 0.36892081496022444, -2.9414022892780864, 
0.089859059841038702, 0.23714568865292932, 0.1517728332199913, 
0.13322649602182299, 0.078674339726579584, 0.44177990215114277, 
0.0091794216581591089, 0.70265324957283659, -0.078143838970079468, 
0.33213418150166635, -0.19126132877965527, 0.04755484279265787, 
-0.20685252148012098, -0.3566101542983684, 0.07206547864576926, 
0.34259609473084612, 0.25165054376110851, 0.065211742256703897, 
-0.068801576028224426, 0.0017917100233221716, -0.12892214225526202, 
0.073728938663907298, -0.036072945828749668, -0.10815374920327185, 
0.14527033919194271, 0.045948956167943152, -0.037177486601405206, 
0.085201289381460973, -0.039064670702338385, 2.6263570876889641, 
1.5103444678912632, -0.078143838970079468, -0.47563463373917586, 
0.60583021976560181, -0.33985716675880046, -0.25380986551644236, 
0.03114300937926125, 2.0175933233939416, 0.90406469442210302, 
2.4209062961579288, -0.076830393364421878, -0.030426286342672026, 
0.083376705616250463, 0.066375063705499088, 0.20140552828652414, 
0.15919402295039067, -0.023245522174500179, 0.40520493316217721, 
-0.34440625269146186, -0.041826051115574588, 0.027094230185263527, 
-0.01221148837007523, 0.092435830062948213, -2.2203817396292611, 
-1.7581314436562963, 0.33213418150166635, 0.60583021976560181, 
0.13392156533949923, 0.20571960775721229, 0.17122116249459854, 
-0.27985928631495982, -2.9902153764934765, -1.1496967279771957, 
-2.2957277968964567, -0.095118204665025449, 0.12109791041505819, 
0.10611939805478597, 0.19035471266971093, 0.12912287939221997, 
0.23351334049978745, -0.049433834833321658, 0.91802915102482896, 
-0.53407913944750485, 0.2821523082621919, 0.044594947116980324, 
0.2807187405837705, 0.45139702225401923, 1.7559144140137506, 
1.4122721033013497, -0.19126132877965527, -0.33985716675880046, 
0.20571960775721226, -0.13419889756739112, -0.14765757011838221, 
-0.075697966337618786, 1.6115305648436511, 0.37365859370847138, 
1.7879545599168714, 0.10490824412086519, 0.018301383065667073, 
0.042407890240932965, -0.1829146800794369, -0.024613442491174316, 
0.088254144626670444, -0.061214763309017789, -0.34889929899366368, 
0.56166788532671186, 0.12529433460909756, 0.046111504582333235, 
0.0829396033777349, 0.0040632535192285015, -0.065033004543382247, 
0.12705875748378154, 0.047554842792657863, -0.25380986551644236, 
0.17122116249459854, -0.14765757011838221, 0.3264914203937776, 
0.017038333717462696, 0.14960502959169597, -0.06529136880798371, 
0.19236830892671042, -0.22085819807582988, 0.075024099034636291, 
0.037184905182109901, 0.12616965792427512, -0.061022927501313572, 
-0.046714458222249046, -0.011658118010960989, 0.51147968894566487, 
-0.046993264728247025, 0.13250991560912398, -0.0017754896561980561, 
0.17130048721415345, 0.049422179084360938, 0.68725759708070444, 
-0.038160363825807155, -0.20685252148012098, 0.031143009379261254, 
-0.27985928631495982, -0.075697966337618786, 0.017038333717462696, 
0.24469602459750522, 0.12747720178269581, 0.63198325372180308, 
0.1797895910599441, 0.068185435352341298, 0.00035482749607124078, 
0.067971710143356623, 0.033075408933906612, 0.1019775405064177, 
0.11969000954302589, -0.024320364720271152, -1.1351395105916444, 
-0.30382331040700494, 0.10180395721079753, 0.044721175380937804, 
-0.0052234150122771866, 0.089817022286456105, -7.9677371196289117, 
-5.6010103586922986, -0.3566101542983684, 2.0175933233939416, 
-2.990215376493476, 1.6115305648436513, 0.14960502959169597, 
0.12747720178269581, -8.5616902701174062, -4.3596550619066896, 
-9.2870439046367963, 0.13179231822345078, 0.10402830252084937, 
0.3295351039282044, 0.10456401872541078, 0.41220810298142108, 
0.17254065724483067, -0.039060398499432512, -1.9383409821961177, 
0.47731511442323948, 0.4613428912965844, 0.34726182279870133, 
0.24337546933464074, 0.22636396636343001, -3.5437610002347069, 
-3.1465506886980585, 0.07206547864576926, 0.90406469442210302, 
-1.1496967279771955, 0.37365859370847138, -0.06529136880798371, 
0.63198325372180308, -4.3596550619066896, -0.78431270107883644, 
-4.981312136603492, 0.11632760358613527, 0.053627836899363644, 
0.10279738574673553, 0.033935180260538877, -0.015921782513523313, 
0.092330404863637208, 0.13165120405754135, -1.2118224720290673, 
0.69296200162556654, 0.077655021872266847, 0.38101320729909666, 
0.36163205855670333, 0.20343152280370014, -9.0553498213330048, 
-5.62640403874253, 0.34259609473084618, 2.4209062961579288, -2.2957277968964567, 
1.7879545599168714, 0.19236830892671042, 0.17978959105994408, 
-9.2870439046367963, -4.9813121366034911, -9.0057698205731782, 
-0.044886415321038917, 0.14121137809511755, 0.26977890615997402, 
-0.062728747097261242, 0.10383488393680769, -0.017586019091267828, 
-0.20580807000249704, -2.8128266923747254, 1.3432200998678205, 
-0.0013297688582286286, 0.085712336258081459, 0.38064397803821537, 
0.22716134960991882, -0.23975209010152729, 0.0036735047850471876, 
0.25165054376110846, -0.076830393364421878, -0.095118204665025449, 
0.10490824412086519, -0.22085819807582988, 0.068185435352341298, 
0.13179231822345078, 0.11632760358613527, -0.044886415321038924, 
0.21454656178367471, 0.11408108182882962, 0.2243137601367878, 
0.10715759824412807, 0.34527516232635591, 0.28642825351845752, 
0.24758837931401531, 0.13174866198943797, 1.2947066321457645, 
0.40188548557787934, 0.48999018601261135, 0.2009733063855729, 
0.12657510830799876, 0.035705087990858607, 0.15903454904293782, 
0.065211742256703897, -0.030426286342672023, 0.12109791041505817, 
0.018301383065667073, 0.075024099034636291, 0.00035482749607124078, 
0.10402830252084937, 0.053627836899363651, 0.14121137809511755, 
0.11408108182882962, 0.32548419033059112, 0.32337162612777681, 
0.057141904413939369, 0.094073511118464459, 0.12364108613923142, 
0.10578189175846515, 0.14807062178711283, 0.13014342021046166, 
0.10852362382715071, 0.15691505907676981, 0.085714291662998543, 
0.092297086607016479, 0.19627028406125929, 0.2655717447785384, 
-0.068801576028224426, 0.083376705616250477, 0.10611939805478598, 
0.042407890240932965, 0.037184905182109901, 0.067971710143356623, 
0.3295351039282044, 0.10279738574673554, 0.26977890615997402, 
0.2243137601367878, 0.32337162612777676, 0.34044618680135685, 
0.037781105685944276, 0.10566006043043055, 0.061407153314844247, 
0.14666327257925388, -0.16029412640306445, 0.33602174921920819, 
0.16539542647635258, 0.15332725773818509, 0.042294276913255567, 
0.090310649384135272, 0.29563970478842172, -0.052800110260496386, 
0.0017917100233221716, 0.066375063705499088, 0.19035471266971091, 
-0.1829146800794369, 0.12616965792427512, 0.033075408933906619, 
0.10456401872541078, 0.033935180260538877, -0.062728747097261242, 
0.10715759824412806, 0.057141904413939369, 0.037781105685944269, 
0.23256531151769871, -0.041271100511141467, 0.069707311350996171, 
-0.11462660329667021, -0.49379116700853193, 0.14667401193707061, 
-0.00064815171222158316, 0.01655876955350423, -0.036285182421795271, 
0.095394493362518554, -0.20393272806046647, 0.2044226819440895, 
-0.12892214225526202, 0.20140552828652414, 0.12912287939221997, 
