structure(c(-0.064872921453569141, 0.01609340080767668, -0.06812933472508613, 
0.062307728902245563, 0.040988913381937497, 0.032940271559637885, 
0.042890184309332897, 0.0071676493072981035, 0.064452198315621004, 
0.078215486971708562, 0.050645278653005277, -0.0074311635879079413, 
-0.039907631282554631, -0.030129694730924167, -0.014910064642556993, 
-0.014567787588257658, 0.031174070450908677, 0.030190420170527831, 
-0.27080258683407715, 0.29987217529892707, 0.037930015744649756, 
0.0083134646898323436, 0.043940593565800018, 0.017994999374659593, 
0.01609340080767668, 0.063216407349501708, -0.062302205068390307, 
0.028803906680960799, 0.042114124801754672, 0.037011657990355981, 
0.0049468053655131261, 0.023535535392413178, -0.0057972825951761835, 
0.038900276130203727, 0.0053360035577566549, 0.024164672361614698, 
-0.0051181578391709844, -0.0047779855151020905, -0.005705436504045756, 
0.0016914985645182597, -0.017213541656260153, 0.0094510205214760109, 
-0.069207627893766194, -0.011932091101074106, 0.0078361623991080008, 
-0.014209113187489186, 0.030222650381769658, 0.016369125476807786, 
-0.06812933472508613, -0.062302205068390307, 0.0064079686129869867, 
-0.012821290760144112, 0.019725196806730797, 0.0062844503037767768, 
0.0083783123406619437, 0.02028485572565155, -0.030958015574939116, 
0.021974632554975473, -0.018736348974806076, 0.0026544437007760455, 
-0.0030221274298992931, -0.0021501098937283056, -0.0076783315365174954, 
-0.0064654299517371621, -0.013566663276317097, 0.01902303989964, 
-0.041020946096925845, 0.068851324795807203, -0.017628975202009598, 
-0.001704285174325736, -0.021750815178041408, -0.015864411372679871, 
0.062307728902245563, 0.028803906680960802, -0.012821290760144113, 
0.018861905333950539, 0.021259223487137848, -0.013293064322462935, 
-0.0078199019082642648, -0.016390741495830478, 0.034998845888539902, 
-0.042266726283148079, 0.031036942275527668, 0.0092622701836499368, 
0.00052429423203414907, -0.00064262597518074374, 0.01587934297302632, 
0.0038236528436038724, 0.023412679150305218, -0.01320058492965066, 
0.0030479708149399819, -0.017631212857190132, 0.0048175412141035524, 
0.0049918464266158263, -0.0012195631818116375, 0.00076825005533643308, 
0.04098891338193749, 0.042114124801754679, 0.019725196806730801, 
0.021259223487137848, 0.042457518454700714, -0.0058024369424334631, 
-0.0034846855957440335, 0.039141678560496544, -0.0025107988868182762, 
0.042448327655978293, 0.024238444022212691, 0.0015068547752140496, 
0.0040117377780938763, -0.002829857114403987, -0.0097913478483589913, 
-0.0013046754764307017, -0.016897194913357425, 0.0021888619534173922, 
0.02189823999166237, 0.088550014503755908, 0.0091499530151820455, 
-0.0045444885739395202, -0.0016844601990543512, 0.0024905492092636133, 
0.032940271559637885, 0.037011657990355988, 0.0062844503037767759, 
-0.013293064322462935, -0.005802436942433464, -0.01728382564026569, 
-0.0046608337766027149, -0.014515621340894036, 0.041269146588811742, 
-0.035647912946930801, 0.049588132695207413, 0.006481676798053144, 
-0.0063683097131774294, -0.0019044641682613513, 0.00085372636558596782, 
-0.00096457986304363365, -0.008030702902531826, 0.0079857619482066339, 
-0.022358896658875693, -0.041932112422565435, -0.0061738847611169483, 
-0.0062549099202311694, -0.0032846553107185247, 0.0040406168536154894, 
0.042890184309332897, 0.0049468053655131261, 0.0083783123406619437, 
-0.007819901908264263, -0.0034846855957440335, -0.0046608337766027149, 
-0.0016940321843451379, 0.01523465158696192, 0.013488400606342529, 
0.0019489661651484636, 0.012153370113232559, -0.0048710858137267438, 
0.0094384457665956569, 0.0052057689867696724, 0.0041812690311254777, 
-0.0094246282551118336, -0.012380750619159681, 0.0036541992184721786, 
0.082249134666657023, -0.01503066255336786, -0.01197788638120346, 
-0.003607849930023698, -0.0098407271971504146, 0.0024857710221371948, 
0.0071676493072981035, 0.023535535392413178, 0.020284855725651554, 
-0.016390741495830478, 0.039141678560496544, -0.014515621340894036, 
0.015234651586961918, -0.019672393241185662, -0.0078082739076671872, 
-0.0084193672106002912, 0.0094704485022998625, 0.018756362517646931, 
0.0015152263648862611, -0.0022532999440585946, 0.0060090710432727044, 
0.0030520808921516585, 0.00016317104872574527, 0.00183676270675476, 
0.0071909699843581854, -0.0061217835038567692, -0.010969909757621564, 
-0.001922916238023907, -0.0095697947234678459, 0.012731033417456966, 
0.064452198315621004, -0.0057972825951761835, -0.030958015574939116, 
0.034998845888539902, -0.0025107988868182758, 0.041269146588811742, 
0.013488400606342529, -0.0078082739076671872, -0.10975195700393563, 
0.027105811093442567, 0.026791663402211695, -0.0065463756473840415, 
-0.0026696310135338268, -0.0018496884609690279, 0.02553572269031508, 
-0.043348278258650619, -0.0084270278598387351, 0.03365700724625862, 
0.17085616119407659, 0.0071547627315922948, -0.0090523783692363167, 
0.024171034073197411, 0.023881010884674515, 0.0073394254403741652, 
0.078215486971708562, 0.038900276130203727, 0.021974632554975469, 
-0.042266726283148079, 0.042448327655978293, -0.035647912946930801, 
0.0019489661651484636, -0.0084193672106002929, 0.027105811093442563, 
0.053537505763506597, -0.025607984434940001, 0.047448433718650859, 
-0.0081072237367193559, 0.0015319875388458604, 0.01024683635210508, 
0.0056604926971169332, -0.029549806284212554, 0.010735693833006406, 
-0.093743514567981454, 0.040121182856747144, -0.010240096721663589, 
0.011930316244407746, -0.0028193275021126353, 0.028796324901791327, 
0.05064527865300527, 0.0053360035577566549, -0.018736348974806073, 
0.031036942275527668, 0.024238444022212695, 0.049588132695207406, 
0.012153370113232559, 0.0094704485022998625, 0.026791663402211691, 
-0.025607984434939998, 0.080673439292193699, 0.032038512326074284, 
0.015621573018512403, 0.0038152626114000892, 0.0054462537300164334, 
-0.038118248690217391, -0.0061739948502938288, 0.0030020981632427222, 
-0.23860022654953583, 0.034804382467939182, 0.0055252525947162212, 
0.027559440196140424, -0.0084434532194786038, -0.013604621165062981, 
-0.0074311635879079404, 0.024164672361614698, 0.0026544437007760455, 
0.0092622701836499368, 0.0015068547752140498, 0.0064816767980531449, 
-0.0048710858137267438, 0.018756362517646927, -0.0065463756473840415, 
0.047448433718650866, 0.032038512326074284, 0.0037416015370918577, 
0.0045349137817282704, -0.0059848911174125068, 0.0064715545874424081, 
0.012383768298840509, -0.0038852330006259182, -0.00047231068678639494, 
-0.071237013050976211, 0.015202528307058769, -0.019783381997211129, 
-0.0047886987439934589, -0.016949718245735382, 0.0093614235231708354, 
-0.039907631282554631, -0.0051181578391709844, -0.0030221274298992931, 
0.00052429423203414907, 0.0040117377780938771, -0.0063683097131774294, 
0.0094384457665956586, 0.0015152263648862613, -0.0026696310135338273, 
-0.0081072237367193559, 0.015621573018512405, 0.0045349137817282696, 
-0.0045834664886653552, -0.0064689887166445676, -0.0014713539991629094, 
-0.0056281264339010763, -0.0055776767730239731, 0.0079807498376369638, 
-0.082856107427105863, 0.0053785737403709627, -0.013728404283748784, 
-0.0031634438637161838, -0.016081574197270958, -0.0067489964102501682, 
-0.03012969473092417, -0.0047779855151020905, -0.0021501098937283056, 
-0.00064262597518074374, -0.0028298571144039866, -0.0019044641682613511, 
0.0052057689867696724, -0.0022532999440585946, -0.0018496884609690281, 
0.0015319875388458604, 0.0038152626114000897, -0.0059848911174125059, 
-0.0064689887166445676, -0.0029307455795413726, -0.0027581231592035344, 
-0.00087702338481265309, -0.0076228220097010468, 0.009364631762838159, 
-0.023316108895606927, 0.041033524147649457, -0.0098978038261830388, 
0.0017744529564324499, -0.0090086330370670875, -0.0045953411513210349, 
-0.014910064642556993, -0.005705436504045756, -0.0076783315365174954, 
0.01587934297302632, -0.0097913478483589896, 0.00085372636558596771, 
