structure(c(-0.14544847921211509, 0.0046251617376572044, 0.039269632155068929, 
0.0072402302300544627, -0.013648026104408855, -0.054203576076628304, 
-0.0076781769380053124, -0.05459246946492087, -0.13046064963802656, 
-0.0248548038285944, 0.068339098010128857, -0.045898184147757225, 
-0.012993032288111496, -0.015684377470915389, -0.015468866096488355, 
-0.023833230676945358, -0.0053863947801587033, 0.044079426789422504, 
-0.132298741618911, -0.0020588088353590598, -0.016036838470170761, 
0.039509989456543694, 0.027817674157198144, -0.001072175675827331, 
0.0046251617376572044, -0.036825507933549981, -0.0025122211394607405, 
0.017016342146389786, -0.010237357573507437, -0.007017857731092981, 
0.0065203176439973488, 2.2836640620861459e-05, -0.0060413314308684109, 
0.023975614907013547, 0.0076699300439566015, 0.0037534505690369211, 
0.036791659148252269, 0.035613417658930585, 0.0011895689970483863, 
-0.018750848765019472, 0.004726380898847791, 0.0033763528189492903, 
-0.091543880367451619, -0.080032375007173279, -0.016873740145638725, 
0.013668543220029805, 0.0065657175829502892, -0.022215800976283215, 
0.039269632155068929, -0.0025122211394607405, -0.014848024455976546, 
0.017330287949738878, 0.015505610787826023, 0.0063185762814528985, 
-0.015689280438007182, -0.018375590749220582, -0.020186345695129556, 
-0.029318629836634389, 0.008323778890540267, 0.023520288834169296, 
0.001983170615856406, -0.0064488791409171914, -0.0084855830208746541, 
0.0090484249649773821, -0.015174570921677209, -0.011874290524826244, 
-0.064447337686206849, 0.0030508997303511972, 0.0068050639266332182, 
-0.0033346600436229331, 0.00023971588668354068, 0.0016477825368471149, 
0.0072402302300544636, 0.017016342146389786, 0.017330287949738878, 
0.012086080032139101, 0.0072795528530765702, -0.016589553925937486, 
0.014063803923895472, 0.0067809632680180514, -0.010654081750726383, 
0.036726807608460171, 0.010739054173790031, -0.012279800269288916, 
0.0012885745412312922, -0.0023136178313013837, 0.018307548622512698, 
0.0051755533006374388, 0.018885646425929995, -0.0050361511267540127, 
-0.081734364709950824, -0.05628207784127575, -0.024965271137727715, 
0.009238900255673279, -0.0028199475273102603, 0.0080606682157215812, 
-0.013648026104408855, -0.010237357573507437, 0.015505610787826021, 
0.0072795528530765702, 0.012705455635729831, -0.0013492560912074303, 
0.023599212192168272, -0.030466114460121936, -0.086116601012424368, 
-0.0045332524515524549, -0.0025956432964307778, -0.010959471643517991, 
-0.0039826196966262035, -0.00019393806319829477, 0.014986754173760825, 
0.025659973277099984, -0.0029907860566070004, 0.0038758447993836737, 
-0.061311008099059802, -0.019660417914726686, 0.0079685763900034078, 
0.012661560260598684, -0.0022604151298712162, 0.017397793911738554, 
-0.054203576076628311, -0.007017857731092981, 0.0063185762814528985, 
-0.016589553925937486, -0.0013492560912074303, -0.013383126865665066, 
0.0020996584654045512, -0.011969793223144854, 0.016353027688409322, 
0.011289822558916068, -0.0038817579566689459, 0.0012122754540479089, 
0.011588501621134588, 0.0064643112658229526, -0.0074185136704706155, 
-0.014257390297927884, 0.0088236874585512579, -0.013947664380481496, 
0.10757029337352045, -0.079810236856609804, -0.011276623426967228, 
0.0078195247233245144, 0.012030574224795839, -0.0078793235679266681, 
-0.0076781769380053115, 0.0065203176439973488, -0.015689280438007182, 
0.014063803923895472, 0.023599212192168272, 0.0020996584654045512, 
-0.02070714550655324, -0.004410578622368668, 0.0046571001036484344, 
0.00029194257845393254, -0.023738924411256232, -0.0091887480420518811, 
-0.0058512191081489962, 0.0002016024670448683, 0.011104248887463686, 
0.0058755929556104048, 0.0037937704355316022, -0.0033868589476689047, 
-0.07745001514108403, -0.015310620934643667, 0.0065388608879332361, 
0.010041043018605006, 0.002878195124613311, 0.0067906526053267309, 
-0.054592469464920863, 2.2836640620861463e-05, -0.018375590749220582, 
0.0067809632680180514, -0.030466114460121936, -0.011969793223144854, 
-0.0044105786223686671, 0.034718118526331165, 0.0078739496085419684, 
0.010045700509216876, 0.047030974493418864, -0.0087597472084608129, 
0.0016398133395010503, -0.0036625803346584259, -0.005218463985602914, 
0.0046865850657863738, -0.0080853337568727972, -0.004061755363673137, 
0.051326496838782182, 0.041138220634037874, -0.016686128118593904, 
-0.016772062527325715, -0.016493432075733686, 0.00080894820590656847, 
-0.13046064963802656, -0.0060413314308684109, -0.020186345695129556, 
-0.010654081750726385, -0.086116601012424368, 0.016353027688409322, 
0.0046571001036484335, 0.0078739496085419684, 0.02261831282067037, 
0.032981565357405304, -0.019624616868428646, -0.0042286454054982509, 
0.010987021068220417, 0.010474074660916611, 0.00086691427522087017, 
-0.012702903237555938, 0.032119079517209888, -0.029247332168298182, 
0.32555521989080788, -0.15109528523190896, 0.00038888654475380648, 
0.0021324442747093532, -0.0027652270725865816, 0.021514404768014937, 
-0.0248548038285944, 0.023975614907013543, -0.029318629836634386, 
0.036726807608460171, -0.0045332524515524549, 0.011289822558916069, 
0.00029194257845393254, 0.010045700509216876, 0.032981565357405304, 
-0.017988296679163813, 0.014278385858266742, -0.031669920541994204, 
-0.0093351071517467615, -0.00043872258222663659, 0.006653800820585698, 
-0.0078321093941999733, -0.003529033706792745, -0.022565808661334959, 
0.18299763788190934, -0.12586480441904632, 0.0088645837491451648, 
-0.0012156293039796188, 0.012356654179772653, 0.029864841049133457, 
0.068339098010128857, 0.0076699300439566015, 0.008323778890540267, 
0.010739054173790031, -0.0025956432964307778, -0.0038817579566689459, 
-0.023738924411256235, 0.047030974493418864, -0.019624616868428649, 
0.01427838585826674, 0.060819577355754502, 0.0021650615098384547, 
0.011545941214646867, 0.026352311055045465, 0.015140625351941373, 
0.023630267245397071, 0.023445409971980465, 0.0088106158364122424, 
0.11362632417845905, -0.083730637052633963, -0.013602435488942051, 
0.0037758019681819778, 0.0047618186735866276, 0.019104142027474593, 
-0.045898184147757225, 0.0037534505690369215, 0.0235202888341693, 
-0.012279800269288916, -0.010959471643517991, 0.0012122754540479089, 
-0.0091887480420518829, -0.0087597472084608129, -0.0042286454054982518, 
-0.031669920541994204, 0.0021650615098384547, -0.052501539285786242, 
0.00034971003013601742, -0.0036772450474404409, 0.010137812329724025, 
-0.0082248296743190254, -0.0026650801108937827, 0.013280865479842268, 
0.068487983453278889, -0.01030182495530392, 0.0062779497105277639, 
0.00043749448836810108, 0.0081218920122213198, 0.0064439057308538199, 
-0.012993032288111495, 0.036791659148252262, 0.001983170615856406, 
0.0012885745412312922, -0.0039826196966262044, 0.011588501621134589, 
-0.0058512191081489962, 0.0016398133395010501, 0.010987021068220417, 
-0.0093351071517467615, 0.011545941214646867, 0.00034971003013601742, 
0.0028751856418741807, 0.0012975222147140156, 0.00076279412992125422, 
-0.01367929268447588, -0.0008490525968066901, -0.012506786075627521, 
-0.0038922012691314208, -0.017137198843485576, -0.0058274015932081452, 
-0.0040346459712923893, -0.001628115159137547, 0.00056917889995914935, 
-0.015684377470915393, 0.035613417658930585, -0.0064488791409171914, 
-0.0023136178313013837, -0.00019393806319829477, 0.0064643112658229534, 
0.0002016024670448683, -0.0036625803346584259, 0.010474074660916613, 
-0.00043872258222663665, 0.026352311055045465, -0.0036772450474404409, 
0.0012975222147140156, 0.0013629428793713206, 0.00078739806045221336, 
-0.0099925618909195209, -0.0051011285862788492, -0.009143867388502782, 
-0.036390952757040733, -0.017249961922848309, -0.0035606975928860361, 
-0.0050682872390305691, -0.0074785147446542093, 0.00017763478250158089, 
-0.015468866096488357, 0.0011895689970483861, -0.0084855830208746541, 
0.018307548622512698, 0.014986754173760823, -0.0074185136704706155, 
