structure(c(0.0073795333167637322, 0.016183290865125849, 0.088048902318055886, 
-0.016483336668937216, -0.050081127373384833, -0.01632884063391777, 
-0.023337374972687855, 0.027799851003817416, -0.093048850727407789, 
-0.069913672113762051, 0.011021046613728297, -0.0092364653757259114, 
0.038323573673343173, 0.019964155317868992, -0.0031600001900503561, 
0.0031124021806471476, -0.051516872658990555, -0.020499632890205136, 
0.3395208486010074, -0.25982148831253765, -0.04449356758237609, 
0.0056520201576098225, -0.02366531829849355, -0.027999734713444718, 
0.016183290865125849, -0.067435990243550306, 0.062206243603806069, 
0.0066050595151102903, -0.036964512316541159, -0.038473432250025287, 
-0.015775587426329646, 0.016390535695980445, -0.023509108008788176, 
-0.056012486431456579, 0.069218793769833559, -0.038862798220926933, 
0.00035707338373660512, -0.0034724912367796231, -0.024153022450575691, 
0.003120935645565323, 0.0066573382380983774, 0.0020550258467418444, 
0.07447993299013396, -0.10295609848948768, -0.00091820198304950562, 
0.014703173066163068, -0.019602086565761893, -0.020592222482282433, 
0.088048902318055872, 0.062206243603806069, 0.017934747884830543, 
0.0047362198369889528, 0.0025223700786792059, 0.0028165018699301504, 
-0.0038058996669736518, -0.023639963237203455, 0.037442162118791478, 
-0.0022762822765436692, 0.0016375890664295715, 0.015116943415930399, 
0.008758974167706185, -0.009676265484193966, 0.0077147592907764809, 
0.0095654098413768401, 0.018697243114958073, -0.0080195441487283404, 
0.027063461267492466, -0.10939050672541342, 0.022215756061507677, 
0.010897444349643629, -0.0016478755446525896, 0.0012938393307926365, 
-0.016483336668937216, 0.0066050595151102903, 0.0047362198369889528, 
-0.030069598824051563, -0.015116075747147658, 0.007538471666386882, 
9.0338829897589046e-05, 0.01163796491049224, -0.016794991268509085, 
0.054575633565665194, -0.048590681792376508, -0.022349029629657898, 
-0.012415256151781722, 0.0015099174183178094, -0.0018512772744580814, 
-0.0078789577059864193, -0.015479086645675351, -0.0022314600957641321, 
0.02515425681838885, 0.010647868909258212, 0.00672038858593349, 
-0.012124820538166487, 0.015547697343700333, -0.0016959968918858728, 
-0.050081127373384826, -0.036964512316541152, 0.0025223700786792063, 
-0.015116075747147659, -0.040730793412200636, -0.023310321515283533, 
-0.016622105693740334, -0.049480323434914063, -0.090894448277716311, 
-0.043388470392275211, -0.048847861087997026, -0.024249599790959059, 
-0.0061837067297545326, 0.00066173304740287152, 0.0013865159950173802, 
0.010503575730052441, 0.0073753579366628262, -0.00097628314190959312, 
0.090473099151112402, -0.190332532319509, -0.019315072376770749, 
0.0029817048669509775, 0.0044103659851796933, -0.014710689287344147, 
-0.01632884063391777, -0.038473432250025287, 0.0028165018699301504, 
0.007538471666386882, -0.023310321515283536, 0.025893530156457914, 
-0.013508853994109534, 0.021629153448647132, 0.004081853333800998, 
0.0095631000590740041, -0.038745063259767488, -0.01424986492416234, 
-0.0010929829406656998, 0.0014968738476277322, -0.0017013687159305887, 
-0.0034366192718300005, -0.0016954287684060557, -0.0096490415966416481, 
0.1145751309080536, -0.0042216528539139389, 0.01235954241992652, 
-6.271462005409464e-05, 0.017041807937894976, -0.015739109545471988, 
-0.023337374972687855, -0.015775587426329646, -0.0038058996669736523, 
9.0338829897589046e-05, -0.016622105693740338, -0.013508853994109534, 
-0.0045859248072713842, -0.028855856283140739, -0.015814635531942244, 
-0.0089860835820026602, -0.019512022074926728, -0.001661679081374715, 
-0.0096851614926761146, -0.0052672961479885826, -0.0040358293933377464, 
0.0047361234330732128, 0.020655906315446521, -0.012313983848000521, 
0.013535291958916323, -0.00056222685387853188, 0.021749026096281592, 
0.002951702097952035, 0.020589988944450292, 0.0035430420096248137, 
0.027799851003817412, 0.016390535695980445, -0.023639963237203455, 
0.011637964910492241, -0.049480323434914063, 0.021629153448647128, 
-0.028855856283140736, 0.02335041930799793, 0.023863342770222333, 
0.018653505323960755, -0.0082641789318410319, -0.0028095433552675492, 
-0.0043208354472004289, -0.0010074594129673561, -0.0064579951656842001, 
0.0033704395440472788, 0.008023533698675523, -0.00026324472201949491, 
0.034137607199716279, -0.013279016181325477, 0.0099765910814659676, 
0.0027174071272227495, 0.0060850485654601874, -0.0090344138442798368, 
-0.093048850727407789, -0.023509108008788176, 0.037442162118791485, 
-0.016794991268509085, -0.090894448277716311, 0.004081853333800998, 
-0.015814635531942248, 0.023863342770222333, 0.040167182062632943, 
-0.012894462836108355, -0.058844692618100748, -0.00031475696379386624, 
-0.0090967825573918266, 0.0027851201302047201, -0.00050511059384762257, 
0.027613218811234866, 0.010709615825659472, -0.040391531982699597, 
0.013229706281372119, -0.037827299849129116, 0.0061383270390874198, 
-0.025602681981706919, -0.011289998905738235, -0.00032235771178004837, 
-0.069913672113762038, -0.056012486431456579, -0.0022762822765436692, 
0.054575633565665187, -0.043388470392275211, 0.0095631000590740041, 
-0.0089860835820026602, 0.018653505323960755, -0.012894462836108353, 
-0.077201139214874037, -0.020523076021653534, -0.037244740216308345, 
-0.0015218440358244698, -0.0077505684731784697, -0.020825268951665411, 
-0.011250864770976832, 0.017767070977231288, 0.0011059698482790367, 
0.00070500443945793788, -0.04786353194584541, 0.016769030197844609, 
-0.011080267620741442, 0.0054547192789550772, -0.011653235292926995, 
0.011021046613728297, 0.069218793769833559, 0.0016375890664295715, 
-0.048590681792376508, -0.048847861087997026, -0.038745063259767488, 
-0.019512022074926728, -0.0082641789318410319, -0.058844692618100748, 
-0.020523076021653534, -0.16045771106823956, -0.012849563970090109, 
-0.018860132816872027, -0.012075125944820107, -0.0089282346833088385, 
0.0035658151524974287, 0.017151273646482022, -0.024165520953428599, 
0.15021310231752485, -0.058038848239162721, -0.0087321277441084443, 
-0.0059049209916353079, 0.014743915740818755, -0.0025857238141971176, 
-0.0092364653757259132, -0.038862798220926933, 0.015116943415930399, 
-0.022349029629657898, -0.024249599790959059, -0.01424986492416234, 
-0.001661679081374715, -0.0028095433552675492, -0.00031475696379386624, 
-0.037244740216308345, -0.01284956397009011, 0.022461867398459498, 
-0.00033438251329081695, 0.0086069566211484996, 0.0025745281769529835, 
-0.0038854538687584988, -0.0015123932546921316, 0.0057226620380553079, 
0.06334569454268707, -0.014454660953375657, 0.024739185337687174, 
-0.0028254823777493152, 0.012860037023206417, -0.00818504824914844, 
0.038323573673343173, 0.00035707338373660512, 0.008758974167706185, 
-0.01241525615178172, -0.0061837067297545317, -0.0010929829406656998, 
-0.0096851614926761163, -0.0043208354472004289, -0.0090967825573918266, 
-0.00152184403582447, -0.018860132816872027, -0.00033438251329081695, 
0.0003361607472337959, 0.0024975421290253322, -0.0031657954847200483, 
0.0029418156217655613, 0.0099652946894105785, -0.0066006645917717635, 
0.053797910444629386, -0.032107131009300467, 0.0079798206520791028, 
0.0031638114546421519, 0.016009736819824802, 0.0054011706307356185, 
0.019964155317868989, -0.0034724912367796235, -0.009676265484193966, 
0.0015099174183178096, 0.00066173304740287163, 0.0014968738476277322, 
-0.0052672961479885826, -0.0010074594129673561, 0.0027851201302047206, 
-0.0077505684731784688, -0.012075125944820105, 0.0086069566211484996, 
0.0024975421290253322, -0.0013662691135192572, 0.0028315057177924737, 
-0.0051173788624365776, 0.0081785530654781471, -0.0085533818150775355, 
0.0016370352865953954, -0.027999599956163468, 0.0087887406964601705, 
-0.0022587755745616918, 0.011386281875107653, 0.0023331201042042127, 
-0.0031600001900503561, -0.024153022450575691, 0.0077147592907764809, 
-0.0018512772744580816, 0.0013865159950173804, -0.0017013687159305884, 
