structure(c(-0.058778549668924179, 0.01708990424629234, -0.013069353410715497, 
0.032626558745622432, -0.020630594741581333, 0.01592382342253347, 
0.01324492635352253, 0.016508046661617769, 0.022913543167318626, 
0.017392819767285191, -0.025808753819933888, 0.0017173615244194349, 
0.01297106418477126, -0.012351880893506233, 0.0055874582062402497, 
-0.012343486404876867, 0.02097138856736375, -0.030957672548553649, 
0.008834770557737702, -0.031900548090518649, -0.031008884632978698, 
-0.0074016984912451929, -0.032191597662428496, 0.020338594682192325, 
0.017089904246292344, -0.040874230204584479, -0.015963366905218143, 
0.00095427308266063816, -0.042805482208409372, -0.0017560387282806145, 
0.017854143604924422, 0.0040960236054056447, -0.0099628605660829189, 
-0.02800334534947024, 0.036094315834954968, 0.009099579646200109, 
0.007771762611239917, -0.0041918509934799836, 0.0045035906495436507, 
0.018243170118549933, 0.0067949801420437855, -0.0086838198658128248, 
-0.085651580485594458, 0.018973042160414955, -0.0052311031648030332, 
-0.0076984792995537501, 0.00076977925016685463, 0.0043635122533262531, 
-0.013069353410715499, -0.015963366905218143, -0.0072542833824453361, 
0.0053476429453965663, 0.014537463047312096, 0.0039506517032013994, 
-0.0070028902025035585, -0.00067345323076789185, 0.0034628267591906791, 
0.0092650958934945623, -0.0059970944738550998, -0.0036437434935776528, 
-0.0042297892036965547, -0.003223351505534796, 0.009230132854041298, 
-0.005193815853759734, 0.0038895999147307708, 0.0054762898170521235, 
0.037980125143541779, 0.0024783024191149805, 0.0070984361210780006, 
0.010471828240067517, -0.011805521930751704, -0.0055913934725805338, 
0.032626558745622432, 0.00095427308266063816, 0.0053476429453965663, 
-0.02096340812266214, 0.00045552045368984064, -0.0035806925879776044, 
0.003314424670640775, -0.0058084571285696449, -0.0016407257599647515, 
-0.011598686588748786, -0.00091214216971745906, -0.017658839415241698, 
0.0016825496717008098, 0.0031814849588936121, -0.0024323927075813249, 
0.0066173964746671539, 0.0091381748159445556, -0.0020549959912358061, 
0.03003637832001823, -0.0029050516387816427, 0.022891737542969842, 
-0.0068814019221613053, 0.0085770940898794931, 0.0064315485967145966, 
-0.020630594741581333, -0.042805482208409372, 0.014537463047312096, 
0.00045552045368984064, -0.020349085253809653, -0.0031846704359304511, 
-0.014766049358884203, 0.0036083261816553199, 0.021688313059893789, 
-0.008447490017822655, 0.0053034525543332149, -0.008251296765159755, 
0.0043580751186769731, 0.0081207092306108692, -0.0075565053071099146, 
-0.012188976907701959, -0.0030704336882043828, 0.014411568982273247, 
0.017278495929391631, -0.034856893733985685, 0.0099502554647931639, 
-0.00041352843288029219, 0.0078417444719720061, -0.00877095835288705, 
0.01592382342253347, -0.0017560387282806145, 0.0039506517032013985, 
-0.0035806925879776044, -0.0031846704359304511, 0.004090908743593428, 
0.0038968730246648504, 0.0038297799474605056, -0.010754119550653463, 
-0.016542479164038015, -0.02864552509076081, -0.0017722719192028739, 
-0.003907513242168194, -0.0049696569910660836, 0.0047199600626010325, 
0.0059808305863441168, 0.00022470076254821851, 0.0014501092173101796, 
-0.12085955531002569, 0.018851003560331349, 0.0063182249866291515, 
-0.0030289579090965646, -0.0019272398132362898, -0.00030856438430843929, 
0.01324492635352253, 0.017854143604924422, -0.0070028902025035585, 
0.003314424670640775, -0.014766049358884203, 0.0038968730246648504, 
0.0070337388374380879, -0.0041399546185989962, 0.010129250776359166, 
0.0093944070285880334, -0.0044587113633314671, 0.02635054573117538, 
0.0020584986943064992, -0.0028026320368595686, -0.001279254782315904, 
-0.0053937199397899455, 0.0029836325571223903, -0.0032299333282007725, 
0.0021256117516240888, 0.0013724928024737904, 0.00032788428162116868, 
0.0010713894075546774, -0.0053504800817604095, -0.00014114408387441585, 
0.016508046661617766, 0.0040960236054056456, -0.00067345323076789185, 
-0.005808457128569644, 0.0036083261816553199, 0.0038297799474605056, 
-0.0041399546185989953, 0.0023284759898256095, -0.0040559388243654772, 
0.010974669487346982, 0.0099812108194344794, 0.017350352502220442, 
-0.0057064110328350088, -0.0047955682458117165, 0.0033396454263380773, 
-0.0017983059496567623, 0.011463520543559804, 0.00077642395574477622, 
0.021402957102389476, -0.037605171734515129, 0.015245989936226317, 
0.0043572503285322448, 0.0045069857135846348, 0.0014686139379780083, 
0.022913543167318626, -0.0099628605660829189, 0.0034628267591906791, 
-0.0016407257599647515, 0.021688313059893789, -0.010754119550653463, 
0.010129250776359166, -0.0040559388243654772, -0.044386884202996031, 
-0.031750877581261966, -0.017610002150009945, 0.013863844957575906, 
0.00056008218726294977, 0.007626621949461009, 0.0099991793378561393, 
0.020534256544493625, -0.0036503909855945967, 0.00062693644989367139, 
-0.17249119642584501, -0.050405950060590961, 0.011203783999406117, 
-0.0075924446759289164, -0.00097463701582361617, -0.0041728053621287358, 
0.017392819767285191, -0.028003345349470236, 0.0092650958934945606, 
-0.011598686588748786, -0.0084474900178226533, -0.016542479164038018, 
0.0093944070285880334, 0.010974669487346982, -0.031750877581261973, 
-0.020425258686342113, -0.047401942127287433, 0.0116150239073215, 
-0.004306918011920559, -0.0035439724135465618, -0.01024932832755843, 
-2.3259054621462452e-05, -0.0045501537311441508, 0.01431817119360356, 
-0.02210579020265031, -0.016481215649504125, 0.01059948888725978, 
0.0015911575390829245, -0.015761725760196337, -0.014127208788910888, 
-0.025808753819933892, 0.036094315834954968, -0.0059970944738550998, 
-0.00091214216971745917, 0.005303452554333214, -0.028645525090760814, 
-0.0044587113633314671, 0.0099812108194344794, -0.017610002150009942, 
-0.047401942127287433, -0.05872037205483379, -0.0023039575861304243, 
-0.0093417083052816131, -0.014532561416436725, -0.010898316002866119, 
0.011053946948089028, -0.012551151432143174, -0.0080440824552022207, 
-0.262681137945108, 0.020931958763909627, 0.017564278923171622, 
-0.0088858676880594015, -0.0033567369870387887, -0.014028720304750442, 
0.0017173615244194349, 0.009099579646200109, -0.0036437434935776528, 
-0.017658839415241698, -0.0082512967651597532, -0.0017722719192028737, 
0.02635054573117538, 0.017350352502220442, 0.013863844957575906, 
0.0116150239073215, -0.0023039575861304247, 0.013528025764826713, 
-0.0070553660787262499, -0.0025504162411485549, -0.0011017610148163425, 
0.0055711626395456362, -0.0051073842244369633, -0.0032837535874241887, 
0.03331170632747283, 0.033848098274504336, 0.0038020343510107662, 
0.00061944201247725707, -0.0004704584465968238, -0.0092249201290803464, 
0.012971064184771262, 0.0077717626112399161, -0.0042297892036965547, 
0.00168254967170081, 0.0043580751186769731, -0.0039075132421681931, 
0.0020584986943064992, -0.0057064110328350097, 0.00056008218726294977, 
-0.004306918011920559, -0.0093417083052816149, -0.0070553660787262499, 
0.0038387745171411373, 0.0031893481623833653, 0.0025927405919831167, 
0.0044558735157047219, -0.00062575198538068115, 0.0076076981772749096, 
-0.0035666157613479009, 0.021969017648642973, 0.0040649087629038181, 
0.0012969442996317168, 0.0021397529772145033, 0.003278893312187425, 
-0.012351880893506233, -0.0041918509934799836, -0.003223351505534796, 
0.0031814849588936121, 0.0081207092306108709, -0.0049696569910660845, 
-0.0028026320368595686, -0.0047955682458117165, 0.007626621949461009, 
-0.0035439724135465618, -0.014532561416436723, -0.0025504162411485549, 
0.0031893481623833653, 0.0011256597342306387, 0.00090574222755440031, 
0.00205489527847097, -0.0026544462795155652, 0.0053036700707902147, 
0.028472619292379164, -0.0047231417261437113, 0.0049816563759442793, 
0.0010267839215090328, 0.0069804961489404981, -9.4773325318711662e-05, 
0.0055874582062402497, 0.0045035906495436515, 0.009230132854041298, 
