structure(c(-7.1631903174436724, -5.1765474812864083, 0.12135678488423592, 
1.8498502445656606, -1.5891227440457891, 1.093950665761771, -0.024030319429338042, 
0.68272034215348321, -4.7799088654194444, -2.5678840219593173, 
-6.5913319190682929, -0.68880590654549179, 9.166891924764887e-05, 
0.13725374965062309, 0.047814172091213136, -0.11117414766364886, 
0.057147932861648112, -0.16298173360368717, -2.787164570517906, 
-1.4262084259149759, 0.05756648395139418, 0.39702710350631393, 
0.18708527725740268, 0.28068161773902262, -5.1765474812864083, 
-3.5209931550840419, -0.18244681849787875, 1.0932440632564291, 
-1.1655973541823257, 1.038074169674742, 0.07553474031634487, 
0.028019735664697426, -3.316827432752393, -2.5368965036762794, 
-3.9508053656810138, 0.048149954233709477, -0.017401415219020732, 
0.16259950885241034, -0.22402759444379958, 0.29089489811206282, 
-0.18088863028029567, 0.059828831110791091, -2.523927269397225, 
-0.58194492024415245, 0.34047044065226895, 0.14114317202408866, 
0.13228683712598183, -0.07062915702999327, 0.12135678488423592, 
-0.18244681849787872, 0.26468865817389103, 0.064942012801402577, 
0.11062932892613589, -0.063266841389395173, 0.0022279571118836612, 
-0.30396219096642513, -0.23217515062760583, -0.15604642810133271, 
0.20470947492346123, 0.085650655786089033, 0.07473252694901783, 
-0.049606120334355325, -0.079983683908554912, 0.014421116457649317, 
-0.036203294972294062, -0.057885819123792967, 0.24608467160793493, 
-0.0039419007346318457, -0.056494472021495115, 0.035927275758971006, 
0.047951748611104204, 0.010774940216405196, 1.8498502445656606, 
1.0932440632564293, 0.064942012801402577, -0.45570162931569186, 
0.37596477733669786, -0.29261893653679422, -0.26815323106406441, 
0.13071965314957049, 1.2986878574761866, 0.54106120024336224, 
1.6546904225926711, 0.016818265904396373, 0.0041539995431154227, 
0.10922689245464988, 0.04007958381831743, -0.05127046016664661, 
0.21636886182014797, -0.11883304418213977, -0.78225638850999957, 
-0.42238203801918356, 0.022514490992606957, -0.039599206353755523, 
0.0075495921829324512, 0.038014803553936029, -1.5891227440457891, 
-1.1655973541823257, 0.11062932892613589, 0.37596477733669786, 
0.18704428342009016, 0.14527482334054967, 0.037950327551395102, 
-0.28613896849430409, -1.815891589592848, -0.70806853240298151, 
-1.9224178400826712, -0.33672232867201213, 0.088177768270074383, 
0.11257656574294976, 0.28446273576990377, 0.15925254476519815, 
0.11164607864344901, -0.10161422419129446, 0.51267621908748107, 
-0.36105417632491427, 0.12139934431433676, 0.025464210342172493, 
0.17824077940734892, 0.43631573282478314, 1.093950665761771, 
1.038074169674742, -0.063266841389395173, -0.29261893653679422, 
0.14527482334054967, -0.20051674538582195, -0.070538239126564192, 
-0.047021022760539231, 0.92128312366283116, 0.15788000172698874, 
1.4871983614750293, 0.073367603192501546, 0.080869179241189179, 
0.028138436549252667, -0.20612187537969656, -0.060096831859255899, 
0.10690665402204291, -0.096814561437830529, -1.0762681577363278, 
0.44875450692198898, 0.0087068617657919869, 0.019554008125313015, 
0.07103933907772253, -0.014976255339544197, -0.024030319429338046, 
0.07553474031634487, 0.0022279571118836608, -0.26815323106406441, 
0.037950327551395102, -0.070538239126564192, 0.14989608422502129, 
0.0980115260471697, 0.15297659207550202, 0.042797367620749871, 
0.10492298386172887, -0.19699225203107765, 0.086406929535618834, 
0.015930467620286718, 0.19397462579027416, -0.097852931713516139, 
-0.0090930633098631457, -0.015619865492520084, 1.2670878865719779, 
-0.36687172855989342, 0.11235762739110176, 0.037715332484926777, 
0.12554909354581301, 0.045690977446898984, 0.68272034215348321, 
0.02801973566469743, -0.30396219096642513, 0.13071965314957049, 
-0.28613896849430409, -0.047021022760539231, 0.0980115260471697, 
0.20248210240367376, -0.030422977610899096, 0.25095376499923411, 
-0.019941888025223082, 0.032526453371426907, 0.015665648240406144, 
0.052823653933163794, -0.016824354728882725, -0.027928527016863505, 
0.09788673986346022, -0.10187800647481947, -1.4590313386718019, 
0.33774918396989401, 0.18180301493289619, 0.021317453543990523, 
0.0044308912106503151, 0.067042369270853885, -4.7799088654194444, 
-3.3168274327523934, -0.23217515062760583, 1.2986878574761864, 
-1.815891589592848, 0.92128312366283116, 0.15297659207550202, 
-0.030422977610899096, -5.8868915142069822, -2.4466187613204942, 
-5.2742917854377698, 0.49755589716372883, 0.16390499823728158, 
0.3047591825268729, -0.02327116307758512, 0.21228955157167978, 
-0.12705118922844758, -0.12191108947077456, 0.43630556675611215, 
0.58596912674420476, 0.28952625468932475, 0.16331549639983056, 
-0.040558795582449882, 0.042722059503915645, -2.5678840219593173, 
-2.5368965036762789, -0.15604642810133271, 0.54106120024336224, 
-0.70806853240298162, 0.15788000172698874, 0.042797367620749871, 
0.25095376499923411, -2.4466187613204946, -0.46195806612695889, 
-3.1106295882154762, -0.057340566483070676, 0.045382313397864305, 
0.07690210373383341, 0.077390931894137219, -0.069447200566165004, 
0.12290984282200708, 0.09578220943051044, -1.0388094222888824, 
0.98338837843578575, -0.1480328618462517, 0.26057339890365983, 
0.18570232041409901, 0.10379169553851904, -6.5913319190682929, 
-3.9508053656810138, 0.20470947492346123, 1.6546904225926713, 
-1.922417840082671, 1.4871983614750293, 0.10492298386172887, 
-0.019941888025223082, -5.2742917854377698, -3.1106295882154762, 
-6.7874650105747749, 0.035373424673706196, 0.031950538039907737, 
0.010573472610757311, 0.045587877531103348, -0.16131134158443236, 
0.052020653225054898, -0.31616565758002096, -1.9475097058073025, 
1.0963906287355385, -0.019303568216690842, 0.0047526503290459205, 
0.29435614008267796, 0.030715423194049192, -0.68880590654549179, 
0.048149954233709477, 0.085650655786089033, 0.016818265904396376, 
-0.33672232867201218, 0.07336760319250156, -0.19699225203107762, 
0.032526453371426914, 0.49755589716372889, -0.057340566483070669, 
0.035373424673706202, 0.022066661286993333, -0.024506548881905482, 
0.11131369500349651, 0.10137305978155513, 0.32123475472633983, 
0.23599509962915075, 0.31279437873718935, -1.3130132335747284, 
0.67294774200067453, 0.23860324661618421, 0.33234990836294914, 
0.13125811294799569, 0.0073607497895642688, 9.1668919247648884e-05, 
-0.017401415219020732, 0.07473252694901783, 0.0041539995431154218, 
0.088177768270074383, 0.080869179241189193, 0.086406929535618834, 
0.015665648240406144, 0.16390499823728161, 0.045382313397864305, 
0.031950538039907737, -0.024506548881905482, 0.11573463787818307, 
0.11738191900254449, 0.066555583300765775, 0.028821759188810969, 
0.024241532979788951, 0.061273895737507328, 0.44233603753265716, 
-0.064720171320283224, 0.064099175105234274, 0.072460788680362459, 
0.027539878362062169, 0.022895262324773263, 0.13725374965062309, 
0.16259950885241034, -0.049606120334355318, 0.10922689245464987, 
0.11257656574294975, 0.028138436549252667, 0.015930467620286718, 
0.052823653933163801, 0.3047591825268729, 0.07690210373383341, 
0.010573472610757311, 0.1113136950034965, 0.11738191900254449, 
0.092373918131651703, 0.039872289913152198, 0.038625438080609455, 
-0.032193292970096092, 0.069823405243047199, 0.16367417960590289, 
0.055198880863914362, 0.024456232328052673, 0.018972173087674096, 
-0.057052265860997604, 0.035260659016998402, 0.047814172091213129, 
-0.22402759444379958, -0.079983683908554912, 0.04007958381831743, 
0.28446273576990372, -0.20612187537969656, 0.19397462579027414, 
-0.016824354728882725, -0.02327116307758512, 0.077390931894137219, 
0.045587877531103355, 0.10137305978155514, 0.066555583300765775, 
0.039872289913152198, 0.20580576852019317, -0.054226109270995915, 
0.035711215425449049, -0.067410312553960183, -0.67777971986469787, 
0.064372576221469538, -0.045336897370172519, -0.0018300533661229235, 
-0.02140605102943877, 0.094526088988322571, -0.11117414766364886, 
0.29089489811206282, 0.014421116457649315, -0.05127046016664661, 
