structure(c(-0.54932230214394773, -0.316825955100006, -0.051116828085286323, 
0.07581723910457995, -0.063313627035498976, 0.13170275019365663, 
-0.059658031506308336, 0.14674329305547215, -0.44753473781707481, 
0.0058394162750473452, -0.42345013273331744, -0.011094730851624693, 
0.0035979381761348799, 0.078986257106356719, 0.098598870207537243, 
-0.011903688483823645, 0.11722995820997024, -0.047463272584000321, 
-0.43512373641951041, -0.46749244295918263, 0.13392459095421066, 
0.15078203480398833, 0.19443113062291315, 0.032320888515261048, 
-0.31682595510000594, -0.48094839556449226, 0.041117559456334773, 
0.010803116473566405, 0.088257225413421944, 0.052632614023069325, 
-0.041143614428732808, 0.060677268199725111, -0.30857654958578778, 
-0.18164455192271353, -0.33710384460693499, 0.0082230477206493742, 
0.0029969693661361907, 0.0032883774647287233, -0.052976695551936889, 
-0.021964220818621143, 0.035742967502257098, -0.039411642523030976, 
-0.12821793528426814, 0.22573144049489194, -0.0072125460390975588, 
-0.05802266031186129, 0.014794743113594922, -0.036624311428560007, 
-0.051116828085286323, 0.04111755945633478, 0.024981508374015447, 
0.039837293482800663, 0.045674379712050815, -0.015685245974450333, 
0.00039192665201734979, 0.0070476369956405755, -0.12879364933478041, 
-0.073045363885887019, -0.098114502117374061, -0.021851672027156831, 
-0.00046058651886889845, -0.027654839421106119, 0.01991320953685969, 
-0.068927483638420536, 0.011617038044446687, -0.075579224401742764, 
-0.0069500113450485243, 0.16105445504721844, 0.0033204636437198527, 
-0.010981580338189767, -0.0047187103747008043, -0.019115324121877723, 
0.075817239104579964, 0.010803116473566405, 0.039837293482800663, 
-0.079091912922493388, 0.019774065872663955, 0.0091636962478304912, 
-0.010549089569644888, 0.09444721764123401, 0.071727285923249132, 
0.22150030265045528, 0.048599063567271131, 0.029136617047178494, 
0.0030287583791686356, 0.012419462240326277, -0.0072025224791532009, 
0.032279872920363106, -0.0083021189176451012, -0.021256539523755773, 
-0.10984217204735652, 0.4123202758562094, -0.0035942282100366418, 
0.0043876425886247242, -0.0085502473703976001, 0.0065238079266260445, 
-0.063313627035498976, 0.088257225413421958, 0.045674379712050815, 
0.019774065872663955, 3.42122177888244e-05, 0.028114942592953121, 
-0.017251244950747906, 0.063149826136764287, -0.18070522717237017, 
-0.10363061903898094, -0.17973193924423134, -0.072340652360636762, 
0.01757950005470468, 0.027853593221633832, 0.04662863875739158, 
-0.039806781637012796, 0.029239310555019857, -0.023537215687153393, 
0.0071929864690927223, 0.10020321319353859, -0.06047104823659006, 
0.061072473443235194, 0.054745069385204279, 0.036788647036145865, 
0.1317027501936566, 0.052632614023069318, -0.015685245974450333, 
0.0091636962478304912, 0.028114942592953121, 0.039914254391107962, 
-0.002006344944241456, 0.010084773505842881, 0.093506963248712369, 
0.080138819447949372, 0.026897076263257724, -0.002767865982898814, 
-0.02723013036935748, -0.039681283208865263, -0.041670963345878699, 
0.0039768579743979992, -0.026129780121891964, -0.024533634445201794, 
1.2160572778034623e-05, 0.24918358712129535, 0.0091488290508775095, 
-0.022158206198302079, -0.0027868757767231475, -0.026070172101401404, 
-0.059658031506308336, -0.041143614428732808, 0.00039192665201734974, 
-0.01054908956964489, -0.017251244950747906, -0.0020063449442414556, 
0.043627618464517029, -0.00072878331070726167, 0.037378994622240605, 
-0.10512959236994601, 0.0048153866647537673, 0.051138317225562932, 
0.0043384004121502801, 0.011716658341576487, -0.017748142549739845, 
-0.021764294442562334, -0.023899537746930721, -0.010482325798899805, 
0.15853202135349234, -0.084028500258514313, 0.017863415802014424, 
-0.027474527570850091, 0.036318127583303425, 0.012850026218260957, 
0.14674329305547215, 0.060677268199725125, 0.0070476369956405755, 
0.09444721764123401, 0.063149826136764287, 0.010084773505842881, 
-0.00072878331070726178, -0.0039397585309523383, -0.013766075703382959, 
0.073280315732364265, 0.01311391838709523, -0.0030493577809060763, 
0.0090204402648622339, 0.010502552082192878, 0.0091085455932986073, 
0.00038208372206982176, -0.0082352020138490613, -0.032265401717898663, 
0.2220796556574221, 0.17288447576632862, 0.022226371301294991, 
0.0098103745384412241, -0.0027730407442415899, -0.042204580940336481, 
-0.44753473781707481, -0.30857654958578773, -0.12879364933478041, 
0.071727285923249132, -0.18070522717237017, 0.093506963248712369, 
0.037378994622240605, -0.013766075703382959, -0.58323495578803397, 
-0.21626706688018721, -0.49172086108028545, -0.023910367458867415, 
0.080840762941196576, 0.066703665387722488, 0.021248647178708273, 
0.043682907089063645, 0.044937908355877416, -0.015236798421460083, 
-1.2348357414017455, 0.50593675862245058, -0.0037633413175674488, 
0.04936198312214627, 0.097552030223654107, 0.041936149925436247, 
0.0058394162750473452, -0.18164455192271353, -0.073045363885887032, 
0.22150030265045531, -0.10363061903898095, 0.080138819447949372, 
-0.10512959236994603, 0.073280315732364265, -0.21626706688018721, 
-0.18241431850900336, -0.32440624224439374, -0.062129808123709079, 
0.025933969590444233, 0.032634791604804092, -0.01594587342796305, 
0.0086944958498764106, 0.073219141385332379, 0.015464317466947548, 
0.17869386970614029, -0.26346624404881286, 0.0081183010763784987, 
0.020589458255245028, 0.05226182148439245, -0.028508314824078878, 
-0.4234501327333175, -0.33710384460693499, -0.098114502117374047, 
0.048599063567271131, -0.17973193924423131, 0.026897076263257727, 
0.0048153866647537673, 0.013113918387095231, -0.49172086108028551, 
-0.32440624224439374, -0.65072901883405243, 0.036118559076894277, 
-0.00065548776603432154, 0.029965869372886384, 0.019877446956822843, 
-0.027728419354895988, 0.07930673479796585, -0.015811508597746354, 
-0.4888119826161435, -0.11398722253089261, -0.00350644059312553, 
0.03771157117302007, 0.001996748808427842, 0.00043593176285570224, 
-0.011094730851624695, 0.0082230477206493742, -0.021851672027156828, 
0.029136617047178497, -0.072340652360636776, -0.0027678659828988136, 
0.051138317225562932, -0.0030493577809060763, -0.023910367458867415, 
-0.062129808123709086, 0.036118559076894277, -0.047885979069351534, 
0.022852754284761856, 0.022855433813792007, -0.009662913324816157, 
0.011766326572899017, 0.030729838260737552, -0.018679576126539796, 
0.21043421155317282, 0.18721101909587046, 0.042567941152232107, 
0.021732176833669889, 0.02491933134948119, 0.012464497531912264, 
0.0035979381761348799, 0.0029969693661361907, -0.00046058651886889845, 
0.0030287583791686356, 0.017579500054704676, -0.02723013036935748, 
0.0043384004121502801, 0.0090204402648622339, 0.080840762941196562, 
0.025933969590444229, -0.00065548776603432165, 0.022852754284761856, 
0.028636068813700337, 0.029473133015252798, 0.01470103504336368, 
0.016591175536745491, 0.01610533627801191, 0.015817006342312735, 
-0.031584139024310509, 0.13793433225781349, -0.0019887579564936931, 
0.016318042372159749, 0.0062318029348900307, 0.023285761654412391, 
0.078986257106356719, 0.0032883774647287233, -0.027654839421106116, 
0.012419462240326279, 0.027853593221633832, -0.039681283208865263, 
0.011716658341576485, 0.010502552082192876, 0.066703665387722488, 
0.032634791604804085, 0.029965869372886384, 0.022855433813792007, 
0.029473133015252798, 0.020511622272821592, 0.01201559097884986, 
0.0043538438105793324, 0.0023438025216787201, 0.014985376742806096, 
-0.033739730754291868, 0.13480572162716684, 0.0040751120367519232, 
0.014450000148749507, 0.012258454384543519, 0.021899964072288183, 
0.098598870207537243, -0.052976695551936896, 0.01991320953685969, 
-0.0072025224791532009, 0.04662863875739158, -0.041670963345878706, 
-0.017748142549739845, 0.0091085455932986056, 0.021248647178708273, 
-0.015945873427963046, 0.01987744695682284, -0.009662913324816157, 
0.014701035043363682, 0.012015590978849862, 0.011230599908196828, 
