structure(c(-0.82840244223591808, -0.80343344628796187, 0.052256342189231128, 
0.354335046091656, -0.35035210149834123, 0.18651130491644741, 
0.0046637328112243788, 0.049726517243598507, -0.82363143773930447, 
-0.54528136662249083, -1.2098446498283124, 0.010270751199360164, 
0.0023330000916612047, -0.02381876985237328, -0.033030834473441677, 
-0.0020498668667003794, -0.10582366532219903, 0.045773287731268104, 
-0.34237973904581986, 0.22149467168977799, -0.079136431297181564, 
-0.053915766091928212, -0.086913591430634388, 0.0073187087335306756, 
-0.80343344628796187, -0.15721791231132901, -0.076740653354890859, 
0.20221482261536572, -0.37795292903571126, 0.17956401999506394, 
0.0438232746778306, -0.043996280415976981, -0.5709842256279567, 
-0.30249815312013911, -0.57457845740573554, -0.01434090891035153, 
-0.016873090827159029, 0.011801612625649697, 0.05139026770499177, 
0.02680848643391465, -0.057336058621748981, 0.076795801730478633, 
-0.30570141416351121, -0.11867140519348142, 0.043394209095085401, 
0.050531692343828392, 0.02516124052090599, 0.054327977445933852, 
0.052256342189231128, -0.076740653354890859, 0.11444999644845298, 
-0.075699240879849389, -0.031974545362670061, -0.022316027934696163, 
0.012827953998546592, -0.02599796007880217, 0.027543387683024324, 
0.035079767305353782, 0.14243790438808338, 0.01759072115156067, 
0.012964534832199026, 0.024382396203744119, -0.019533665488477125, 
0.033663108794448629, -0.0082721844675859926, 0.05963979277045129, 
-0.031720921356211088, -0.11801465128195386, -0.0082656083271582768, 
-0.0032111646779594458, 0.0078216682537577149, 0.0097304338396037582, 
0.354335046091656, 0.20221482261536569, -0.075699240879849375, 
0.013156179548742699, 0.1192867753393087, -0.043585460732571496, 
-0.029856625011494574, -0.069785721405267398, 0.27241572261604652, 
-0.040089380794169953, 0.34667017282043727, -0.019069052033423049, 
0.0029448337525423748, 0.0057977739483525892, 0.00050569237500853602, 
0.0039318290399844042, 0.015412020818391521, 0.0037487694117093249, 
0.18733292078343514, -0.30096181113091586, 0.0029528559225304373, 
0.0016159774123833477, 0.01701915880383013, 0.009094582534804687, 
-0.35035210149834123, -0.37795292903571132, -0.031974545362670061, 
0.11928677533930869, 0.026065457446554106, 0.012993714114114449, 
0.031115781113222971, -0.087296477676858289, -0.31726127457108411, 
-0.076339488762784374, -0.24980965480020773, 0.019240035220280793, 
0.017256816403103028, 0.0040985932132408124, -0.011871810984220379, 
0.037290516551990033, 0.015299630980476348, -0.014075631277219901, 
0.028856151772063455, -0.073958924843310125, 0.071596405176882247, 
-0.052362814081560509, -0.0092209981901398928, 0.021664355677233755, 
0.18651130491644741, 0.17956401999506394, -0.022316027934696163, 
-0.043585460732571503, 0.012993714114114449, -0.048284489461094225, 
-0.015336140987243759, -0.027268363464547415, 0.13705944751431248, 
-0.001834620738425542, 0.2748598659790254, 0.035964861467854922, 
0.028289268995896455, 0.042827091417662194, 0.0054129053347621399, 
0.0025806086904926169, 0.02947796904134932, 0.015858768258612811, 
-0.055871245199502581, -0.14565707883418211, 0.0065485028409881362, 
0.010124967123840097, 0.0096437614135469404, 0.026673468881288475, 
0.0046637328112243779, 0.043823274677830606, 0.012827953998546592, 
-0.029856625011494577, 0.031115781113222968, -0.015336140987243759, 
0.0086753148606645916, -0.016612338615791093, -0.018691884862197167, 
0.072992736378650558, 0.011999298934935362, -0.10831214774733894, 
0.012057747068998087, -0.0042419107248215689, 0.034524456360566301, 
0.020051153222361225, 0.010165805437725599, -0.0015180126829412374, 
-0.07391312687051553, 0.09729601811280017, 0.0019897863265208658, 
0.013387718147078082, -0.012878320356333284, -0.014111966012649567, 
0.0497265172435985, -0.043996280415976981, -0.02599796007880217, 
-0.069785721405267412, -0.087296477676858275, -0.027268363464547415, 
-0.016612338615791089, 0.044849159151682028, 0.041967687980807092, 
-0.0029332170133870242, 0.026474305071173675, 0.00084371594894503234, 
-0.00041830162192413453, 0.010796676853289331, -0.0020019880528209882, 
0.016402177588687113, 0.023957804916070698, 0.023524152421638876, 
-0.26855916065669561, -0.10981804421845293, -0.0016791338586630013, 
-0.0071454612128491642, 0.0096453166407024869, 0.053833074787888402, 
-0.82363143773930447, -0.5709842256279567, 0.027543387683024324, 
0.27241572261604652, -0.31726127457108411, 0.13705944751431245, 
-0.018691884862197167, 0.041967687980807092, -0.79926668217936003, 
-0.41999927691561134, -0.98370499138354095, 0.049552682863453719, 
-0.048710291158163672, -0.032815697233236754, 0.0019319111938851613, 
-0.01553058637621155, -0.02092878768203171, 0.011650906314149037, 
0.88017358105108356, -0.2909462692279754, 0.027248259251059299, 
-0.0081004316391758736, -0.1042174634178533, -0.0010655043537826524, 
-0.54528136662249072, -0.30249815312013917, 0.035079767305353782, 
-0.040089380794169953, -0.076339488762784374, -0.0018346207384255422, 
0.072992736378650558, -0.0029332170133870238, -0.41999927691561134, 
-0.029761062466742989, -0.43284973636849894, 0.053414408699704451, 
0.0034362153794898894, 0.00024628704033804983, 0.027190421631681661, 
-0.013587875787043392, -0.059875394493359858, -0.0037421277278242462, 
-0.36537191463189023, 0.45091692321379723, -0.019802089417119331, 
0.042791199181350228, 0.0076577392563708865, 0.047024900109343744, 
-1.2098446498283124, -0.57457845740573554, 0.14243790438808338, 
0.34667017282043727, -0.24980965480020773, 0.2748598659790254, 
0.011999298934935364, 0.026474305071173671, -0.98370499138354095, 
-0.43284973636849888, -0.80530069051433906, -0.049446271204628231, 
0.024379024218922747, 1.7148054833246348e-05, -0.027735212348662473, 
0.017495929972342741, -0.092577021620462954, -0.011206170387138194, 
0.16757624621744543, 0.15961368119984959, -0.034912266564656527, 
-0.026779341685264111, 0.060424292354014135, 0.011886246433077504, 
0.010270751199360164, -0.014340908910351531, 0.01759072115156067, 
-0.019069052033423045, 0.019240035220280793, 0.035964861467854922, 
-0.10831214774733892, 0.00084371594894503234, 0.049552682863453712, 
0.053414408699704458, -0.049446271204628231, 0.094576992386868605, 
0.010786397088501919, 0.021222603173165034, 0.027108034149005904, 
0.036551422641984403, 0.001623000047334058, 0.052229086186495473, 
-0.30081061288465516, 0.0081649037363033077, 0.025455876047019967, 
0.040911129488473787, 0.004962944337519812, 0.016012792187933798, 
0.0023330000916612047, -0.016873090827159033, 0.012964534832199028, 
0.0029448337525423748, 0.017256816403103028, 0.028289268995896451, 
0.012057747068998087, -0.00041830162192413458, -0.048710291158163672, 
0.0034362153794898894, 0.024379024218922747, 0.010786397088501919, 
0.033977891467710637, 0.032547056584997049, -0.0015155184457112194, 
0.00028509654888725589, 0.0017454959909538128, -0.00056089123833913488, 
0.027389257884045379, -0.075081251931798793, 0.019971621578207914, 
0.018177176328392695, 0.0055629003378932246, -0.0029079035917263471, 
-0.02381876985237328, 0.011801612625649697, 0.024382396203744119, 
0.0057977739483525892, 0.0040985932132408124, 0.042827091417662194, 
-0.0042419107248215689, 0.010796676853289331, -0.032815697233236761, 
0.00024628704033804983, 1.7148054833246348e-05, 0.021222603173165034, 
0.032547056584997042, 0.041735129673764269, -0.002326128276332056, 
0.015819713523010266, 0.0068495476003488983, 0.0090932076948024177, 
-0.026040807257123769, -0.062811377405348534, 0.026342296258931745, 
0.013970833543669693, -0.00080608601666644982, -0.0014353092446199077, 
-0.033030834473441677, 0.051390267704991777, -0.019533665488477125, 
0.00050569237500853602, -0.011871810984220379, 0.0054129053347621399, 
0.034524456360566301, -0.0020019880528209882, 0.0019319111938851613, 
0.027190421631681658, -0.027735212348662473, 0.027108034149005904, 
-0.0015155184457112194, -0.002326128276332056, 0.026328183449687091, 
