structure(c(0.11384712085015894, -0.040772731039040333, -0.0030558184625079157, 
0.002053268851217233, -0.017066891844446444, 0.023409058619048243, 
-0.0022137923185304598, 0.0049740949942439737, 0.034686035338705637, 
0.053014311227835641, 0.070277763022906975, 0.0099992648331318872, 
0.0019770279944371434, -0.0044407400760896262, -0.006358397487121515, 
-0.0015609692780562646, -0.0048600845795367395, -0.0082182391880618044, 
-0.065568323322470978, 0.018256381615585227, 0.038717079351554162, 
0.00013214848339671763, 0.0076661121368044273, -0.0062704616052405649, 
-0.040772731039040333, -0.031596536017949109, -0.01272370659007971, 
0.0092707564940632658, -0.016547125088348057, 0.018828594207219777, 
-0.015732819806273803, 0.00074575354946080556, -0.026592798857878658, 
0.0052850384727634097, -0.024553824646434998, -0.023246261016927675, 
0.0018680029030068361, -0.00047459527752652993, 0.00016415031670730457, 
-0.0051937326515225576, 0.027135642191561428, 0.0091302036672085973, 
-0.040526778400063204, -0.027754883141201184, 0.010064450554783506, 
0.0068679875023084057, 0.0079367854029011066, 0.00026950371381046873, 
-0.0030558184625079157, -0.01272370659007971, -0.00089164690551521062, 
-0.01284294233884636, -0.004895424822161632, 0.0023937221619060589, 
-0.0069467744347030159, -0.0083707834335057223, 0.0017397328451941735, 
-0.0022512437737957406, -0.002650903755364831, -0.0083236829211626676, 
0.0024572604614942423, 0.0022951188514548412, 0.001960998941913403, 
0.0019759350463809363, -0.000340513445551852, 0.01087641161967169, 
-0.0063016183817402949, -0.013014528265481211, 0.0028944995460245164, 
0.0041536265263928309, 0.0039504939297694535, 0.00085842094141402566, 
0.002053268851217233, 0.0092707564940632658, -0.012842942338846359, 
0.0046575497080800048, -0.0031943623952429157, 0.0094271845012095234, 
-0.010384525931709652, 0.0049865115296713397, 0.010279962062429536, 
0.0029338566122936163, -0.008920498506499272, 0.00046884796253312373, 
-0.0018156608819999195, -0.0025275098382381883, -0.0035867648906081143, 
0.00019952162076726089, -0.0042215619412857511, -0.005465356192824079, 
0.040372398068510555, -0.0037791213120228922, -0.0061832166162394901, 
0.0014689527341485882, -0.010715491334397542, 0.002460142520774619, 
-0.017066891844446444, -0.016547125088348057, -0.0048954248221616328, 
-0.0031943623952429153, 0.0032042133073576203, 0.0044832428685682713, 
-0.0042989834604926789, 0.0031471198062935795, -0.011649974702170404, 
0.0056328399748665397, 0.0028695719905408477, 0.0015788430798636924, 
0.0034092283323235392, 0.0022854595074448649, -0.013429616947431553, 
0.0036035284232814823, 0.0037939008405667128, -0.003017714778571086, 
0.053135820266220095, -0.060352552714876509, -0.0016850222167879552, 
0.0050974342588971343, -0.0047586442135692832, -0.0081268340074048609, 
0.023409058619048247, 0.018828594207219773, 0.0023937221619060589, 
0.0094271845012095234, 0.0044832428685682713, 0.0010504570113562537, 
0.0037636261711733146, 0.0048502039004282294, 0.019749095809826166, 
0.016069687526409318, -0.007516718325153441, 0.0066426866580195582, 
-0.0011678661301963824, -0.005116043482952185, -0.0044483029537832498, 
-0.0062243867968825046, 6.0648368475750948e-05, -0.004917862835298715, 
-0.037642545274152707, 0.025404246000426831, -0.0036166769085769668, 
-0.0018401644458813534, -0.0030850203734917648, -0.0010815491930317998, 
-0.0022137923185304598, -0.015732819806273803, -0.0069467744347030159, 
-0.010384525931709652, -0.0042989834604926789, 0.0037636261711733146, 
0.010574890490538565, 0.00038310274764177154, -0.027033587547625474, 
-0.0077723700457458505, -0.015584663452511371, -0.0040447758338255724, 
-0.0035047228205208288, -0.0023594358406372213, -0.00063372682506835092, 
0.0058781575507090723, 0.0083560326532178038, 0.00062342248277079035, 
0.0052867357842168849, -0.0064526143974221158, -0.0018624477551188888, 
-0.0031681449161325304, 0.0026746190793390692, 0.0038543021058982862, 
0.0049740949942439737, 0.00074575354946080556, -0.0083707834335057223, 
0.0049865115296713397, 0.0031471198062935791, 0.0048502039004282302, 
0.00038310274764177154, 0.00057553146373281333, -0.016200736131995654, 
0.0097253826486282755, -0.010771848581075267, 0.0039160986715215552, 
0.0016692916765654081, 1.0914044202489744e-05, 0.00011544417656769341, 
0.0020232608854718402, -0.0034134853327655256, 0.0078768305728715311, 
-0.067206389464230951, -0.044569462254321783, -0.001124289779981069, 
0.0025619706534366089, -0.0066552352752124204, -0.0029884514417931152, 
0.034686035338705637, -0.026592798857878661, 0.0017397328451941732, 
0.010279962062429534, -0.011649974702170404, 0.019749095809826162, 
-0.027033587547625474, -0.016200736131995654, 0.031885396591052627, 
-0.015339415116015774, 0.015845279741944489, -0.026511509801851862, 
0.0087402758914876862, 0.0020461642116101123, 0.0025551626531748503, 
0.0014000369214533577, -0.0080002657866456717, -0.013890457085226423, 
-0.039013202383795534, 0.039625262329662812, -0.012487685284143804, 
-0.006850197145175152, 0.0040146880610196388, -0.0010886887972802665, 
0.053014311227835641, 0.0052850384727634106, -0.0022512437737957406, 
0.0029338566122936163, 0.0056328399748665397, 0.016069687526409322, 
-0.0077723700457458496, 0.0097253826486282755, -0.015339415116015774, 
-0.013438266567710232, -0.026605527949696881, -0.0030617396768250135, 
-0.0015962740927978466, -0.0025374854129611474, 0.005466425344147487, 
-0.0043069990649799586, -0.0062694860425496803, -0.0027616815246477278, 
0.028252909472537495, 0.02317810357161184, -0.0079073609609687512, 
0.0022172651956884988, -0.002895392171696163, -0.0069990627582879206, 
0.070277763022906975, -0.024553824646435001, -0.0026509037553648315, 
-0.008920498506499272, 0.0028695719905408481, -0.007516718325153441, 
-0.015584663452511371, -0.010771848581075267, 0.015845279741944489, 
-0.026605527949696884, 0.06201032168247652, -0.015304989550150406, 
0.0076338384151222729, -0.006339026123387834, -0.0037504957297991286, 
-0.010573482379725043, 0.0074403952853439141, -0.0051900364747763193, 
0.084381847629303591, -0.018126001072263222, -0.0021022545874677641, 
-0.011038644755836447, -0.00039125904236516783, -0.004557218400879001, 
0.0099992648331318872, -0.023246261016927672, -0.0083236829211626676, 
0.00046884796253312367, 0.0015788430798636924, 0.0066426866580195582, 
-0.0040447758338255733, 0.0039160986715215552, -0.026511509801851862, 
-0.0030617396768250131, -0.015304989550150406, 0.001076910217875094, 
0.0044164295786533287, 0.0038777323036501116, -0.00094352169586966637, 
0.0016641787404491064, -0.0049767242152630002, -0.004233489310906279, 
-0.0039954114023946679, 0.0085862638138209171, -0.0078793518445703058, 
-0.014308442185180065, -0.0067471396924239247, 0.0030732425239619414, 
0.0019770279944371434, 0.0018680029030068361, 0.0024572604614942427, 
-0.0018156608819999193, 0.0034092283323235392, -0.0011678661301963824, 
-0.0035047228205208288, 0.0016692916765654083, 0.0087402758914876862, 
-0.0015962740927978464, 0.0076338384151222729, 0.0044164295786533287, 
0.00042833937371332523, 0.0016889073943217199, -0.00040093248396137429, 
-0.0017769227597743162, 0.0019277237686180437, -0.00045370949857913404, 
-0.026055219295533665, 0.0055142046011530136, 0.0035992813027356726, 
-0.0042608428374796706, 0.00094190681761531687, 0.0031660849568284498, 
-0.0044407400760896262, -0.00047459527752652993, 0.0022951188514548412, 
-0.0025275098382381883, 0.0022854595074448649, -0.0051160434829521859, 
-0.0023594358406372213, 1.0914044202489744e-05, 0.0020461642116101123, 
-0.002537485412961147, -0.006339026123387834, 0.0038777323036501116, 
0.0016889073943217197, 0.0028503348012002302, 0.0027416301995852755, 
-0.0019068921795157626, 0.0048134935760907084, 0.0020970542208111819, 
-0.020558352924550851, 0.018282957972700287, 0.0040655226455447863, 
0.00085001954798605913, 0.004673488796378549, 0.0037796239648542874, 
-0.0063583974871215141, 0.00016415031670730457, 0.001960998941913403, 
