structure(c(-0.45333359500868564, -0.34008987913934396, 0.0027395482680999507, 
0.11635650250327648, -0.057681242925745446, 0.063978333314211142, 
0.011202056606847314, 0.010688873269591372, -0.41825512359369349, 
-0.2103358737192508, -0.46959441046345557, -0.035654351566223978, 
0.011421605751712799, 0.0036716101266185074, 0.0061633865603684754, 
-0.0055807281881938937, -0.0079279238026892084, 0.036223134555797884, 
-0.073974921366420518, 0.1203167423068033, -0.05977697374789713, 
0.021145397352401465, -0.028826389597819187, 0.0065756390496814728, 
-0.34008987913934402, -0.19847739266033446, 0.0082737790951909751, 
0.069986700213106684, -0.064378912806425964, 0.075030408828853784, 
0.0085588539968829598, 0.019583993927317009, -0.23710097021170534, 
-0.17845650402566524, -0.23983556380106624, -0.0077940542410571455, 
0.008645088245369267, 0.0097646126853241349, -0.01897643334449952, 
0.023161552914471865, -0.040015426691051723, 0.031099040714546652, 
-0.091478607691628175, 0.03713321971240699, -0.013846470681429879, 
-0.0057387543377497678, -0.016583451747205762, 0.0058223400421261061, 
0.0027395482680999507, 0.0082737790951909751, 0.044651836245031572, 
-0.00216366408193178, 0.012888509075343635, -0.003082632965331769, 
0.013181447428861418, -0.0056944163977524984, -0.021002436225241335, 
-0.0051581959571755402, -0.015841736576542708, 0.015556160017186831, 
0.0070605343826236318, -0.0053145332640856316, -0.0034519990011000938, 
-0.020327600777440225, 0.0017406934876938633, -0.0065383662093195915, 
-0.018620324164570191, -0.035135848411625537, -0.0071350339629617102, 
-0.004689378450607894, -0.0084321916634445167, -0.0091128854255118751, 
0.11635650250327648, 0.069986700213106684, -0.00216366408193178, 
-0.005187087763928692, 0.016516395313193717, -0.016681612902005784, 
-0.0090871746600474524, -0.0048036143748747696, 0.076979252949558027, 
0.036344921935520136, 0.1314541855415349, -0.014226200787072542, 
-0.0050463310803442107, 0.0014637307889447844, 0.0011660728250900401, 
0.019996184449711546, 0.011050965435944405, 0.0089953310273325985, 
0.0048771813918738124, 0.0010683733069662832, 0.010303842637215508, 
-0.0040512098203777597, 0.012509082182458749, 0.0092518566141552953, 
-0.057681242925745446, -0.06437891280642595, 0.012888509075343635, 
0.016516395313193717, -0.00014531086420717748, 0.020283860101282351, 
0.0055318712212969355, -0.023746901904742216, -0.13653343297599604, 
-0.057761978100556603, -0.11545314968734191, -0.031712294409682928, 
-0.0057771614421802085, -0.0015604059560066, 0.025653018614849799, 
0.00071049035067576353, 0.0082117408215565402, -0.0053567464243478163, 
0.02024250810343288, -0.02111264598401651, 0.0012558987659118668, 
-0.0093121798519217539, 0.016755274923657908, 0.031366810572689016, 
0.063978333314211142, 0.07503040882885377, -0.003082632965331769, 
-0.016681612902005784, 0.020283860101282351, -0.0018782566084942236, 
-0.0023058514625279923, 0.0049480183769859843, 0.069083569042373671, 
0.0089201796765892034, 0.12408345618545653, 0.010991642631282316, 
0.0086003214805873713, 0.0068755267735007598, -0.0054804922106321064, 
0.0036684889594343932, 0.0038679577133462592, 0.002972501547116735, 
-0.01607311377066813, 0.023014574506336271, -0.00052380669370646101, 
0.0063953045889904199, 0.001236228920524712, -0.0012027156653946667, 
0.011202056606847312, 0.0085588539968829598, 0.013181447428861418, 
-0.0090871746600474541, 0.0055318712212969355, -0.0023058514625279923, 
0.0072771684997575223, 0.0067789652684145038, 0.0076146926900686517, 
-0.0084323291552463112, -0.0039874688250137423, 0.0037160625975702849, 
0.002465579295207093, -0.0014056278343670232, 0.0035731218455478378, 
-0.0093345212270111808, -0.0059515816066739273, -0.0065072853573893636, 
0.03013869816715781, 0.0079533466356235712, 0.0078586592978109066, 
-0.0015724023272328093, 0.0083160182090036335, 0.0049097662129549743, 
0.010688873269591373, 0.019583993927317012, -0.0056944163977524984, 
-0.0048036143748747696, -0.023746901904742216, 0.0049480183769859843, 
0.0067789652684145038, 0.0060181634582637793, 0.012226254319496921, 
0.022785864625706673, -0.011520344759593413, -0.0068957653179357601, 
-0.001248088859577853, 0.00052505927063422513, -0.0038645701123961335, 
0.0036937135928416624, -0.0041066266065048138, -0.018972938704618074, 
-0.032188606204216499, 0.031709768646693899, 0.0025881964950114113, 
0.0038947735316973799, 0.0015001357643110785, 0.0038042974492201844, 
-0.41825512359369343, -0.23710097021170534, -0.021002436225241335, 
0.076979252949558027, -0.13653343297599604, 0.069083569042373671, 
0.0076146926900686526, 0.012226254319496921, -0.42639400046852416, 
-0.21480996790805496, -0.42877228187279409, 0.0021746794597485388, 
0.009183279995663601, 0.011471903161739561, 0.0077344236763490079, 
0.0020901889493470951, -0.01521555872170666, -0.007950019705456262, 
0.036605669426945618, -0.003672066497269452, 0.020788545146778803, 
0.015446185121763189, 0.0061817253981738722, 0.0068031036680060884, 
-0.2103358737192508, -0.17845650402566521, -0.0051581959571755402, 
0.036344921935520136, -0.057761978100556603, 0.0089201796765892034, 
-0.0084323291552463094, 0.022785864625706673, -0.21480996790805496, 
-0.045656569622901509, -0.24522082431520656, 0.014545578953741093, 
-0.00037178450386792856, -0.0013013808968834759, -0.0032195883838849028, 
0.0046198220702843799, 0.01546004387469558, 0.011982001302974537, 
-0.040456719527808972, 0.0077903991716920485, 0.0020696641452543369, 
0.022588014102606378, 0.026436784977478055, 0.020165730209371745, 
-0.46959441046345551, -0.23983556380106621, -0.015841736576542708, 
0.1314541855415349, -0.11545314968734192, 0.12408345618545653, 
-0.0039874688250137423, -0.011520344759593411, -0.42877228187279409, 
-0.24522082431520656, -0.4291890444143418, -0.01755321010773666, 
0.0029729601644747036, 0.015860010963425087, -0.014729822751598311, 
0.0072426946577968552, -0.023638092357614458, -0.0070724194525856781, 
-0.27201992129541114, 0.17001633845065764, -0.014747611532297457, 
0.012091476747217542, 0.0084480046616175995, 0.0037012699500235122, 
-0.035654351566223978, -0.0077940542410571455, 0.01555616001718683, 
-0.014226200787072542, -0.031712294409682922, 0.010991642631282316, 
0.0037160625975702849, -0.0068957653179357601, 0.0021746794597485388, 
0.014545578953741095, -0.017553210107736656, -0.0050218833245045356, 
-0.0088279727757521343, -0.0015514928827481012, -0.0034440915744332916, 
0.01968920965643299, 0.010668161366832506, 0.016318551730295346, 
0.066736825498741645, 0.048223479202844539, 0.012286876566810559, 
0.02961276908342839, 0.0061256275171842475, -3.4354917797890961e-05, 
0.011421605751712798, 0.008645088245369267, 0.0070605343826236327, 
-0.0050463310803442107, -0.0057771614421802085, 0.0086003214805873696, 
0.002465579295207093, -0.001248088859577853, 0.0091832799956635992, 
-0.00037178450386792861, 0.0029729601644747036, -0.008827972775752136, 
0.018123929943128784, 0.014540061445778164, 0.00010511605794392699, 
0.002575953354794003, 0.0036524407445747628, 0.0099241959210092587, 
0.027747092292453705, -0.019406694164634745, 0.0038089851616866471, 
0.0081223909696196018, -0.00052350228669786035, 0.0034201437596492702, 
0.0036716101266185074, 0.0097646126853241349, -0.0053145332640856325, 
0.0014637307889447846, -0.0015604059560066, 0.0068755267735007598, 
-0.0014056278343670232, 0.00052505927063422513, 0.011471903161739561, 
-0.0013013808968834759, 0.015860010963425087, -0.001551492882748101, 
0.014540061445778164, 0.013903325522122815, -0.001533113576824754, 
0.0016642201070847767, -0.0021055777791849049, 0.0065190697680012604, 
-0.019575159256843527, -0.017391524840029381, 0.0062754819897180465, 
0.0088023928228315694, -0.0014632157862298691, 0.0031079582872315806, 
0.0061633865603684754, -0.01897643334449952, -0.0034519990011000934, 
0.0011660728250900399, 0.025653018614849799, -0.0054804922106321064, 
0.0035731218455478378, -0.0038645701123961331, 0.0077344236763490079, 
