structure(c(0.063003562165099516, -0.023931905620291256, -0.02330979136984266, 
-0.0053559601000977711, -0.03371600845720691, -0.01663860633462386, 
-0.0213633521339897, 0.0092445432144819747, -0.014541795117904701, 
0.028701021952762626, -0.0090246391231806507, -0.0032564156321358163, 
-0.010021968049969392, 0.0020798627404938902, -0.0024570725970836779, 
-0.00030777458808012195, 0.0055714828144746292, 0.006590099373157572, 
-0.04225895024361126, 0.015218067554394673, 0.025951387141762667, 
-0.0033533714166228308, 0.029109950747168462, 0.0028246634976246093, 
-0.023931905620291256, -0.0095572858174595311, 0.01933489550327282, 
-0.028258327901173247, -0.0099546373936404437, -0.0042103638994029705, 
-0.027404366670405245, -0.0067730093985500419, 0.0052718290638900742, 
-0.015979162310625062, -0.016906825701346606, 0.0042301486561716088, 
0.0020272592567955492, -1.4301756457220206e-05, 0.013192465539878458, 
-0.0085046218852729283, 0.014018036030853383, 0.024403410069160813, 
0.12028943393126279, 0.030936206520423025, 0.0091489136571714768, 
-0.0011149676964461439, 0.025741941589998783, 0.0053900790723624935, 
-0.02330979136984266, 0.01933489550327282, 0.016400683122320629, 
-0.012982103913102399, -0.0018671781304282888, -0.0036488600904350872, 
-0.0048716549305081016, 0.0014691974835365673, 0.01963639169966121, 
9.7517925633861384e-05, 0.020071596048468639, 0.0056512298959785889, 
-0.0070826885263216349, -0.0019661280532969443, 0.0045065918143367386, 
-0.0015488277340537546, -0.005134817427554339, -0.0030849152337312996, 
0.028283249789111647, -0.077673046051701264, 0.0042620581898691482, 
0.0028988573855743688, 0.0079501600002082739, -0.0078070856551466167, 
-0.0053559601000977702, -0.028258327901173247, -0.012982103913102399, 
0.0062282210186867934, -0.00065956650538990939, 0.006632780543007687, 
0.010058834123353937, 0.0039182862394029844, -0.023357543727692224, 
0.017533500353290831, -0.0036269540588410223, 0.0039165015999380109, 
0.0053631314305961075, 0.0042224017419214112, -0.0058969269882041724, 
0.0078693578629109636, 0.00029266628253584196, -0.0035507890435803719, 
0.017490923277917476, 0.028705021959181828, 3.2883419579406826e-05, 
3.2074958415100082e-05, 0.0075570484147845255, 0.0052481443659424141, 
-0.03371600845720691, -0.0099546373936404454, -0.0018671781304282885, 
-0.00065956650538990928, 0.016193982143566314, -0.0044287531489748183, 
0.011584683001625226, -0.014772722216748546, -0.0047612131083345204, 
0.0030989808821393324, 0.018030468161360055, -0.0046486997102592785, 
0.0003897129465090104, 0.0045817970047669736, -0.011294203977957653, 
0.0036377268491095799, -0.0107563724095173, -0.010702680429232985, 
-0.029827189795444464, 0.0077102883534632518, -0.010184679971982422, 
0.00037087895997682736, 0.0044944993840100138, 0.00077859916285552262, 
-0.01663860633462386, -0.0042103638994029705, -0.0036488600904350877, 
0.0066327805430076861, -0.0044287531489748183, 0.0033250329519225667, 
0.00083287418654432008, 0.0042468914587958173, 0.0074964234460760488, 
-0.017473696608292979, -0.025433791486120873, -0.004308356774157497, 
0.0086411569763931769, 0.0037386256587219825, -0.0091208551171238997, 
-0.0037594680009504586, 0.00065939116570304737, 0.0028388236092988864, 
-0.0019427983340285541, -0.0031567142567585382, 0.0016117389783065592, 
0.0074191706159044326, 0.0067896027133078985, 0.0043592140482078268, 
-0.0213633521339897, -0.027404366670405245, -0.0048716549305081007, 
0.010058834123353939, 0.011584683001625226, 0.00083287418654432019, 
0.0038415436820126584, -0.0053786930968570106, -0.027370307675885788, 
-0.00026593039058581092, -0.0052100569874952455, -0.0096230231310456878, 
0.0040759391495191928, 0.0013419835157528523, 0.0024030783943736114, 
0.0011635584601809175, 0.0038051887912035325, -0.0021598231964868103, 
-0.017079027859013555, 0.00035666151333460148, 7.089526185345746e-05, 
0.0014965287275335731, 0.0011629537806429485, -0.0036043903181936505, 
0.0092445432144819747, -0.0067730093985500419, 0.0014691974835365676, 
0.0039182862394029844, -0.014772722216748546, 0.0042468914587958173, 
-0.0053786930968570115, 0.0094350313731235459, -0.0060423254062947395, 
-0.0069951544451321863, -0.01244457501676945, -0.0023894459108093611, 
0.0027108336043039629, 0.0068419076292391256, -0.0031479654409710491, 
0.00056738134834417885, -0.0080968217580066424, 0.0071412996207038306, 
-0.031260545821701013, -0.044308517447327771, 0.0019839524170486337, 
-0.00079589194286480019, 0.00093539616780766047, -0.00084844735115962102, 
-0.0145417951179047, 0.0052718290638900742, 0.01963639169966121, 
-0.023357543727692224, -0.0047612131083345196, 0.0074964234460760488, 
-0.027370307675885788, -0.0060423254062947395, 0.040105335071773184, 
-0.04162663600955889, -0.018231229961038087, -0.038353358471932747, 
0.0016374162830161321, -0.0005494621799813636, 0.004697216850884531, 
-0.014159119090866371, 0.0061171491678390123, 0.0052637012786692075, 
0.052599169574918357, -0.0049096427693351595, 0.0025201750732157203, 
0.0041808656365413463, 0.0054214579146700309, -0.0044938330464634729, 
0.028701021952762626, -0.015979162310625062, 9.7517925633861384e-05, 
0.017533500353290831, 0.0030989808821393319, -0.017473696608292979, 
-0.00026593039058581092, -0.0069951544451321871, -0.04162663600955889, 
0.023531311802519835, -0.0038754935825549273, -0.016932222276072845, 
-0.0029595105897797696, -0.0012677406280091074, -0.00095956751845146572, 
-0.0064020746313466857, -0.0074253033292496044, -0.014742869311715527, 
-0.093091609453731419, 0.0053590028476299192, 0.010193992722647706, 
0.0015313504759834843, 0.0045914251940626866, 0.0015631947006087209, 
-0.0090246391231806507, -0.01690682570134661, 0.020071596048468639, 
-0.0036269540588410223, 0.018030468161360055, -0.025433791486120873, 
-0.0052100569874952455, -0.012444575016769452, -0.018231229961038087, 
-0.0038754935825549273, -0.019203457135444725, -0.034271921894612756, 
0.0078883221146676067, 0.0063327244300425958, -0.0054818564833147504, 
-0.0067998699106558719, 0.014022930125556641, -0.012818792005206926, 
0.049492382377791119, 0.12091972439460484, 0.0097673908111990029, 
0.0013662840668580785, 0.020009216695268263, 0.0081854039735817907, 
-0.0032564156321358163, 0.0042301486561716088, 0.005651229895978588, 
0.0039165015999380109, -0.0046486997102592785, -0.004308356774157497, 
-0.0096230231310456878, -0.0023894459108093611, -0.038353358471932747, 
-0.016932222276072845, -0.034271921894612756, -0.018633543511305094, 
0.0028916168092022313, 0.0015929066616554943, 0.007366927218418166, 
-0.0023266131252704641, 0.00226597489970646, 0.0027738223570101198, 
-0.0044150581445928025, 0.029353575266222304, 0.0038050880321968106, 
0.00068790827379863469, -0.0032373613241868534, 0.009117121542943394, 
-0.010021968049969394, 0.0020272592567955492, -0.0070826885263216349, 
0.0053631314305961075, 0.0003897129465090104, 0.0086411569763931769, 
0.0040759391495191928, 0.0027108336043039629, 0.0016374162830161321, 
-0.0029595105897797696, 0.0078883221146676067, 0.0028916168092022309, 
-0.0021191376610797587, 0.00028798932200392482, 0.0011906261437667437, 
-0.00043570516638523284, -7.778559541471146e-05, 0.0042666760166790952, 
-0.010704017538641532, -0.00206379269036914, -0.00020782767671033553, 
-0.0012770280171536068, -0.0030396912027415733, -0.0010444683880944598, 
0.0020798627404938902, -1.4301756457220206e-05, -0.0019661280532969447, 
0.0042224017419214112, 0.0045817970047669736, 0.0037386256587219825, 
0.0013419835157528525, 0.0068419076292391256, -0.0005494621799813636, 
-0.0012677406280091074, 0.0063327244300425949, 0.0015929066616554943, 
0.00028798932200392482, 0.0038225923589426886, -0.0015505390995459464, 
-2.8138046633369611e-05, 0.0045608752110870253, 0.0018829154606282072, 
-0.0099919129627670002, 0.0074049227378013135, 0.005254079002693068, 
0.0003304349884322249, -0.00094955121135000182, 0.0015870032999928721, 
-0.0024570725970836779, 0.013192465539878458, 0.0045065918143367377, 
