structure(c(-1.1018869987703961, -0.83842917552947771, -0.11037719802324589, 
0.097958767719794781, -0.16715788373116242, 0.19988773863174508, 
-0.037281298922091553, 0.0084631340275085915, -0.71173314955318179, 
0.040727227669278367, -0.53444972234392907, 0.08523199358869786, 
0.057760641786020632, 0.02220449027091094, 0.015511878344740417, 
-0.047328419133274596, 0.078910552311518098, 0.024285862192267853, 
1.7621005642722276, 0.18518634579677121, -0.031480644507634381, 
0.0088580583696097389, -0.035087746056740816, -0.11120292442862603, 
-0.8384291755294776, -0.52342102023109305, -0.14128113505537052, 
0.056837898644937081, -0.1717903623927117, 0.20679069557412497, 
0.040917268718479213, -0.004867583417859183, -0.28479922850002265, 
-0.23458084868867549, -0.38553773527767932, -0.12046939827552891, 
-0.012085176923591482, -0.027373508077379181, -0.027456730629946337, 
0.1044511827010102, -0.063184957175365181, 0.10721478656787059, 
-0.26197362575564093, 0.79328508697654798, -0.029202257776987692, 
-0.02973800521769791, 0.010012069209541967, -0.075253669304457607, 
-0.11037719802324587, -0.14128113505537052, 0.018177340712317233, 
-0.022824456190357161, -0.056673064350455611, 0.017598820956581846, 
0.012589318889585317, 0.033317386037247418, -0.022414640683555968, 
-0.045678319372143457, -0.0037628391776534753, 0.0030640083263306609, 
-0.0070987003722233176, -0.051382139348732155, -0.021128407935129309, 
-0.01481175976336107, 0.048137380563541415, -0.0020581089741647453, 
0.2339505858158572, -0.11903555089434023, -0.00086842025849753453, 
0.010093393258204825, -0.08583988673183808, -0.015874085829407227, 
0.097958767719794781, 0.056837898644937074, -0.022824456190357161, 
0.0065381120382899576, 0.078678747900888413, -0.024901169368091662, 
-0.00054536661989049357, -0.010384356906764938, 0.11460766594270476, 
0.10778260797548438, 0.077536523852650405, 0.039936980972398492, 
-0.0042518940390441342, 0.019695299576576279, -0.027967717790312808, 
0.00090760856378652589, -0.044311264213575181, 0.017657193495422597, 
-0.048802717455637842, 0.16139869300746448, 0.023385855817973238, 
0.00091345600944424128, 0.033581232131420849, 0.052426581780425488, 
-0.16715788373116242, -0.17179036239271167, -0.056673064350455618, 
0.078678747900888413, -0.092669645897210356, 0.013944919394001524, 
-0.029121433657883188, 0.00012968545042339329, -0.045616083423842324, 
-0.013872256144023909, -0.21280489574997877, 0.075957050588427416, 
0.039392975531133939, 0.040781508534413008, 0.011914385832889779, 
0.031025997707639946, 0.0089325824915384641, 0.038874340531004109, 
0.012717104359504201, -0.13264124910628261, 0.029486587461055248, 
-0.012991408059618733, -0.0078752709443016163, -0.01404761078516868, 
0.19988773863174505, 0.20679069557412497, 0.017598820956581846, 
-0.024901169368091659, 0.013944919394001522, -0.086715792169183695, 
-0.004646838301423521, -0.043425042203619313, 0.028809317094601432, 
-0.050631185622177409, 0.12940844070485516, -0.022831585782791874, 
-0.02370734642499496, -0.0094994196747907669, 0.0089380231432156579, 
0.041817270587622593, -0.012804914171232746, 0.018871979445733864, 
-0.053883222868255067, -0.10408412830470139, -0.032217358628083753, 
-0.0083818773480284978, 0.044966176119996225, 0.014478680603722109, 
-0.037281298922091553, 0.040917268718479213, 0.012589318889585317, 
-0.00054536661989049368, -0.029121433657883188, -0.0046468383014235202, 
-0.025116018799693982, 0.03463679688963367, 0.030153538338697453, 
0.037025801463923994, 0.063080772039151786, -0.012142640372070277, 
0.026951312238552395, 0.0031252937193795619, -0.01127977998281956, 
0.014185609846104282, 0.0051480973083202278, 0.066806346965674321, 
-0.21922190533301211, -0.0059933331323140755, -0.0045365633919057461, 
0.041609917630823022, 0.0096783041488884888, 0.0014520310714866279, 
0.0084631340275085933, -0.0048675834178591821, 0.033317386037247418, 
-0.010384356906764938, 0.00012968545042339332, -0.043425042203619313, 
0.03463679688963367, -0.024447198093135, -0.049084115038558036, 
0.0035189862112295525, -0.044976985311383888, -0.021850016065767506, 
0.0082790017549916814, 0.014420103088409479, 0.041236713522945397, 
-0.025492870957540815, 0.04070292843146707, 0.015098352995234751, 
0.2149915637231942, -0.057493100838149805, 0.02159539347336175, 
-0.025612518643404272, 0.026400991617357403, -0.0029604541951235245, 
-0.7117331495531819, -0.28479922850002265, -0.022414640683555965, 
0.11460766594270476, -0.045616083423842331, 0.028809317094601432, 
0.030153538338697453, -0.049084115038558036, -0.27146200338140636, 
-0.25185733337177385, -0.46630011612544048, 0.042783440259399064, 
0.070034526036998529, 0.08492141178514058, 0.13565147726939517, 
-0.040568798613250932, -0.081063040013116733, 0.025174326554520458, 
-0.14159826660849062, -0.15461309991528427, -0.027246610765598877, 
-0.038912115154873597, -0.028632036224362341, -0.031574376208001353, 
0.040727227669278367, -0.23458084868867549, -0.045678319372143457, 
0.10778260797548436, -0.013872256144023909, -0.050631185622177416, 
0.037025801463923994, 0.0035189862112295525, -0.25185733337177385, 
0.082880501660763412, -0.20248341956440558, 0.0052663541220555315, 
-0.015881108823980992, -0.014687947370622872, -0.0063892273004905343, 
0.026389975619102064, -0.023502043658202094, 0.029825264448795918, 
-0.21621642831066765, -0.092879963735044355, 0.073209076881866036, 
-0.01310446876724043, -0.040073932038052068, -0.013646991274192109, 
-0.53444972234392907, -0.38553773527767932, -0.0037628391776534753, 
0.077536523852650405, -0.2128048957499788, 0.12940844070485519, 
0.063080772039151786, -0.044976985311383895, -0.46630011612544048, 
-0.20248341956440558, -0.25995200665203172, -0.052938974019358355, 
0.036643102355354756, 0.038591617570028006, 0.029564400116765942, 
0.060830993804910936, -0.07453729229205093, 0.030609631687221635, 
-0.14320612952001585, 0.19964545991398597, -0.027362820142937616, 
0.011975118360974356, -0.0072807258857661532, -0.060673197605845476, 
0.08523199358869786, -0.12046939827552891, 0.0030640083263306609, 
0.039936980972398492, 0.075957050588427402, -0.022831585782791874, 
-0.012142640372070277, -0.021850016065767502, 0.042783440259399057, 
0.0052663541220555315, -0.052938974019358362, 0.074446349379371182, 
0.011985690682514575, 0.013773580827583506, -0.030618119395203758, 
0.073248072400415531, 0.031263493645018313, 0.010821044229491645, 
0.068319506772320404, 0.0010782538447712076, 0.069790412100753291, 
0.017979580732446699, 0.01621768064639344, -0.00090021418286525179, 
0.057760641786020632, -0.012085176923591484, -0.0070987003722233176, 
-0.0042518940390441342, 0.039392975531133939, -0.023707346424994957, 
0.026951312238552391, 0.0082790017549916814, 0.070034526036998529, 
-0.015881108823980996, 0.036643102355354756, 0.011985690682514575, 
0.01420179402656555, -0.0064151600194646899, -0.016686986290296649, 
0.036986290178842196, -0.0052621877928516383, 0.017226829343732198, 
0.0016159510109969232, 0.09775060723440647, -0.021326843368289532, 
0.00147938730157637, -0.023467653161995276, 0.0017738440647036534, 
0.02220449027091094, -0.027373508077379181, -0.051382139348732161, 
0.019695299576576283, 0.040781508534413008, -0.0094994196747907669, 
0.0031252937193795619, 0.014420103088409479, 0.084921411785140566, 
-0.014687947370622872, 0.038591617570028006, 0.013773580827583507, 
-0.0064151600194646899, -0.0023887005272695328, 0.013139725709132558, 
0.01996012601697424, -0.0064256294687652519, 0.038672910052002865, 
-0.029444364265884249, 0.0056204691792210056, -0.0038624808345693413, 
0.010171109053545313, -0.016004034747557773, 0.0071265403900842295, 
0.015511878344740417, -0.02745673062994634, -0.021128407935129306, 
-0.027967717790312811, 0.011914385832889779, 0.0089380231432156561, 
-0.011279779982819562, 0.041236713522945397, 0.13565147726939514, 
-0.0063892273004905343, 0.029564400116765942, -0.030618119395203761, 
-0.016686986290296649, 0.01313972570913256, 0.0024342265691120529, 
