structure(c(-0.02244469756355711, -0.17371488555209746, 0.051877179277870722, 
0.096812130805914803, 0.11413819631438202, -0.013581729184360932, 
0.10905361781412844, 0.017709917528538569, -0.022175455680745318, 
-0.2703236597229754, 0.11930548056295623, -0.098644581351346905, 
-0.059809465487193049, 0.01782823732724299, -0.017242586763486934, 
0.014930068029646087, 0.013976085131681151, 0.030609096388841673, 
-0.5049210583877074, -0.61922413200959958, 0.03245765907835127, 
0.027858807760742718, 0.038708901186134861, 0.069506838553155634, 
-0.17371488555209746, -0.17064426410834302, 0.077816616768631733, 
0.12208567400607132, -0.006849251890442172, -0.013945448122019092, 
-0.0074100216521913601, -0.013940358476420825, -0.15809734689198682, 
-0.023651649518289131, -0.11366092586585971, 0.079752295993264888, 
-0.0079931798146448078, 0.039213382809211328, 0.033503592307528147, 
0.0094026068280477562, 0.013735977226845051, -0.054011188281160333, 
-0.2416510648245527, -0.50146281236614532, 0.054560165621879535, 
0.06565970519556949, -0.022964155496373734, 0.035821125680045973, 
0.051877179277870722, 0.077816616768631747, -0.03378542675805541, 
0.042213092558374243, 0.11915200667779524, -0.014289885121558491, 
0.023884676997229522, -0.070711792913856444, 0.0019130670592565544, 
-0.022775925553729301, 0.049911687603464122, 0.044280807751731259, 
-0.0059666928501119747, -0.0037431217819000537, -0.0049801692142103548, 
-0.0046439902986019198, -0.020098331522399242, -0.021670016670954906, 
-0.073698067773740966, -0.01977536177853903, 0.032870325979745166, 
0.0068467367548227347, 0.054935384333682689, -0.015326978410608682, 
0.096812130805914803, 0.1220856740060713, 0.042213092558374243, 
0.018064553376108978, -0.035172549976510037, 0.018845272895116952, 
0.022048782273392919, 0.0052229939905588905, -0.015969354231069027, 
0.028371905679412498, 0.026958193982190692, -0.071188286586835181, 
-0.022385854984203864, -0.00280599539958211, 0.027169716031669844, 
0.030772324242962654, 0.030795654900545803, 0.0018115689264356634, 
-0.23345722733370811, -0.08723609736844419, -0.035640331771005583, 
-0.0038574656558795647, -0.012107061230040529, -0.04076124426266229, 
0.11413819631438202, -0.006849251890442172, 0.11915200667779524, 
-0.03517254997651003, -0.056364614198665328, 0.0055013545753106663, 
0.038815803249195105, -0.04857726953460078, -0.17283374417806358, 
-0.084824377736636813, -0.049056692087159209, -0.048838495985004324, 
-0.017355289704957189, -0.0096858920057019959, -0.0081430270962310827, 
-0.0017497203688365485, -0.032871475325099576, -0.015006978386427035, 
-0.078300145295913212, -0.15211901478065223, -0.0058388377563765893, 
0.020123072714298522, 0.024600248596261934, 0.043239188830787575, 
-0.013581729184360933, -0.013945448122019092, -0.014289885121558491, 
0.018845272895116952, 0.0055013545753106663, 0.04841402463993244, 
-0.021688826012805165, 0.024090651361760178, 0.027810712513248164, 
0.063447849152128546, 0.012515681294073036, -0.00099363691098795412, 
0.0014859640445598836, -0.0028827983650353689, 0.0016262646808495708, 
-0.033839740616374278, 0.048513474395866299, -0.012478471223709067, 
0.35813870036797019, 0.081307717352286341, 0.041265212952927892, 
0.019254344965115962, 0.00088971457098632246, -0.029639311353994467, 
0.10905361781412842, -0.0074100216521913601, 0.023884676997229522, 
0.022048782273392919, 0.038815803249195105, -0.021688826012805165, 
0.019155996895108319, -0.020237382953667348, 0.012641552674888402, 
-0.025364146473134959, -0.0090410225710377736, 0.037814272256510628, 
-0.0012215260094387446, 0.015441985194280203, 0.01639808681494705, 
-0.039226319340126298, -0.015568204623750827, -0.035240922327382164, 
0.29275891627112288, -0.097226984262922936, 0.0071079563053271259, 
-0.023485543166206903, 0.016799151780282878, 0.011372820313152945, 
0.017709917528538569, -0.013940358476420823, -0.070711792913856431, 
0.0052229939905588897, -0.04857726953460078, 0.024090651361760178, 
-0.020237382953667352, 0.012171717810246421, -0.00014461194469310917, 
0.039226197844680483, -0.025956773949041057, 0.02165471179281106, 
-0.0071121883855124555, -0.014070881479531559, -0.01334053285520235, 
0.026744134194867267, -0.019704039983817329, -0.019311860836581585, 
-0.29505175057375427, -0.043968665514641382, -0.018555683605843594, 
0.019519546123275149, -0.018503768491378643, -0.0036055849688716138, 
-0.022175455680745321, -0.15809734689198679, 0.0019130670592565544, 
-0.015969354231069027, -0.1728337441780636, 0.027810712513248164, 
0.012641552674888402, -0.00014461194469310917, -0.42275064821472558, 
-0.031412251584199934, -0.30074426068357135, -0.003687900737265902, 
-0.040674169732132372, -0.02157821193368371, -0.078921048405625471, 
0.095614153181331346, 0.028331014272844464, -0.068789017573684733, 
0.055195106924827646, 0.091838831074312469, 0.065983010850981835, 
0.048378063520992373, 0.057188109138400771, -0.011846993971394812, 
-0.2703236597229754, -0.023651649518289131, -0.022775925553729297, 
0.028371905679412501, -0.084824377736636813, 0.06344784915212856, 
-0.025364146473134955, 0.039226197844680476, -0.031412251584199934, 
0.059611984487748494, -0.094254166513061358, 0.075914332410361079, 
-0.019136564550945971, -0.0067835693072205716, -0.0013766360119921008, 
0.03270742638277721, 0.025313033369880143, -0.010639143857649719, 
0.12914416235274476, -0.28075346430469739, -0.014856819533934583, 
0.0024317269023915898, 0.058693646642747399, 0.033247526477169193, 
0.11930548056295623, -0.1136609258658597, 0.049911687603464122, 
0.026958193982190695, -0.049056692087159209, 0.012515681294073034, 
-0.0090410225710377753, -0.025956773949041053, -0.30074426068357135, 
-0.094254166513061358, -0.62158930932470113, 0.030914301312747271, 
-0.034347248050676328, -0.014523806200146384, 0.012132213928833563, 
-0.013099207821907667, 0.047398136619907043, -0.087742492680253387, 
-0.26554875739375661, 0.093660491707034596, 0.046692760455707881, 
-0.011344781832722944, 0.046440066855826724, 0.072647574503834147, 
-0.098644581351346891, 0.079752295993264902, 0.044280807751731259, 
-0.071188286586835181, -0.048838495985004324, -0.00099363691098795412, 
0.037814272256510628, 0.02165471179281106, -0.003687900737265902, 
0.075914332410361093, 0.030914301312747271, -0.0029791199058190249, 
0.015181698262587069, 0.026467393466596715, 0.026073292829593038, 
0.0017440388695306966, -0.0016922983610113936, 0.026501603577338533, 
0.1017031477882121, -0.024457143012350531, -0.019731750687216183, 
0.047392244156535195, 0.021680372511842821, -0.0040231935865385916, 
-0.059809465487193042, -0.0079931798146448078, -0.0059666928501119739, 
-0.022385854984203861, -0.017355289704957186, 0.0014859640445598836, 
-0.0012215260094387446, -0.0071121883855124546, -0.040674169732132372, 
-0.019136564550945971, -0.034347248050676321, 0.015181698262587069, 
0.02331170323328639, 0.028917107714290298, 0.0077146592506032105, 
-0.020633971006527117, 0.010240119321251826, 0.0062374532926524947, 
0.022489236389888798, -0.11616759525983981, 0.025520743455829557, 
0.01761363685105688, 0.032289891051518388, -0.0020122524462786889, 
0.01782823732724299, 0.039213382809211335, -0.0037431217819000532, 
-0.00280599539958211, -0.0096858920057019959, -0.0028827983650353689, 
0.015441985194280203, -0.014070881479531557, -0.02157821193368371, 
-0.0067835693072205716, -0.014523806200146386, 0.026467393466596715, 
0.028917107714290295, 0.026660591553243195, -0.010896512293729664, 
-0.012715741909460185, -0.0059329972273133025, 0.00010120843221333142, 
-0.023699235173745316, -0.058271364426406645, 0.0063501107146974791, 
0.0069336305037548318, 0.029917705491644082, -0.0025078894555947027, 
-0.017242586763486934, 0.033503592307528154, -0.0049801692142103556, 
0.027169716031669847, -0.0081430270962310827, 0.0016262646808495708, 
0.016398086814947054, -0.013340532855202352, -0.078921048405625471, 
-0.001376636011992101, 0.012132213928833565, 0.026073292829593035, 
