structure(c(-0.77828205924508354, -0.68629977731472147, -0.0073556264032542396, 
0.43615607052284894, -0.2406077899882943, 0.15377670987655956, 
0.0037326927569939663, 0.025385629902249386, -0.55612948507441218, 
-0.56391614340666774, -0.80839331447301743, -0.061117909611267104, 
-0.041165489958264058, -0.07680031104281218, 0.022659431254841208, 
-0.075367539259561522, -0.086149851158879853, 0.02182893787294226, 
-0.028955024399420517, -0.03763266085836714, -0.082623032026578433, 
-0.0063185875191610254, -0.072705362147373845, 0.01707954121445791, 
-0.68629977731472158, 0.0075360996296766998, -0.11697336606466889, 
0.24322735388858774, -0.36981332803081762, 0.14534372183986902, 
-0.0021096642082049561, -0.0043284189602333812, -0.38822793677557138, 
-0.22687775738177668, -0.43330988430409079, -0.028431414761146415, 
-0.02456053834456192, 0.0077249012437705222, 0.031618580903013845, 
-0.041503424210852922, -0.071899358921696091, 0.056132101165442996, 
-0.54905061494383822, -0.40160658085103068, 0.076442670099370169, 
0.060359324970950867, -0.014147744255570959, 0.050892379651740066, 
-0.0073556264032542396, -0.11697336606466889, 0.061332613342907918, 
-0.079953896271581337, -0.04476701037311466, -0.0022737803523842472, 
-0.0022755517868828217, -0.054473880225747548, -0.015015373884750383, 
-0.020637475565674284, 0.10277725448394805, 0.0059378300056512545, 
-0.010291026527375324, 0.0104991561692502, -0.0215416065079931, 
0.035993479355432942, 0.017110015141043895, 0.057080522263329575, 
-0.047172478476825333, -0.15940380071418694, -0.0056170211357098503, 
0.021454997015136763, 0.025935194014842726, 0.0066545854264104757, 
0.43615607052284894, 0.24322735388858771, -0.079953896271581337, 
0.0580140048874557, 0.017431844842278714, -0.036716474165246517, 
-0.026296786408184045, -0.016705394367608668, 0.1795477614232589, 
-0.016989651852267758, 0.29345508758565531, -0.0051123688461331999, 
0.012934737359286257, 0.02720422005628784, 0.032514803570936682, 
0.013106464259773371, 0.021070003061224259, 0.014391518760747827, 
0.199846665466371, -0.36781407945614858, 0.016302462376660339, 
0.010346307171427222, 0.026539642756332724, 0.017887147309933009, 
-0.24060778998829432, -0.36981332803081762, -0.044767010373114667, 
0.01743184484227871, -0.043768761989419758, -0.0072125789625637465, 
0.036541487191135279, -0.11775332743360982, -0.27409664068068884, 
-0.048246962098952129, -0.30006845063743803, 0.046258128757697733, 
0.039510851426738311, 0.032311000072726082, -0.012380977200276963, 
0.017662639413750153, -0.0013289525294000635, 0.0079562002054360936, 
0.21426494876423555, -0.15523634145933735, 0.098627347954733227, 
-0.024249790387550946, -0.047568008185047202, 0.044162822542002524, 
0.15377670987655956, 0.14534372183986902, -0.0022737803523842472, 
-0.036716474165246524, -0.0072125789625637465, -0.053331795985809595, 
-0.03401353014048502, -0.019678225720190189, 0.00038904479721287401, 
-0.039411684375355395, 0.233987455020288, 0.013680759370005475, 
0.03730317275605427, 0.049321351478459459, 0.0055400313738345431, 
0.017873658619476391, 0.036131359835330348, 0.026757113240743657, 
-0.044002241529314437, -0.047243907110526687, 0.031157221726751061, 
0.026129391002617668, 0.028521204917039272, -0.0096041076632644683, 
0.0037326927569939668, -0.0021096642082049561, -0.0022755517868828213, 
-0.026296786408184045, 0.036541487191135272, -0.03401353014048502, 
-0.051405440927046749, -0.023803519243814002, -0.089791864360490317, 
0.046572428771783324, -0.0060292437029177987, -0.10893662437853449, 
0.016794380532520886, 0.0040434612372599859, 0.031465309067387516, 
0.021656294613773316, -0.0080102879246379387, -0.019481367649916183, 
-0.16283780825487068, -0.0045071632687314726, -0.0037164163950709215, 
0.00084290706150633621, -0.056873166496562821, -0.0061200700560754941, 
0.025385629902249386, -0.0043284189602333812, -0.054473880225747548, 
-0.016705394367608668, -0.11775332743360982, -0.019678225720190189, 
-0.023803519243814002, 0.013486397072619161, 0.039832589248564018, 
0.0090961157453811371, 0.091342971245090582, 0.0031346204296330026, 
0.0055348836444566452, 0.011791091998855625, -0.019211380561372976, 
0.022997484056867926, 0.027302291058719359, -0.0039077800300267012, 
-0.62224013129082645, -0.07348024080495115, 0.016982860058825364, 
0.0077964226291200788, -0.0088155675265461676, 0.048492256887087276, 
-0.55612948507441218, -0.38822793677557138, -0.015015373884750384, 
0.1795477614232589, -0.27409664068068884, 0.00038904479721287401, 
-0.089791864360490317, 0.039832589248564018, -0.75754164811259883, 
-0.3783149322781188, -0.96497773684188026, -0.01086841343731521, 
-0.045528731316515816, -0.019408972181992428, 0.031978061871026711, 
-0.060937820203082298, -0.045322066350156245, 0.0084273568068377568, 
0.43096131204060817, -0.37324729941877494, 0.048765553431962594, 
0.013441435277765104, -0.14033012465239675, -0.022390051211853709, 
-0.56391614340666774, -0.22687775738177665, -0.020637475565674284, 
-0.016989651852267758, -0.048246962098952129, -0.039411684375355388, 
0.046572428771783324, 0.0090961157453811371, -0.3783149322781188, 
-0.1018889582119329, -0.44832140921610242, 0.055679641109280392, 
0.013769108473284464, 0.016442147290730673, 0.0094338368789704599, 
-0.017124083637022999, -0.055796980250820673, 0.015286200215508436, 
-0.33845468782100052, 0.27729002118393592, -0.040743220626243595, 
0.03779751908907536, -0.024622093962192879, 0.034080416496052611, 
-0.80839331447301754, -0.43330988430409079, 0.10277725448394805, 
0.29345508758565531, -0.30006845063743798, 0.233987455020288, 
-0.0060292437029177987, 0.091342971245090582, -0.96497773684188026, 
-0.44832140921610242, -0.85851575213770981, -0.076582998460862098, 
-0.014926921386480057, -0.032408302689130954, -0.029620133933101603, 
-0.044680954849468685, -0.040227286953584337, 0.0095814723233312946, 
-0.46159134647425987, 0.33211658355665785, -0.039719899872276559, 
-0.086523271135009266, 0.024664580476615655, -0.026161008912148859, 
-0.061117909611267104, -0.028431414761146415, 0.0059378300056512536, 
-0.0051123688461332008, 0.046258128757697733, 0.013680759370005475, 
-0.10893662437853449, 0.0031346204296330026, -0.01086841343731521, 
0.055679641109280385, -0.076582998460862098, 0.044470928418880798, 
0.0028527028939582012, 0.0069098020328743955, 0.046695494064470891, 
0.02539913611676994, -0.020764954659816055, 0.063269749383251417, 
-0.30738574558630538, 0.14390066901030868, -0.013653866432819892, 
0.035740457311187676, -0.014432366203194262, -0.015289692411271951, 
-0.041165489958264058, -0.02456053834456192, -0.010291026527375324, 
0.012934737359286257, 0.039510851426738311, 0.03730317275605427, 
0.016794380532520883, 0.0055348836444566452, -0.045528731316515823, 
0.013769108473284464, -0.014926921386480057, 0.0028527028939582012, 
0.0359272308968243, 0.033352640225207571, -0.0049276932688436933, 
-0.0010346496662729291, -0.010428963661834481, 0.0095154220229418055, 
-0.075443530039972631, -0.069119245742647023, 0.010360401489317477, 
0.017631119039429568, 0.0037049932550425862, -0.0066669101188199216, 
-0.076800311042812194, 0.0077249012437705213, 0.0104991561692502, 
0.02720422005628784, 0.032311000072726082, 0.049321351478459459, 
0.0040434612372599859, 0.011791091998855623, -0.019408972181992428, 
0.016442147290730673, -0.032408302689130954, 0.0069098020328743955, 
0.033352640225207578, 0.032419881965047463, -0.015183481424404127, 
0.0051415297667950733, -0.022823338043148855, 0.014465819644925876, 
-0.035441579883048309, -0.031991693962333589, 0.0023818074252968781, 
0.003027964327874332, -0.026145114942165343, -0.0040063082553446023, 
0.022659431254841208, 0.031618580903013845, -0.0215416065079931, 
0.032514803570936682, -0.012380977200276963, 0.0055400313738345423, 
0.031465309067387516, -0.019211380561372979, 0.031978061871026711, 
0.0094338368789704599, -0.029620133933101603, 0.046695494064470891, 
-0.0049276932688436933, -0.015183481424404127, 0.02034520447303129, 
