structure(c(-0.57669871373283998, -0.41632393482311164, -0.041125635890560064, 
0.097988788192058307, -0.13263541254160571, 0.090178066449142211, 
-0.027720381220241789, 0.10717689229536109, -0.680408667334095, 
-0.093820789564524013, -0.72313654794300242, 0.012348936881301233, 
0.03567397423036299, 0.088343906605390668, 0.039387067937404367, 
0.011958330809640256, 0.085746423853683015, -0.012377907389284135, 
-0.26791735453879451, -0.089730112444259283, 0.097506312393810926, 
0.065015298068535551, 0.11936861432501464, 2.2890879448516943e-05, 
-0.4163239348231117, -0.57008317164832623, 0.067335078720595617, 
0.028666210187541646, 0.041286532752469331, 0.072840411482694489, 
-0.015679229727592489, 0.0043722862377471132, -0.45607813035478101, 
-0.23232240686282402, -0.50024229719962732, 0.015837963216066474, 
0.023775747429365095, 0.028054961811377437, -0.03049598629895706, 
0.043652203275489646, 0.046226586786673192, 0.017304265179898842, 
-0.010389453475480577, 0.42034836520736019, -0.014831464093272396, 
-0.034373875706715289, 0.030581665733293031, -0.017812068451414906, 
-0.041125635890560064, 0.067335078720595604, 0.066876043112111497, 
0.030254844065717105, 0.076620901475024553, -0.020155365453415904, 
0.015178621349641774, 0.031983950831164933, -0.071511725267854209, 
-0.0050931660025343647, -0.054347520674022098, 0.0048334956537072213, 
0.010442742793385027, -0.0096474262485154953, 0.022173622337496715, 
-0.057060904186587456, 0.0054873977138912488, -0.042538639661495257, 
-0.029651573228863738, 0.17944669266276914, -0.014781151076241521, 
-0.0070018037991388879, -0.010707971727594606, -0.015768926929187313, 
0.097988788192058307, 0.028666210187541643, 0.030254844065717105, 
-0.085757815945727414, 0.068372777448388572, -0.010760405891560049, 
-0.015365592321952325, 0.041071539294646082, 0.15498971394699912, 
0.17196867913363462, 0.16382610741986789, 0.015459671694956933, 
-0.0033702893497821488, -0.011652843100061001, -0.024503448527690607, 
0.024905377079587478, -0.0051379856064557687, -0.022469369659431464, 
-0.038825244337386079, 0.21372004403228603, -0.0084064022264602935, 
-0.018555788181837243, -0.022865708409637836, 0.002444349207779248, 
-0.13263541254160571, 0.041286532752469331, 0.076620901475024553, 
0.068372777448388572, 0.10599365456178352, 0.01938094862956212, 
0.005618585457205943, 0.046243502887114069, -0.20626194720903054, 
-0.086354308153366852, -0.13017281918613949, -0.034166139800285628, 
-0.00093092541146980482, 0.0038844467337783343, 0.04205224561026407, 
-0.0032824954669195354, 0.062643094662559767, -0.0054872413690597146, 
-0.1209143730504515, 0.088467807122241823, -0.041861669303533265, 
0.03157964011578563, 0.055887430216918589, 0.031110353124057896, 
0.090178066449142211, 0.072840411482694489, -0.020155365453415904, 
-0.010760405891560047, 0.019380948629562116, 0.037471026551810914, 
0.0010370120931756557, 0.0031957488678992147, 0.18525933716984028, 
0.060975639327926608, 0.05407187274430441, -0.0026530570885723642, 
-0.028695122955189171, -0.038464826923452038, -0.040420906568493252, 
-0.0081087309182392361, -0.018746481745238824, -0.014271482316732136, 
0.063581417873911708, 0.14118563981932564, -0.013126836781620984, 
-0.025822975189767929, -0.024550939731762058, -0.0057381344673469873, 
-0.027720381220241789, -0.015679229727592493, 0.015178621349641774, 
-0.015365592321952325, 0.005618585457205943, 0.0010370120931756557, 
0.064674504667999691, 0.026167772247481548, 0.037735251637002185, 
-0.075831113018501303, 0.008237183192965231, 0.051495410899650804, 
0.0028418891883144159, 0.0077001268601635314, -0.014081565823359654, 
-0.029051353278496353, -0.013673879983012817, 0.020703734752951165, 
0.23314370553396616, -0.032511585522345822, 0.020570798622626195, 
-0.007490708930717167, 0.044764449287064766, 0.011171532612433267, 
0.10717689229536109, 0.0043722862377471132, 0.03198395083116494, 
0.041071539294646076, 0.046243502887114069, 0.0031957488678992147, 
0.026167772247481548, -0.029277251063803609, 0.0038117312061061296, 
0.083804646258419754, -0.033509266920522231, -0.012632435416417535, 
-0.0065089275220819457, 0.0066358278115510984, 0.025268931506697831, 
0.00151697355306587, 0.0014395035610331756, -0.0050139829425806543, 
0.16737224330546227, 0.11058378909012752, 0.023876600249323719, 
0.013440600147931117, 0.011426518424055824, -0.028845087908312823, 
-0.680408667334095, -0.45607813035478101, -0.071511725267854209, 
0.15498971394699912, -0.20626194720903054, 0.18525933716984028, 
0.037735251637002178, 0.0038117312061061296, -0.62328434365223495, 
-0.32579317349812509, -0.63323382218110258, -0.0084946421068243048, 
0.079251914909420323, 0.072032571119716698, 0.029862716253857821, 
0.062072347302423204, 0.056930244291701633, 0.01809750567296629, 
-1.0540606513860302, 0.33142075622804862, 0.02185549093307692, 
0.034306270455940847, 0.11388273692268081, 0.032930569416725404, 
-0.093820789564523999, -0.23232240686282404, -0.0050931660025343647, 
0.17196867913363462, -0.086354308153366852, 0.060975639327926608, 
-0.075831113018501303, 0.083804646258419754, -0.32579317349812503, 
-0.027278910353353135, -0.40315081373479977, -0.0090539482891938642, 
0.012490958175022986, 0.011595798384068689, -0.021193070842310893, 
0.016848612475160403, 0.050893586066566979, 0.035235078621333633, 
0.17927480985745356, -0.0011945392228477885, 0.01003064958624713, 
0.027223231304930779, 0.042775373765724989, -0.006785027385321241, 
-0.72313654794300253, -0.50024229719962732, -0.054347520674022105, 
0.16382610741986789, -0.13017281918613949, 0.054071872744304417, 
0.008237183192965231, -0.033509266920522231, -0.63323382218110269, 
-0.40315081373479977, -0.57456143657921177, 0.033181545069576199, 
0.02467790354614316, 0.033702805342579432, 0.022943470175706967, 
0.02167468932958351, 0.056312933831763938, -0.0081663075204694499, 
-0.12546128406971177, -0.10145802601226193, -0.026447084521075328, 
0.067137017116190648, 0.015169628774647354, 0.01756475205929979, 
0.012348936881301231, 0.015837963216066474, 0.0048334956537072205, 
0.015459671694956933, -0.034166139800285628, -0.0026530570885723642, 
0.051495410899650804, -0.012632435416417535, -0.0084946421068243048, 
-0.0090539482891938642, 0.033181545069576199, -0.02733620020262293, 
0.011969846288264996, 0.017182803736775155, -0.013686570255305151, 
0.010836248517474221, 0.037095098195157584, -0.014760753812920304, 
0.27456205881731821, 0.19435093235707995, 0.044717339550555388, 
0.037118273581446128, 0.028320139513261053, 0.028789125815916292, 
0.03567397423036299, 0.023775747429365095, 0.010442742793385027, 
-0.0033702893497821488, -0.00093092541146980482, -0.028695122955189171, 
0.0028418891883144159, -0.0065089275220819457, 0.079251914909420323, 
0.012490958175022986, 0.024677903546143163, 0.011969846288264996, 
0.032093309734760427, 0.031092468852468583, 0.010643197317552752, 
0.011979613217827119, 0.017340427181326241, 0.014080481839896129, 
0.030195509362512963, 0.092027501037727139, 0.0060764234875955577, 
0.0090969185112367186, 0.0042047485718398536, 0.015394030682308319, 
0.088343906605390668, 0.028054961811377441, -0.009647426248515497, 
-0.011652843100061002, 0.0038844467337783343, -0.038464826923452038, 
0.0077001268601635314, 0.0066358278115510984, 0.072032571119716698, 
0.011595798384068689, 0.033702805342579432, 0.017182803736775155, 
0.03109246885246858, 0.032334398906255286, 0.012431526412702953, 
0.012970026334367363, 0.017456931524931062, 0.015225317467626343, 
0.024999153626423565, 0.092634173252821847, 0.014659742269223319, 
0.013963827309091532, 0.014560242532187725, 0.013668261229439132, 
0.039387067937404367, -0.03049598629895706, 0.022173622337496719, 
-0.024503448527690611, 0.042052245610264077, -0.040420906568493245, 
-0.014081565823359654, 0.025268931506697831, 0.029862716253857821, 
-0.021193070842310893, 0.022943470175706967, -0.013686570255305151, 
0.010643197317552752, 0.012431526412702955, 0.016661694724150241, 
