structure(c(-0.10150898276702, -0.083448213861633938, 0.077183631939577835, 
-0.021425325428812422, 0.0062434713940202049, 0.037052510984646736, 
0.010128005108888666, 0.024732824479935186, 0.017083262583001715, 
-0.10043665540910467, -0.061981081482385084, -0.046062406263246446, 
0.032825102055090857, 0.007676549485083165, -0.0094425393393700353, 
-0.023603519439826526, -0.0072314095875332749, -0.022179721775972709, 
-0.23325348146654087, -0.11327330994711694, -0.030751470980719581, 
-0.012380508819318818, -0.021906573319426751, -0.046584281561086183, 
-0.083448213861633938, 0.040405475782314924, 0.026168073461814552, 
-0.011427310593641642, 0.025795204718000359, -0.024402025551224425, 
-0.0018665618649354179, 0.044754241155542114, 0.054092266005996981, 
-0.0500188420519651, -0.014284204221077271, -0.032456051883563236, 
0.023461250430531759, 0.021467342548862602, -0.00084144417806904129, 
0.0096997310835712537, -0.023626261013352742, 0.02520254787151149, 
0.04054261692278649, -0.056143146346444045, -0.01754134842080534, 
-0.0016482039789362912, 0.015340741588690714, -0.01845825912536599, 
0.077183631939577821, 0.026168073461814548, 0.0018807523281223182, 
0.029834067983629992, 0.0023363531233532176, 0.0073526160435283426, 
0.008902063676971491, -0.007884651154577333, 0.022059452014372691, 
0.025395086566302308, -0.030505464214290807, 0.014490020257158944, 
0.0044945425656087983, -0.0091245443242010619, -0.0015612372812596001, 
-0.00059008167700286382, -0.024668050387793697, 0.00039772445380955538, 
0.070991201799839018, -0.055674141738494019, -0.008328317553746481, 
-0.008788312498856872, -0.01855525669198901, 0.0016899675843073765, 
-0.021425325428812422, -0.011427310593641642, 0.029834067983629992, 
-0.030249192854973815, -0.0087831580404995613, 0.0100550803944803, 
-0.010719859536035036, -0.0072540283901077612, -0.0056216864754180971, 
0.0037621458555354296, -0.0038406890406975799, 0.0060183790484075825, 
0.00043516365071874513, 0.010389553241778399, 0.023567371929679549, 
-0.0011575950145694231, 0.0061089159795533988, 0.0050296030798971918, 
-0.031081959035247655, 0.09283195708758181, 0.0022992159113114268, 
0.0019683887527618396, 0.014146282937082017, -0.00073595355498211866, 
0.0062434713940202049, 0.025795204718000363, 0.0023363531233532176, 
-0.0087831580404995613, -0.030959116581824524, 0.0032000937893548681, 
0.0088114714914848142, -0.015235595730852352, -0.04050288124364855, 
-0.0018078996242301855, -0.064614718482170014, -0.010688131115234485, 
-0.01194129443881772, -0.0076795221687470947, -0.00059912260672157337, 
0.0067508828441403485, -0.0069351727738812012, 0.0067067433519880986, 
0.093886335413502539, -0.042910224640617528, 0.0068385678427862603, 
0.0076775101243786855, 0.0039214176589166859, -0.00020049336029972966, 
0.037052510984646743, -0.024402025551224425, 0.0073526160435283426, 
0.0100550803944803, 0.0032000937893548686, 0.020822033627649995, 
-0.004868075523145032, 0.0039928785551916106, 0.027361388273490321, 
0.029187168858338958, 0.049128593598839421, -0.0087004612285506207, 
0.0036057470369425674, 0.0087186617545327669, 0.0099892634313101872, 
-0.0045093915115282943, 0.006876152340055155, -0.0032978675901781597, 
0.041861480728026729, -0.041920144678818209, 0.020199620823200586, 
0.0056930768850204433, 0.017951687714595713, 0.0051763000387788942, 
0.010128005108888666, -0.0018665618649354176, 0.0089020636769714893, 
-0.010719859536035036, 0.0088114714914848159, -0.0048680755231450311, 
0.014072085654560879, -0.0093229331558887883, -0.0030301564987145809, 
0.005215665836246562, 0.002692763685295833, 0.019144532915977567, 
0.00087747630854837812, -0.0015396123321818466, 0.012063704518720967, 
-0.0010562960647951603, 0.013529623076914059, -0.0087832653460590149, 
0.045439662117990574, 0.074223430944939703, -0.0016907595077150835, 
0.0068339600635394029, 0.011745915450762331, 0.0070855301349720193, 
0.024732824479935182, 0.044754241155542107, -0.0078846511545773313, 
-0.0072540283901077612, -0.015235595730852352, 0.0039928785551916115, 
-0.0093229331558887883, 0.010769380123023259, -0.0042191663208368283, 
0.01062961215782279, 0.017310432739598182, -0.0020481313154013703, 
-0.004439751824263748, -0.010233611432495801, -0.014760824335379001, 
-0.0014420050480375591, -0.02495743018942315, 9.2739274197543747e-05, 
0.051783021592600759, 0.06127545009798812, -0.014523718507236267, 
0.0042699934358185971, -0.00082245526667870975, -0.0021007984212299798, 
0.017083262583001715, 0.054092266005996981, 0.022059452014372694, 
-0.0056216864754180971, -0.04050288124364855, 0.027361388273490325, 
-0.0030301564987145809, -0.0042191663208368283, 0.10731412908205362, 
0.0012582386910070854, -0.034591878852516238, -0.02584942836434195, 
0.013655416379054659, 0.010797040203642357, -0.015942932262989779, 
-0.0068608852408695523, -0.008346290948384771, -0.0087431688089693056, 
0.14111079539389038, 0.1005860329128021, -0.02153061281775254, 
0.013467635390994409, 0.0059138298447662429, -0.0085220649712339381, 
-0.10043665540910467, -0.0500188420519651, 0.025395086566302311, 
0.0037621458555354296, -0.0018078996242301855, 0.029187168858338958, 
0.005215665836246562, 0.010629612157822791, 0.0012582386910070854, 
0.022556695610856367, -0.015466026066675397, -0.012472635733418221, 
-0.0079756829066126474, -0.0083686363909590642, -0.0049502394754417766, 
-0.0081960773273021866, -0.007205912920926252, -0.015874554522429932, 
-0.0024908564082983084, 0.055183452269202425, 0.011843794836035926, 
-0.0056807604790017653, 0.0092415175868750601, 0.0063209020524770338, 
-0.061981081482385077, -0.014284204221077271, -0.030505464214290803, 
-0.0038406890406975799, -0.064614718482170014, 0.049128593598839421, 
0.002692763685295833, 0.017310432739598185, -0.034591878852516238, 
-0.015466026066675395, -0.11290334852112224, 0.0041123412893248647, 
0.029387361035786215, 0.04795830159074773, -0.0033248810879460467, 
0.005088007961039134, 0.019750557807382069, -0.018723622943424948, 
0.1428382884022727, 0.14403705386998752, 0.027469265133492349, 
0.026302062887380441, 0.037215224037819544, -0.0072743722191413087, 
-0.046062406263246446, -0.032456051883563236, 0.014490020257158944, 
0.0060183790484075825, -0.010688131115234485, -0.0087004612285506207, 
0.019144532915977567, -0.0020481313154013707, -0.02584942836434195, 
-0.012472635733418221, 0.0041123412893248647, 0.0074471435378205492, 
0.0051124784632701628, 0.0044829624839526436, -0.0046431942741256742, 
-0.0042110136715462097, 0.008378085130858989, 0.0020619254437357687, 
0.032548308581064958, 0.034541281180185221, -0.017986926703263219, 
0.0018189281791842302, 0.0045140154653517213, -0.0003217179553397433, 
0.032825102055090857, 0.023461250430531759, 0.0044945425656087983, 
0.00043516365071874513, -0.011941294438817722, 0.0036057470369425678, 
0.00087747630854837812, -0.0044397518242637489, 0.013655416379054659, 
-0.0079756829066126474, 0.029387361035786215, 0.0051124784632701637, 
-0.00023213037773149538, 0.0030330139840495578, 0.0011429087126298941, 
-0.0014173706349991664, 0.0062788626766841936, 0.0036955509993907699, 
-0.044625644296818305, 0.0050583019066527089, 0.0020972918908967043, 
0.0042991086515556057, 0.0090365719504274175, 0.0077778770958010926, 
0.0076765494850831641, 0.021467342548862598, -0.0091245443242010619, 
0.010389553241778399, -0.0076795221687470947, 0.0087186617545327669, 
-0.0015396123321818468, -0.010233611432495801, 0.010797040203642356, 
-0.0083686363909590642, 0.04795830159074773, 0.0044829624839526428, 
0.0030330139840495578, 0.0011521921784144594, 0.00084333062571828219, 
0.0048896278850747224, 0.0068560485160733767, -0.0029232018084421876, 
-0.086893616904254969, -0.0060991717387256731, -0.00023786239515129448, 
0.0029775606139294548, 0.0054512915159982672, 0.0047035891797254066, 
-0.0094425393393700353, -0.00084144417806904129, -0.0015612372812595999, 
0.023567371929679549, -0.00059912260672157337, 0.0099892634313101872, 
