structure(c(0.082039563916869437, 0.089059534535431473, 0.0087759536655558721, 
0.0024138721516238329, -0.0059430739698969675, -0.051444784810131157, 
0.010508012378530107, -0.039469810705322114, 0.025424917584787203, 
0.06482051353594373, 0.017872539725628894, 0.0026821233254552741, 
-0.028968498419376786, -0.0051402465085487858, 0.0044278942991065285, 
0.028957341733789398, 0.034102377676166647, 0.017737512866201063, 
0.1735433871745263, 0.073225753963244766, 0.03029262381084109, 
-0.0022659274324913774, 0.022015738649426429, 0.054014257423783192, 
0.089059534535431487, -0.079455620305289382, 0.027725513234769884, 
0.02728281709163553, -0.048236726172364998, -0.00024310720481736511, 
-0.024775700150273378, -0.027275037828653655, -0.04639351662591009, 
-0.010743610719821486, 0.014664703318667474, -0.01623547931907109, 
-0.011214423359938665, -0.0018716026141638367, -0.0015975614118214495, 
0.024916753088403368, 0.01397595707864774, -0.022976554200379931, 
-0.1612744814705418, 0.030227577800654531, 0.021440819808851316, 
0.010825029849240688, 0.0062111695432841051, 0.0075634034507774447, 
0.0087759536655558721, 0.027725513234769884, -0.0065074608238634372, 
-0.019208759465462671, 0.01099232398137656, 0.011562228704423017, 
-0.010201304357859852, 0.0030445887962276771, 0.024123903611095045, 
-0.024107354343965437, 0.050399765543040535, 0.010482435307144969, 
0.0016593652033967171, 0.0053195700427754802, 0.0046527496586057648, 
0.0011161653353819695, 0.022867196130483033, -0.0079740361160520589, 
0.012947780355064215, 0.048633258085913823, 0.02232944133150767, 
0.0013450629966608237, 0.013305360026261337, -0.0040908996912729333, 
0.0024138721516238325, 0.027282817091635526, -0.019208759465462671, 
0.017737537433748105, -0.014517033172047151, -0.020761419421270886, 
0.0037137034351794832, -0.0035447690512684189, 0.0086790446546944431, 
0.024099934675880171, 0.02526149189855692, -0.030680154485878325, 
-0.012284198087471079, -0.012460115883383556, -0.015832821326368249, 
0.0093245989217956259, 0.0057473792901578721, 0.0020522511727581109, 
-0.094970708129336029, -0.021466335248280743, 0.0072753261318490312, 
0.01088311113694853, -0.010010921604106016, 0.0037455480533154064, 
-0.0059430739698969667, -0.048236726172364998, 0.010992323981376562, 
-0.014517033172047151, 0.0090316526206544231, 0.00094615718677940031, 
-0.017598272726231583, 9.0127604077496777e-05, 0.035298540023049801, 
-0.027100532746603154, 0.04696226023444685, 0.0030372962563435845, 
0.0016371158690606676, 0.0066279165903215809, 0.0054626032195211009, 
0.011947961973902466, 0.011402529193003807, 0.011541647539707529, 
0.037594013015761304, -0.030760128676058145, -0.0026046329966188456, 
-0.0099144330380267036, 0.0030086517540970125, 0.011253579270901636, 
-0.051444784810131157, -0.00024310720481736508, 0.011562228704423017, 
-0.020761419421270882, 0.00094615718677940031, -0.021669791421564631, 
0.0030684085232020632, -0.0030000745262444206, -0.025244903768228931, 
-0.032228869307821255, -0.035048635581373271, 0.0050506061201998059, 
-0.0089378000798376791, -0.013971397606503549, -0.00038833489951903917, 
-0.00091526265741119072, -0.010848353812572171, -0.014427588012265766, 
-0.11142283269473624, -0.038782632019768996, -0.034196967617173016, 
-0.0025690821645373038, -0.030653131680425234, -0.0089795198359444404, 
0.010508012378530109, -0.024775700150273375, -0.010201304357859852, 
0.0037137034351794832, -0.017598272726231583, 0.0030684085232020627, 
-0.020020672080179651, 0.0025759685314321115, -0.0037322216727882895, 
0.012306598847033983, -0.036622419784914206, -0.013215478722218912, 
0.0025929527201137581, 0.0076261852795597822, -0.0059166988036625989, 
-0.0075311989112669736, 0.002493001231296193, 0.013342727054228168, 
-0.016551628890565617, -0.045324424848072808, 0.011620902333266373, 
-0.0049424879056857727, -0.0064413760679130384, 0.0073803899221107395, 
-0.039469810705322114, -0.027275037828653655, 0.0030445887962276771, 
-0.0035447690512684193, 9.0127604077496777e-05, -0.003000074526244421, 
0.002575968531432112, -0.023338974279963707, -0.0036611528622200133, 
0.0014919707984437066, -0.017163627022920892, -0.0058106132511354346, 
-0.00016129363868516789, 0.0017621132460411823, 0.010818369270703242, 
0.0040356256972571758, 0.015608851803449047, -0.0086163523326686694, 
0.028506913098585485, -0.076459479621720866, 0.0085304853394626359, 
-0.0032471262913435, 0.0039410501002332989, -0.0058176648762143617, 
0.025424917584787203, -0.046393516625910083, 0.024123903611095048, 
0.0086790446546944431, 0.035298540023049801, -0.025244903768228927, 
-0.003732221672788289, -0.0036611528622200133, -0.099499352785480139, 
0.0061317283914818551, -0.01193982538807515, 0.0057063434782326297, 
-0.020891732959108528, 0.0087371532885453865, 0.033676878307455443, 
0.024058769712270736, 0.024286195480930303, -0.0048663832883899241, 
-0.3350079457311278, -0.19950398027533181, 0.039746971968861039, 
-0.0063948624457413356, 0.0012959250399618382, 0.049340291627458899, 
0.06482051353594373, -0.010743610719821486, -0.02410735434396544, 
0.024099934675880171, -0.027100532746603151, -0.032228869307821255, 
0.012306598847033983, 0.0014919707984437066, 0.0061317283914818551, 
-0.024734655242837283, 0.0062236171269336605, 0.0041229116704094961, 
-0.017937535190474425, -0.0096895157107420374, 0.0041781481581659851, 
0.0063457118497999565, 0.02296423157519711, 0.016038272375825658, 
-0.14714884319570085, -0.054266892992841619, 0.0001072584230574316, 
0.0024299684567385396, -0.0036408285246972076, 0.004369758801069352, 
0.01787253972562889, 0.014664703318667474, 0.050399765543040535, 
0.02526149189855692, 0.04696226023444685, -0.035048635581373278, 
-0.036622419784914199, -0.017163627022920892, -0.01193982538807515, 
0.0062236171269336605, -0.036275598596677026, -0.017881183985433209, 
-0.021723688108740105, -0.014506941641705988, 0.012029473701871895, 
0.010952354926633363, 0.018818939915419171, 0.019700120252813792, 
-0.18156844211646819, -0.076903942126455141, -0.0079976073350248398, 
0.0038241619766420042, -0.010518891987844205, 0.020156042963268232, 
0.0026821233254552745, -0.016235479319071086, 0.010482435307144971, 
-0.030680154485878321, 0.003037296256343584, 0.0050506061201998059, 
-0.013215478722218912, -0.0058106132511354354, 0.0057063434782326289, 
0.004122911670409497, -0.017881183985433209, -0.022620616315779721, 
0.01302566925479557, 0.00082592671289389631, 0.0040470194832386772, 
-0.0081618443438352516, -0.0061927003552331725, 0.0020619499712042446, 
-0.037477831640923442, 0.015341156166059827, 0.015047838282483083, 
-0.004345227476345765, -0.00080245915484649071, -0.0015324119475765778, 
-0.028968498419376786, -0.011214423359938663, 0.0016593652033967171, 
-0.012284198087471079, 0.0016371158690606676, -0.0089378000798376774, 
0.0025929527201137581, -0.00016129363868516787, -0.020891732959108528, 
-0.017937535190474422, -0.021723688108740109, 0.01302566925479557, 
0.011076316958335124, 0.0049511940469134895, -0.0048892040555388793, 
-0.0010513408813381936, -0.0025146220293807441, -0.003522749477519085, 
0.017892881923349743, 0.0033394824986561636, 0.0020147445336632969, 
0.0037075222304482794, -0.0050552615000466674, -0.0079019694197335205, 
-0.0051402465085487866, -0.0018716026141638367, 0.0053195700427754802, 
-0.012460115883383556, 0.0066279165903215809, -0.013971397606503549, 
0.0076261852795597822, 0.0017621132460411821, 0.0087371532885453865, 
-0.0096895157107420356, -0.014506941641705988, 0.0008259267128938962, 
0.0049511940469134904, 0.0034001985291497545, -0.0030090389208254778, 
-0.0042652296698160383, -0.0070573688630329616, -0.00046315156453640696, 
0.012020060138554658, 0.0002469432411656994, 0.0014690696277485306, 
0.0029479951417520785, -0.0044640878660384678, -0.0037716689777156347, 
0.0044278942991065285, -0.0015975614118214495, 0.0046527496586057648, 
-0.015832821326368249, 0.0054626032195211009, -0.00038833489951903922, 
