structure(c(-0.090227711844814859, -0.037178632826551594, -0.022801735170946639, 
0.0097683211373082758, 0.0062153811957020621, 0.00052867836235183201, 
-0.0071734973225892826, -0.019822699440777542, -0.0095785354498871475, 
0.013364829852512252, 0.033258064899387631, 0.011021209922643565, 
-0.0051128778628322033, -0.010294256396952407, -0.0015313964768863895, 
0.0036274210191708533, -0.010399802768220444, -0.009558600037045414, 
0.093398859908849191, -0.1206388005445003, 0.010266174284169182, 
0.0045578855155409981, -0.014132720450207501, -0.011733024653473778, 
-0.037178632826551601, 0.0096552278508789478, -0.0060475945938933276, 
0.0070671803793207044, 0.01988465428985731, -0.011779652626868928, 
-0.0074932918271424058, -0.0032194756784374667, 0.022394252507048577, 
0.0041828828174801354, 0.030636002739963423, -0.013092726347508372, 
0.0031339337943056583, 0.006443797047008511, -0.0073597660200741535, 
-0.0038809687813178961, -0.0028583706050555107, 0.0030885381019593477, 
0.075604752568060138, 0.0038975570375966982, -0.0031128846316859919, 
0.0021297706053658716, 0.0036828844413874366, -0.0031227406269232426, 
-0.022801735170946639, -0.0060475945938933276, 0.014613232199305834, 
-0.0068714897180122475, -0.0075839551333300986, 0.0031608082813488988, 
0.0056449580658745413, 0.0092314103283482139, 0.016406925259409788, 
0.010585010412285916, 0.0031674485969758834, 0.0024788364747570994, 
0.0040514514772075688, 0.0038586319915963328, 0.0013156892467969757, 
-0.002025951776894313, 0.0059077576974755812, 0.0099575546194986785, 
-0.028152405464830176, 0.038232975536433206, 0.0092876723801586739, 
0.001586335264721721, 0.0055366639016474631, -0.00010150030287657218, 
0.0097683211373082758, 0.0070671803793207035, -0.0068714897180122475, 
-0.0043217842227960112, -0.00042939711601613565, -0.004549665880481296, 
0.0043738125603277663, -0.0038087012790076176, 0.0043827110440268248, 
-0.00045040480589180783, -0.0013433147373813016, -0.0028177043231623184, 
5.4810180251779694e-05, -0.0017367796748697783, 0.0021088642550997397, 
0.00163897692061992, -0.0085558162547998175, -0.006138512537015482, 
0.023780934822880843, -0.022202262905715989, -0.0077387187457157603, 
-0.004766998934524919, 1.4130752799849386e-05, 0.0046677850133687122, 
0.0062153811957020612, 0.019884654289857313, -0.0075839551333300986, 
-0.00042939711601613565, 0.0025105844191579407, 0.00063249218983442185, 
0.00067398789781042878, -0.0084513424465718912, 0.029079789094724872, 
-0.0041819293842809526, -0.00937066755521717, -0.0073637120665006458, 
0.0020419590179260104, 0.0011859022400265888, -0.0050919895679353384, 
-0.0025746723386997246, 0.0021560388833788886, 0.013111372024930889, 
-0.015839086646336462, 0.024142104339361627, -0.0023016902322754748, 
0.00096173649822100865, -0.0090210162564452259, 0.0010678790667882606, 
0.00052867836235183201, -0.011779652626868928, 0.0031608082813488988, 
-0.004549665880481296, 0.00063249218983442185, 0.0073266952169754656, 
0.0045422142744963277, 0.0018033266274280768, 0.019303618810950336, 
0.0012495318797279584, 0.0099432804312951824, -0.008280242303681613, 
6.0729953103962257e-05, 0.001691713700048362, 0.0047804036263550424, 
0.0037999501199193668, 0.01167312785929089, -0.01186024783909027, 
0.0073719234101604922, -0.0080193906708558131, 0.009732711165855449, 
0.0020202305084674817, 0.0053444449128899401, 0.0063600571120795797, 
-0.0071734973225892834, -0.0074932918271424058, 0.0056449580658745422, 
0.0043738125603277672, 0.00067398789781042889, 0.0045422142744963277, 
0.0018301186091797701, -0.0061704755926119603, -0.012839574255030219, 
-0.0057412119200019977, 0.0077641969520939151, 0.0022406506445138909, 
0.0035677995681372495, 0.00063362720562739553, -0.0069349271905670366, 
0.0015447667596145589, -0.0034973854749997487, 0.00097315358212384179, 
0.0096774679980330715, 0.052150482476872123, -0.00035955712970382536, 
0.0015641523939542415, -0.0028551898616360084, 0.0058292115342285528, 
-0.019822699440777546, -0.0032194756784374662, 0.0092314103283482156, 
-0.0038087012790076176, -0.0084513424465718912, 0.0018033266274280768, 
-0.0061704755926119603, 0.0021552337434428662, 0.01375925029399863, 
-0.0013163674570766115, -0.018899492297453215, -0.0013051400045897307, 
0.0034450323365410604, 0.0058159844517723883, -0.00015453162362191324, 
0.0018740020183414679, -0.0004201739090836356, 0.0042700489334692405, 
-0.066779543043616552, 0.060258302922489626, 0.0039906228454170793, 
0.0007971120630609821, -0.0029148611388021858, 0.00202846194106717, 
-0.0095785354498871492, 0.02239425250704858, 0.016406925259409788, 
0.0043827110440268248, 0.029079789094724872, 0.019303618810950336, 
-0.012839574255030219, 0.01375925029399863, 0.018641958355412228, 
0.010091128614419999, 0.027160146640047979, -0.00013666905071811535, 
-0.0038103071138243954, -0.001142138604243891, 0.00054790990383435107, 
0.00067834489384430163, -0.0014163921922209499, -0.0020747856870915889, 
0.0026341282813920047, 0.014812592537092332, -0.0027320450316799371, 
0.0016769897404274522, 0.017057121515803696, -0.011461446045095362, 
0.013364829852512252, 0.0041828828174801354, 0.010585010412285914, 
-0.00045040480589180777, -0.0041819293842809526, 0.0012495318797279586, 
-0.0057412119200019977, -0.0013163674570766115, 0.010091128614420001, 
-0.0086829502005204649, -0.034705179094147831, 0.0047537600660786652, 
-0.0024068211678490792, -0.0025150955270665993, -0.0026400061769456182, 
0.0013101534304733446, -0.001621322106355167, 0.0088301144107966727, 
-0.033002025326315583, -0.017379979709925768, 0.0053781354043943574, 
0.0049991867069130239, 0.012656722562160678, 0.0017708787742624591, 
0.033258064899387631, 0.030636002739963419, 0.0031674485969758834, 
-0.0013433147373813016, -0.0093706675552171683, 0.0099432804312951824, 
0.0077641969520939142, -0.018899492297453215, 0.027160146640047979, 
-0.034705179094147831, -0.0091787747634259065, -0.0076778361980333462, 
0.014205912071819345, 0.016065258522224013, 0.0038326290341639643, 
-0.0021034971342523143, 0.00012643344092725249, 0.0099042025852083288, 
0.092806930009543681, 0.046054813150365553, 0.0019438653160545379, 
-0.00051625267779606659, -0.0060717029416323112, 0.0039424772713877627, 
0.011021209922643563, -0.013092726347508372, 0.0024788364747570998, 
-0.0028177043231623188, -0.007363712066500645, -0.008280242303681613, 
0.0022406506445138909, -0.0013051400045897307, -0.00013666905071811535, 
0.0047537600660786652, -0.007677836198033347, 0.011826879212412484, 
0.0041147901978592473, 0.00017474925470681267, -0.0058269602433184521, 
0.002363545475073974, 0.0063271860002834003, 0.0042782446579428526, 
-0.010513354878116374, 0.021848801775864311, 0.0094898372477053485, 
0.0022597157305940412, 0.0031680099057692698, 0.0012556430511357142, 
-0.0051128778628322033, 0.0031339337943056579, 0.0040514514772075679, 
5.4810180251779694e-05, 0.0020419590179260104, 6.0729953103962257e-05, 
0.003567799568137249, 0.0034450323365410609, -0.0038103071138243954, 
-0.0024068211678490792, 0.014205912071819345, 0.0041147901978592473, 
0.0027237006219637573, 0.0023535605755860465, -0.00054737820303186536, 
-0.00034708294301197403, 0.00074891072107784813, 0.0028672120048212307, 
0.016008885681905664, -0.027543392700725807, 0.0046443569173194137, 
0.0023691685026631152, 0.0029042680923949695, 0.0038991912175545054, 
-0.010294256396952407, 0.006443797047008511, 0.0038586319915963328, 
-0.0017367796748697785, 0.0011859022400265888, 0.001691713700048362, 
0.00063362720562739553, 0.0058159844517723875, -0.0011421386042438908, 
-0.0025150955270665993, 0.016065258522224013, 0.00017474925470681267, 
0.0023535605755860465, 0.00064105420665862137, 0.00086204952789485482, 
-0.0010621864304488501, 9.9709087620484534e-05, 0.0043860643094926453, 
0.0085718174823990693, -0.02391437616830399, 0.0020674016915892429, 
0.0011658643946296941, 0.0015752311672497198, 0.0024239791716606494, 
-0.0015313964768863893, -0.0073597660200741526, 0.0013156892467969757, 
