structure(c(-0.066657087231978329, -0.041416509274088041, 0.036501641173181137, 
-0.0029508874515902788, -0.01321320751115553, -0.031373581468244517, 
-0.001051161427020345, 0.017167167872725413, -0.12501193918721609, 
-0.012377764604350614, 0.00094905704949574735, 0.0018926115900597918, 
0.0067728450208863903, 0.011179945056371819, -0.007131356152628587, 
0.01801621956176366, -0.025856788206232606, 0.020536566655836492, 
0.094321791524532836, -0.024181485231546285, 0.0030695298964025669, 
-0.0083295915613750462, -0.0068014330342984581, -0.011110326572176674, 
-0.041416509274088041, -0.059843570474443136, 0.033275078664818998, 
-0.0052188598966505587, 0.00290974467008011, -0.0095933390343250231, 
0.0025012596407472882, 0.0058109649485938129, 0.0047566551248759362, 
0.021821412200672366, 0.057916448141743272, -0.008345558184621309, 
-0.0025711000249949777, 0.0069783275275707209, 0.0081468376677038754, 
0.007169643649442177, -0.011342453502620448, 0.02451121728527653, 
-0.0441059893061896, 0.080581902730975541, 0.0072283988080443515, 
0.0084512889043841469, -0.0013536926118728116, 0.0018523083516236148, 
0.036501641173181137, 0.033275078664818991, 0.012718427798476539, 
-0.0047680363899073753, 0.010809470031139128, -0.0030885531327262562, 
-0.0087108805392802566, 0.022520347927797616, 0.032715607866282859, 
0.0034643024211903108, 0.03829942884524469, -0.010018077213730669, 
-0.0028489297282814907, 0.0048477959140565017, 0.01363741426646182, 
-0.001831904747662344, -0.0043423472212593996, 0.014075084751279235, 
-0.0097188161678307336, 0.0077499117419538707, -0.0065042550978899431, 
0.0087690563074790864, 0.00054608628080704709, -0.0022762165826762425, 
-0.0029508874515902788, -0.0052188598966505578, -0.0047680363899073744, 
0.0069910492805349955, -0.0062416673287109094, -0.0057120573510724432, 
0.009793400179515202, -0.0041246241555060598, 0.01849600226648691, 
0.0051622292628595145, -0.0015509410227203756, 0.0071981737784951802, 
0.0034111982167681658, 0.0022053777004426298, -0.0018309521855271807, 
0.0072738948301776501, -0.0082326188469603687, -0.0047612798580059226, 
0.055472987850175279, -0.041975928246390445, 0.006538259845033579, 
-0.0039217024215689299, 0.0054313778407020985, -0.001944370779028757, 
-0.01321320751115553, 0.00290974467008011, 0.010809470031139128, 
-0.0062416673287109103, -0.0043258711057680786, -0.0072509962453055242, 
-0.0026824308490130408, 0.0013166889078580198, 0.01192442014205042, 
-0.013806254894812546, 0.012787871700101136, 0.002115960691324973, 
0.0024850559605443835, -0.00036676183357189267, 0.0034512532442331667, 
0.017749444742797365, 0.0057087785478232385, -4.8034012258877074e-05, 
0.041187855159909727, 0.022579606864458975, -0.010231326755012942, 
-0.0060089771971128837, -0.0054838023609985135, -0.005575633916553354, 
-0.031373581468244517, -0.0095933390343250213, -0.0030885531327262562, 
-0.0057120573510724432, -0.0072509962453055242, 0.0058339543091576124, 
-0.0056202806071149365, 0.0040907473711618812, 0.014582672394749037, 
0.0024338920071158314, 0.0078977667686672172, -0.013902080805540312, 
0.0001626830612132034, 0.0012182631215657924, -0.010986429134966445, 
0.0070249779706448162, 2.5362907152532365e-05, -0.002029501546991067, 
0.023748346236752794, 0.0055158596158059658, -0.0059660882692600045, 
-0.0038548801476095749, -0.0091249244891772295, 0.0094227851295921334, 
-0.001051161427020345, 0.0025012596407472882, -0.0087108805392802566, 
0.0097934001795152038, -0.0026824308490130404, -0.0056202806071149365, 
-0.0065887832199822407, 0.0010407031675534893, 0.012578846833679488, 
0.00098675307230207182, 0.0066972487294668683, -0.011460970686996802, 
-0.00019455592508335287, 0.00012937245507808141, -0.0052218876329871945, 
0.0015432270087990386, -0.0064591407909107973, -0.0086894591400105917, 
-0.016882172658379324, 0.016261562461332608, 0.00041039324891378086, 
-0.00028388032011095367, -0.0060080974724056107, -0.0040424037820130862, 
0.017167167872725413, 0.0058109649485938138, 0.022520347927797613, 
-0.0041246241555060598, 0.0013166889078580198, 0.0040907473711618821, 
0.0010407031675534891, 0.009524274916190404, -0.0069492789559529632, 
0.0034668473806607715, 0.00046647597835883302, -1.6228690180674193e-05, 
-0.0025980098903340154, 0.00067959505496849228, -0.002244494704301847, 
0.0093915969861214713, -0.0086164613135873928, 0.0052396027499770313, 
-0.00020595040188371702, 0.044535734804399478, 0.0014717113947667032, 
-0.0032441200201352551, -0.0023726653246146385, 0.0033395256001733128, 
-0.12501193918721612, 0.0047566551248759362, 0.032715607866282852, 
0.01849600226648691, 0.01192442014205042, 0.014582672394749039, 
0.012578846833679488, -0.0069492789559529632, 0.025897776032954133, 
-0.0020351012754022094, 0.032249185167579117, -0.0019826460833672088, 
-0.0076057497860578709, -0.00048907584495140729, -0.008534744930564794, 
0.016978375431495742, 0.0067139545318111258, 0.01666446418372897, 
-0.12832738191945242, -0.029494884866940799, 0.0028630712307864308, 
0.0092498301711058314, -0.00029865317008095731, 0.00041380271288410446, 
-0.012377764604350612, 0.021821412200672363, 0.0034643024211903108, 
0.0051622292628595145, -0.013806254894812544, 0.0024338920071158318, 
0.00098675307230207182, 0.0034668473806607715, -0.0020351012754022094, 
-0.013827700491494869, -0.034283338430040937, -0.00044604408280391004, 
0.00063005597939468267, 0.0080616902607434666, -0.00062046809118921893, 
0.011782837069187136, 0.0061618064456742351, -0.0028668243687807369, 
-0.10980537157559477, 0.058592775597361049, 0.0040251973398399222, 
0.010609838108353141, 0.0043492585486022582, -0.002685967659461073, 
0.00094905704949574735, 0.057916448141743272, 0.03829942884524469, 
-0.0015509410227203754, 0.012787871700101134, 0.0078977667686672172, 
0.0066972487294668683, 0.00046647597835883296, 0.032249185167579117, 
-0.034283338430040944, 0.0030434674744939205, 0.0022434615197659958, 
-0.0013136821079855335, 0.0028991820915197793, -0.001747461140668022, 
0.029586236782434168, -0.022949398429301847, -0.0028473710178217272, 
-0.020022517489188082, 0.079900481206014784, -0.013715606303779874, 
-0.011911878572019863, -0.017214391746279978, 0.001287829670489125, 
0.0018926115900597918, -0.0083455581846213107, -0.010018077213730669, 
0.0071981737784951811, 0.002115960691324973, -0.013902080805540312, 
-0.011460970686996802, -1.6228690180674193e-05, -0.0019826460833672088, 
-0.00044604408280391004, 0.0022434615197659958, -0.026631902430675435, 
0.0036723652887091416, 0.0021684553954605646, 0.0029247401817715287, 
0.007716144269954958, 0.0085026909212727302, 0.00035432507665730069, 
0.044998087143552211, -0.038253104175657013, -0.0062903493782166852, 
0.0068228074918169962, 0.00023735658147536838, -0.0018189571698524506, 
0.0067728450208863903, -0.0025711000249949772, -0.0028489297282814903, 
0.0034111982167681658, 0.0024850559605443835, 0.0001626830612132034, 
-0.00019455592508335287, -0.0025980098903340154, -0.0076057497860578709, 
0.00063005597939468267, -0.0013136821079855335, 0.003672365288709142, 
0.0036753258077603383, 0.003801080996328989, -0.0015809820963880959, 
0.00035332006481699803, 0.006053387614694772, 0.0019104004542466991, 
0.0054471324888845105, 0.010664867471089351, 0.004359376228601798, 
0.0054828964825480615, 0.0028142763585227801, 0.001783767123469988, 
0.011179945056371819, 0.0069783275275707209, 0.0048477959140565017, 
0.0022053777004426298, -0.00036676183357189267, 0.0012182631215657924, 
0.00012937245507808141, 0.00067959505496849228, -0.00048907584495140729, 
0.0080616902607434666, 0.0028991820915197797, 0.0021684553954605646, 
0.003801080996328989, 0.0044416945500355357, -0.0015953938559262425, 
0.0012457529320543978, 0.0041034186030167044, 0.0038537492078837485, 
0.00095847877648400027, 0.022865130188376753, -0.0013817530240229478, 
0.0024736286103429176, 0.0039290788109216067, 0.0024056625237609437, 
-0.007131356152628587, 0.0081468376677038736, 0.013637414266461822, 
