structure(c(-0.12488073855156412, -0.032252621804870374, 0.048037013207070413, 
-0.034109821559506308, 0.0077339559583820836, 0.0072824542494524828, 
0.0029819124232385989, 0.01285809851220655, 0.04712520112191184, 
-0.088596873204165261, -0.067771539183541757, -0.063924894329523516, 
-0.00023242920590026801, -0.0062741882026931045, -0.018803903686241824, 
-0.01053096310707565, -0.029376645551552425, 0.0041971824073480189, 
-0.08985509026007206, -0.16809648967350338, -0.042922176663028666, 
-0.019796790902167776, -0.033011985173148337, -0.020886635766335225, 
-0.032252621804870374, -0.015853263264406545, 0.030804231897162412, 
-0.0093929311754391911, -0.0081417520857348241, -0.01383751697961687, 
0.00075363731527549455, 0.011679946489146524, -0.012925172866182192, 
-0.021696635610865652, -0.032080312174274088, -0.01083865084747735, 
-0.0065385575003402549, -0.0067739465272825001, -0.0067406900278261239, 
0.0061926094251228293, -0.0016788424905091652, 0.0092044690181115711, 
-0.12705958811229329, -0.034757221222701272, 0.0079070061581519129, 
0.019973549879776693, -0.0081212689331318019, -0.006353261035350318, 
0.04803701320707042, 0.030804231897162408, -0.009604974712750786, 
0.018286760371057632, 0.016123166131215342, 0.00022662823597650338, 
-0.0089929642009215841, -0.011094849768037375, -0.014629324423642828, 
0.00034905625851056022, -0.0072372953698497545, 0.011595681472416453, 
-0.0030289658028394991, -0.010104574083743028, -0.0001200814562079242, 
-0.0021911090253828756, -0.0059404023151011683, -0.013519172328910114, 
-0.022225632609958045, -0.10279237167422078, -0.0024471882589605551, 
0.0012811785871004924, -0.0010710284971098896, -0.0043367857156348597, 
-0.034109821559506315, -0.0093929311754391911, 0.018286760371057632, 
-0.036093427081141577, -0.023913024946809011, 0.0053345871175284497, 
-0.0097011228991583289, -0.0031094078942913456, -0.025790551761323971, 
0.0047494285303045936, -0.013394854997298086, -0.0051697084672135581, 
-0.00055456315763114067, 0.0017852894401633613, 0.0074582949627393161, 
-0.013382407981531116, -0.0025867764736755457, 0.010292065160814327, 
0.0060434255858057683, 0.02156325089610257, 0.0028682663044023011, 
-0.004034835482243559, -0.0070359417121237094, 0.0007317146825552086, 
0.0077339559583820845, -0.0081417520857348241, 0.016123166131215338, 
-0.023913024946809008, -0.0075471817676385188, -0.012704491484414441, 
-0.015151279786265657, 0.0089608229119960379, -0.045751628647372554, 
0.018616649122801102, -0.018786860020768351, -0.0048382676711350627, 
-0.005112005712689281, -0.0026478444825830888, 0.0055250751461526837, 
-0.00047170705970728803, 0.0016104836844300905, -0.014729014978905738, 
0.056037861168720039, -0.089535555282380289, 0.00056429396014365165, 
0.006014436856369783, 0.01006321888429298, 0.0047444675127877572, 
0.0072824542494524828, -0.013837516979616868, 0.00022662823597650338, 
0.0053345871175284497, -0.012704491484414441, 0.0071845164511081944, 
0.00020117651197800254, -0.0063259623842164452, -0.022512741802050686, 
-0.011707671592673519, -0.057948203452153312, -0.0017781026334270492, 
0.0066476845855851742, -0.0055293036876156018, 0.0017840670705757244, 
-0.019267341962795455, -0.005544727970687756, -0.008053715067212884, 
0.046563385723329215, -0.011642382486797109, -0.007290474799514406, 
5.4028269250748967e-05, -0.0054626262558232401, -0.011686948215059341, 
0.0029819124232385984, 0.00075363731527549455, -0.0089929642009215858, 
-0.0097011228991583306, -0.015151279786265655, 0.00020117651197800254, 
0.00090662869936895449, -0.014414858050889058, 0.0076837086181339659, 
0.0079073924305930483, -0.005799745158410286, -0.0046839364217587881, 
-0.0065711742998352122, -0.0013018575045760793, 0.0098123551103408008, 
-0.0051730358685059792, 0.0093845326731702254, -0.0017186019025290157, 
0.040737143820782883, -0.031903944172679929, 0.010615217783062927, 
0.0037897959706883759, 0.013291604050821136, -0.0089119743339518588, 
0.012858098512206552, 0.011679946489146524, -0.011094849768037377, 
-0.0031094078942913456, 0.0089608229119960397, -0.0063259623842164461, 
-0.014414858050889059, 0.0026454472732788097, -0.007147930300653583, 
-0.0076529171635481624, 0.012418267023768161, -0.0012445045161152296, 
-0.001280721598122349, -0.0039854473301518213, -0.0093634455163456136, 
-0.0006533735214034553, -0.0042631418030042219, -0.0043872142919612585, 
0.095184631044477816, -0.031663112274910254, -0.012214583393338078, 
1.3243879592611226e-05, -0.0023584216934415376, -0.0032967899909785887, 
0.04712520112191184, -0.012925172866182192, -0.014629324423642827, 
-0.025790551761323971, -0.045751628647372561, -0.022512741802050689, 
0.0076837086181339651, -0.007147930300653583, 0.040481439809869638, 
-0.025963126659501606, -0.086093283291257788, -0.027434746935034882, 
0.017086753612286388, 0.0092562338998459486, 0.00056713583595677112, 
0.00077581913791921313, 0.0022071433459703005, -0.0025933527601890854, 
0.044116254511751433, -0.080589613060836021, -0.016788420302097214, 
-0.0042786604030508194, -0.03192179643908212, 0.014483586124503976, 
-0.088596873204165247, -0.021696635610865652, 0.00034905625851056017, 
0.0047494285303045936, 0.018616649122801102, -0.011707671592673519, 
0.0079073924305930465, -0.0076529171635481607, -0.025963126659501609, 
-0.014497975683335622, 0.014548345171532397, -0.021849007467678792, 
0.0027814837454780217, 0.0066222400899022069, -0.0073160216371654842, 
0.0061893432701683078, -0.0044168904075890447, -0.016660230574396199, 
0.014295189845930768, 0.048393504345498613, 0.0067844148063681302, 
-0.0085617146201615243, -0.0075500824712134481, -0.0026040996624039497, 
-0.067771539183541743, -0.032080312174274088, -0.0072372953698497545, 
-0.013394854997298086, -0.018786860020768348, -0.057948203452153318, 
-0.0057997451584102869, 0.012418267023768161, -0.086093283291257788, 
0.014548345171532397, -0.13071321417874879, -0.0071802633333707018, 
-0.0028657581992786807, 0.010025122132264752, -0.025719374923240914, 
0.032163811541426578, 0.015512222120606892, -0.026654435105309845, 
-0.15116010491807982, 0.020988524998626329, 0.005690258188055298, 
0.011202049427921591, 0.025368791337605362, -2.7365507657292576e-05, 
-0.063924894329523529, -0.01083865084747735, 0.011595681472416453, 
-0.0051697084672135581, -0.0048382676711350627, -0.001778102633427049, 
-0.0046839364217587881, -0.0012445045161152296, -0.027434746935034882, 
-0.021849007467678792, -0.0071802633333707018, -0.019464994092756663, 
0.0028497251732616238, 0.0066033325500090799, 0.0081798628515342871, 
0.0024838513823274653, -0.00041301074756756363, -0.0031733796703373686, 
0.077585847820739573, 0.00037615778415855017, -0.0021444809237155123, 
0.0063047131202219686, 0.0049874500118128346, 0.0031251223362152034, 
-0.00023242920590026798, -0.0065385575003402549, -0.0030289658028394991, 
-0.00055456315763114067, -0.0051120057126892802, 0.0066476845855851742, 
-0.0065711742998352122, -0.001280721598122349, 0.017086753612286388, 
0.0027814837454780217, -0.0028657581992786807, 0.0028497251732616242, 
-0.0030150284743945886, 0.0010936441937364038, 0.00026587149179108598, 
0.004770302920735406, -0.00059963316349772992, -0.0030152142497008338, 
-0.012470865946604405, 0.0053209729915865414, 0.00081276426192278576, 
0.0015485718711253144, -0.00033572038926624751, 0.0015586295438813071, 
-0.0062741882026931045, -0.0067739465272824992, -0.010104574083743026, 
0.0017852894401633613, -0.0026478444825830888, -0.0055293036876156018, 
-0.0013018575045760793, -0.0039854473301518204, 0.0092562338998459486, 
0.0066222400899022078, 0.010025122132264752, 0.006603332550009079, 
0.0010936441937364038, 0.0035211042216954035, -0.0057123794110382061, 
0.0080355376286272099, -0.00067539736361065623, -0.0055166653648045542, 
-0.020868780638568323, 0.0078438554726846695, -0.00052900399071544165, 
0.0027582737625364978, 0.0015789614455504343, 0.00092486932364626954, 
-0.018803903686241824, -0.0067406900278261239, -0.00012008145620792418, 
