structure(c(-0.0026841344655903444, -0.041786351529194542, -0.031241369320161191, 
0.0071696777366260268, 0.013569426796051019, 0.0048680947416432684, 
-0.023958631221691729, 8.6471529749761628e-05, 0.0030786267732847354, 
-0.042191180129345765, -0.050594752845523269, -0.040019935054890314, 
0.011055062862395087, 0.0056217403270791191, 0.0082113676779225556, 
-0.017812052191040772, 0.0022688058483379919, 0.0026132946241429387, 
-0.14206336995289273, -0.054290450420431867, -0.0076866432680080697, 
0.0085489772992346207, -0.0086753062679696107, 0.013885213654370704, 
-0.041786351529194542, -0.045280618595506195, -0.0062895849470213996, 
0.018610241013124348, -0.030200034657821312, 0.018951362417086268, 
-0.02227146008160967, -0.0024803453357097869, -0.026406355226995672, 
-0.045889693496588814, -0.10365362619251293, 0.014248395531592023, 
0.010869617563262018, 0.0022602093212073138, -0.017218561345085058, 
-0.00035212045932622542, -0.022881628505894036, -0.002204794171053172, 
-0.075498755620224678, -0.01529195163193559, -0.0086361915910727945, 
-0.01331119789593214, -0.014565752288803724, 0.0078440587639849613, 
-0.031241369320161191, -0.0062895849470213996, 0.0010279597658357953, 
-0.0050244553066971604, 0.0028353962863503913, -0.0012825837604165734, 
0.0070552598411913392, -0.016226005626915688, 0.010282017239489741, 
0.0014593363111446061, -0.011026243356266639, 0.0086182580678982827, 
-0.0026935207639980185, -0.0055489292277621427, -0.011582473776409733, 
0.0033617663705211276, -0.0030187086391953101, -0.0027299581098903865, 
0.0012654765586797517, -0.037585055714989352, 0.0028697931928052143, 
-0.01112519878775157, 0.0057470118793854488, 0.0071848351912896791, 
0.0071696777366260268, 0.018610241013124345, -0.0050244553066971604, 
0.011588900358969876, -0.0027896935001206825, 0.0080684184074576049, 
-0.0098848442000819877, -0.0086824453471244824, -0.048309219036183418, 
-0.0029737686689131717, 0.037434305762483425, 0.0037490486908262166, 
0.0021965271368027399, 0.0024314377685188816, -0.0032368821757112918, 
-0.0071704553367109352, -0.0038346438954258741, 0.0022884749212175896, 
-0.086228657543778883, 0.013848162990139216, -0.0088838547990352894, 
0.0089644095799802891, -0.0003582779301964651, -0.00091639708958077563, 
0.013569426796051019, -0.030200034657821315, 0.0028353962863503918, 
-0.0027896935001206829, -0.0014058300409916346, -6.1628183681147319e-05, 
0.0078098637016411343, -0.0036276601496669134, -0.017670285977192706, 
-0.010134022102092707, -0.032725935628377362, -0.013462393468045279, 
-0.0077853364315856148, 0.00078506975979228269, -0.0099612101984197544, 
0.0016175240963117361, -0.00121618480404894, -0.006152822493989879, 
-0.024104565888560893, -0.0086617282360211805, 0.0077219276315037893, 
-0.0030359271316688463, 0.0070126388493913063, 0.014573556345592898, 
0.0048680947416432684, 0.018951362417086264, -0.0012825837604165734, 
0.0080684184074576067, -6.1628183681147319e-05, 0.0099264233308478927, 
-0.0015229603976994132, -0.010578090699960845, -0.016067284611048605, 
-0.0033236307072788658, 0.0065588728217773201, 0.008450812418649218, 
0.0037108460252509366, -8.759441409425635e-05, 0.010583291352539945, 
-0.0080771200601051883, 0.0026791692220727251, 0.0092435377183993483, 
-0.0067703258818038979, 0.01577138394328927, 0.0065778975643812475, 
0.016386006463902834, 0.0040288985281708963, -0.002017823694912501, 
-0.023958631221691729, -0.02227146008160967, 0.0070552598411913383, 
-0.0098848442000819877, 0.0078098637016411343, -0.0015229603976994132, 
0.0033825868082390264, -0.00061333192135350895, -0.017098908475297849, 
-0.0059161847292483593, 0.0090915304984211832, 0.0098841760148015954, 
-0.00053972210621111572, 0.00058549694576437027, 0.0056709590037274625, 
-0.0071554968230690755, -0.0065688345286264013, 0.0022641809716857811, 
0.020594596242504395, -0.011409351787344873, -0.001537874163036836, 
0.0016990237742956604, 0.0060779293798052525, -0.0039990154650105386, 
8.6471529749761628e-05, -0.0024803453357097869, -0.016226005626915688, 
-0.0086824453471244806, -0.0036276601496669134, -0.010578090699960843, 
-0.00061333192135350895, -0.0030986651450320328, 0.010151308230682476, 
-0.00085695394668002488, 0.018273897647052614, -0.0070752015348273037, 
7.4268379549168341e-05, -0.00098294744288991319, 0.0027339177637797263, 
-0.012065994674957815, 0.0023682216289874942, -0.0081051189687566839, 
-0.0049780006980101833, -0.0040449824586153418, -0.0018714110925137314, 
0.0011006228609824948, 0.0010489654195689928, 0.0071667620470105926, 
0.0030786267732847354, -0.026406355226995672, 0.010282017239489743, 
-0.048309219036183418, -0.017670285977192703, -0.016067284611048602, 
-0.017098908475297853, 0.010151308230682476, -0.09260656658928737, 
-0.048139854326814772, -0.098606441036627621, -0.034339299471816499, 
0.0048092431249774619, 0.0033273992470312604, 0.0037032726047492442, 
-0.011702269099440948, 0.014415715978402039, -0.030984817706629829, 
0.023182197268035314, -0.058376065831433128, -0.010128401041588532, 
-0.012922357046068339, 0.0075869987900916954, 0.0093761734222358346, 
-0.042191180129345765, -0.045889693496588814, 0.0014593363111446061, 
-0.0029737686689131717, -0.010134022102092707, -0.0033236307072788658, 
-0.0059161847292483593, -0.00085695394668002488, -0.048139854326814772, 
0.0025857031300364759, -0.012682106671775401, -0.0091218604968637575, 
0.00087987687197207563, -0.006722403555837724, -0.00065963279211428178, 
-0.0022628306248460438, -0.0024687866675885553, -0.0038795609224285699, 
0.12132119828394974, -0.022024646385701056, -0.011003286434972448, 
-0.018164838706525133, 0.0079881925914818391, -9.8398762330122641e-05, 
-0.050594752845523269, -0.10365362619251293, -0.011026243356266639, 
0.037434305762483418, -0.032725935628377362, 0.0065588728217773192, 
0.009091530498421185, 0.018273897647052614, -0.098606441036627607, 
-0.012682106671775401, -0.088878498723383076, -0.00042405318850124356, 
0.017994651884661109, 0.013817801148411604, 0.0022943524601933721, 
-0.0039766639678441755, 0.01350448247769322, 0.0016934224965305352, 
-0.029397415746728071, -0.064378339471502649, 0.010174729375077655, 
0.016499388648795767, 0.013423823225737095, -0.0013527032449831028, 
-0.040019935054890314, 0.014248395531592024, 0.0086182580678982827, 
0.0037490486908262162, -0.013462393468045279, 0.008450812418649218, 
0.0098841760148015972, -0.0070752015348273028, -0.034339299471816506, 
-0.0091218604968637575, -0.00042405318850124361, -0.004159913906499159, 
-0.0058147275336024465, -0.0055516313053345359, -0.0052422787431935262, 
-0.0038778597824518342, -0.010673614845351417, -0.014463179914828156, 
0.065990723290882777, 0.064898966810992664, -0.0059378645432164425, 
0.0040148490244748831, -0.011230687915412147, -0.004072540608982024, 
0.011055062862395085, 0.01086961756326202, -0.0026935207639980185, 
0.0021965271368027399, -0.0077853364315856148, 0.003710846025250937, 
-0.00053972210621111572, 7.4268379549168341e-05, 0.0048092431249774619, 
0.00087987687197207563, 0.017994651884661109, -0.0058147275336024465, 
0.00095884455344120208, -0.0027474422313161074, 0.0032233153928407166, 
5.0515416842251485e-05, -0.0015834367492655568, 0.0015065272471646532, 
-0.014247986018453762, 0.00720521301281627, -0.00045935345090834069, 
-0.0027377298198082993, -0.00061300828108882112, 0.00039048728815345148, 
0.0056217403270791199, 0.0022602093212073138, -0.0055489292277621427, 
0.0024314377685188816, 0.00078506975979228258, -8.759441409425635e-05, 
0.00058549694576437027, -0.00098294744288991297, 0.0033273992470312604, 
-0.0067224035558377231, 0.013817801148411604, -0.0055516313053345359, 
-0.002747442231316107, -0.0046697473408553224, 0.0010439240533340792, 
-9.4892238383247521e-05, -0.0024949604599703041, -0.0021299113373393743, 
0.009145641781031718, -0.014221244001987446, -0.0026305506790815854, 
-0.0033597538807003066, -0.0031576407320102568, 0.0015418876376722716, 
0.0082113676779225573, -0.017218561345085058, -0.011582473776409734, 
