structure(c(0.099601399306649352, -0.18535494341650371, 0.052783481791723548, 
0.013788731436181843, -0.030740542980149641, -0.018687143217055002, 
-0.02429133217806902, -0.073492890720372447, -0.28551665053032121, 
0.020131647108843995, -0.1189426660304186, 0.11262158481505861, 
0.030280764910753072, 0.008055674965259817, 0.017713458878126642, 
0.038544439142762905, 0.023425377730745236, -0.01380775391300979, 
-0.11220028112975318, -0.4351213232240439, -0.040299290781732208, 
0.013906361741308383, 0.034477265650061102, 0.05595902592138903, 
-0.18535494341650374, -0.090141426657861928, -0.016845560695509725, 
0.10813183871425044, -0.049254072210206619, 0.062860163709179684, 
-0.016416935067803919, -0.047288043496057683, -0.17768359196069655, 
-0.019322014128114726, -0.11275507408339135, -0.054873102676556366, 
0.051820081873686225, 0.018631052329868805, 0.020119078021210671, 
0.007417150580102355, -0.025211733410711767, 0.079530681864811562, 
-0.22196733090164089, -0.019180487975752041, 0.0019513695003703991, 
-0.054386979039070554, -0.021395564622902812, 0.029413191456162419, 
0.052783481791723541, -0.016845560695509725, 0.0023687607197135007, 
0.040775960756170689, -0.0016504811297346725, -0.0058150302233387283, 
-0.015006779839760703, -0.022890433734350183, 0.091244047505722181, 
-0.028905985590682009, -0.0046238868058565202, -0.0048392749365200518, 
-0.00060669653021494312, -0.001709993287096539, 0.004835543725342643, 
0.0014305966042075977, 0.035162463937498278, -0.0077105431176681758, 
-0.2157233608977083, -0.26418245806701801, -0.0059841132205225179, 
-0.0082314691090857595, 0.020354768248445437, 0.00086110756565000314, 
0.013788731436181844, 0.10813183871425044, 0.040775960756170689, 
-0.0080313972191530976, -0.0010396869798188452, 0.027039342875888106, 
0.015989185837350008, 0.025838646534543829, 0.023468470930164444, 
0.0040911209782311039, 0.080283172525349583, 0.01764708853664268, 
0.0092842286748331081, 0.0097915224438135176, -0.017123243478881046, 
0.0084031060684016928, 0.0073486016889851612, 0.018737971669479117, 
0.013289795273326603, 0.10649131870125787, 0.002090017230214482, 
-0.0067671215137534808, -0.021873043491329375, 0.020760152831678765, 
-0.030740542980149638, -0.049254072210206612, -0.0016504811297346725, 
-0.0010396869798188452, -0.11213170925300898, 0.020389768047823938, 
0.021812761996494338, 0.016762533431708925, -0.033567220094840075, 
-0.035022428326923274, -0.032115273757350772, -0.054417023791190754, 
0.0026535229450817487, 0.012565773113773273, 0.01465290189436321, 
0.021020345316011619, 0.0055011961078074312, 0.0074656683505470341, 
-0.045249028613808827, -0.27781576001954617, -0.0085813108716815342, 
-0.022063808299462872, -0.01226382881746008, -0.010289959125770305, 
-0.018687143217055006, 0.062860163709179684, -0.0058150302233387283, 
0.027039342875888106, 0.020389768047823938, -0.005176711933668485, 
-0.026535159400836637, -0.013480499539608967, 0.050929478834814447, 
0.0081409366385747865, 0.066292458202818705, 0.0061807307741978592, 
0.010815927223222905, 0.0086022718814958259, 0.038379425165766444, 
-0.0058969139515025375, 0.013903293635101127, 0.015111802674095173, 
-0.13116520060555972, 0.17554773694524184, 0.034845897869628231, 
0.0047547964632892762, 0.012115179364792053, 0.014290547956732824, 
-0.024291332178069017, -0.016416935067803919, -0.015006779839760702, 
0.015989185837350008, 0.021812761996494338, -0.026535159400836634, 
-0.0088951522832741766, 0.005770569337416911, 0.03379941882328618, 
-0.0014528408402483556, -0.009831298584890534, -0.012741948649645484, 
0.015909695787873386, 0.007471433401426089, 0.010655208326571308, 
-0.0097280770339321886, 0.024118150325073955, -0.0031029912782824559, 
0.22732552548046794, -0.047490204275598344, 0.010032756440411208, 
-0.027134410854855105, -0.0075236392070711254, 0.0067743295116927376, 
-0.073492890720372447, -0.047288043496057683, -0.022890433734350183, 
0.025838646534543829, 0.016762533431708925, -0.013480499539608967, 
0.0057705693374169118, 0.025518501932292121, 0.017135118742348774, 
-0.010804592738587894, -0.033585921707145819, 0.004828163015642959, 
-0.0058782689552578423, 0.004244579169677065, 0.0011256693763460409, 
-0.0041040535483235704, 0.012162625909654681, 0.026036108311074262, 
-0.062251160530753538, 0.056722819539055662, 0.0024251304096666029, 
0.007869815746124862, -0.0016750057223509241, 0.0095867279582506019, 
-0.28551665053032121, -0.17768359196069655, 0.091244047505722181, 
0.023468470930164444, -0.033567220094840075, 0.050929478834814447, 
0.033799418823286187, 0.017135118742348774, -0.25843054806046212, 
-0.15889564360621222, -0.22749836550704824, -0.057633014454589453, 
0.027791856058629279, 0.050314302849269264, -0.022744143719401966, 
0.074469555934098902, 0.026999743059036962, 0.043872641723194238, 
0.26623152081090279, -0.10273445500602406, 0.005610686965731069, 
0.0011178070269991687, -0.0078685202781729746, 0.0080574041446586989, 
0.020131647108843995, -0.019322014128114726, -0.028905985590682005, 
0.0040911209782311039, -0.035022428326923274, 0.0081409366385747865, 
-0.0014528408402483556, -0.010804592738587894, -0.15889564360621222, 
0.092554277706870441, -0.087441889866947925, 0.089629443611225323, 
-0.011599890516840773, -0.0047973953193892107, 0.022436086666603423, 
-0.014550734156046007, 0.034438764454010312, 0.044620536599563686, 
0.12217303283384374, -0.1172858959889576, 0.021426657832380645, 
0.0012298108245374067, 0.049513380305959233, 0.016924233597017266, 
-0.1189426660304186, -0.11275507408339135, -0.0046238868058565202, 
0.080283172525349583, -0.032115273757350772, 0.066292458202818705, 
-0.009831298584890534, -0.033585921707145819, -0.22749836550704824, 
-0.087441889866947925, -0.13754935020177328, -0.0029771901053201873, 
0.025798953762997717, 0.022105096090614538, 0.0039768825927577007, 
0.0067400680917915285, 0.0049423522433729803, 0.038916217882599281, 
-0.24409174055143748, 0.13001220632411073, -0.024459191135204832, 
-0.0085529945445136958, -0.012663250441265787, -0.0035139143845766287, 
0.11262158481505861, -0.054873102676556366, -0.0048392749365200518, 
0.01764708853664268, -0.054417023791190747, 0.0061807307741978592, 
-0.012741948649645486, 0.004828163015642959, -0.05763301445458946, 
0.089629443611225323, -0.0029771901053201868, -0.025938718811580056, 
0.013601332428527719, 0.013581578199397948, -0.012035655505407644, 
-0.0018661588861456362, 0.019084610865184277, -0.012853404076758701, 
0.18956600857839653, -0.036604719910406494, 0.02320820831900209, 
0.032185410379457338, 0.017226334035383577, 0.011535100524782229, 
0.030280764910753075, 0.051820081873686225, -0.00060669653021494312, 
0.0092842286748331081, 0.0026535229450817487, 0.010815927223222903, 
0.01590969578787339, -0.0058782689552578423, 0.027791856058629282, 
-0.011599890516840773, 0.025798953762997717, 0.013601332428527719, 
0.0018197134211821546, -0.0047566851854094275, -0.011039780456313408, 
0.010442207848023738, -0.0068053920924523083, -0.0018258700936235291, 
0.13974448825815977, 0.052233931453002695, -0.003778252270724162, 
0.0030202513817067199, -0.01774286217273166, 0.0087442278960733269, 
0.008055674965259817, 0.018631052329868805, -0.001709993287096539, 
0.0097915224438135159, 0.012565773113773273, 0.0086022718814958276, 
0.007471433401426089, 0.004244579169677065, 0.050314302849269264, 
-0.0047973953193892116, 0.022105096090614541, 0.013581578199397946, 
-0.0047566851854094275, -0.006543006650751017, 0.007137314032166042, 
0.0029206618534613144, -0.0067250873062751947, 0.0045021764247044384, 
0.012714175430711957, 0.035527822998219938, 0.0093877068403829499, 
0.017497579420968221, -0.0078999193352042741, 0.0061735472814984302, 
0.017713458878126642, 0.020119078021210667, 0.004835543725342643, 
-0.017123243478881046, 0.01465290189436321, 0.038379425165766444, 
0.010655208326571306, 0.0011256693763460406, -0.022744143719401966, 
0.022436086666603423, 0.0039768825927577007, -0.012035655505407644, 
