structure(c(-0.21608203924006478, 0.044613362234389491, 0.01423454588041072, 
0.038699385347547466, 0.049867039801194085, 0.063276182253542299, 
0.066870856851279567, 0.050698794609519988, 0.030405789365266597, 
-0.031947825109729003, 0.13143319944949902, -0.032300930959095718, 
-0.0072257458029706661, 0.019863924675279886, -0.017676506295959231, 
0.00071702228292568288, 0.035336601166191264, 0.027775214903336225, 
-0.08390692918612648, 0.24211003878923087, 0.052313994558429604, 
0.031897057272827288, 0.0031797643484731387, -0.0054200305140098505, 
0.044613362234389491, -0.020179538312856939, 0.024433307095250129, 
-0.024141117067065097, -0.016779868212620019, 0.011617913717638402, 
0.00010170748201426674, 0.012097295131991625, -0.057724077454307222, 
-0.037007557654641338, -0.053127969706924759, 0.034517504642106997, 
0.0079794695098715819, 0.012630230756792059, -0.038815551439041328, 
0.010323894381565495, -0.0070924151280147328, -0.06494513930424918, 
0.16514836968789748, 0.11518040843269629, -0.011635307729879323, 
0.038279000726276706, -0.030085449631326516, -0.0056699256008886723, 
0.01423454588041072, 0.024433307095250129, -0.0072055558244797369, 
-0.012787132087430091, 0.055427266804467828, -0.0022162149220550376, 
0.016125937182021426, -0.00318262349692489, -0.07703446791952398, 
0.037479973461873504, -0.018898392178090865, 0.010013842295386263, 
0.0059372042645602892, -0.0020116051167573461, -0.0064131278373004757, 
-0.012272084533877604, -0.016468878370342176, -0.0037002899171274277, 
0.19983442918837474, 0.15262157194324277, 0.0057580768729861434, 
0.012049576953485774, 0.0049078057740799159, -0.0090553545755773391, 
0.038699385347547466, -0.024141117067065093, -0.012787132087430089, 
0.0068400351986839863, -0.010958572331144112, -0.014932213276114272, 
-0.0085868119638027145, -0.006329970922992389, 0.025153071396650104, 
0.0015583100297171259, 0.026657362990821758, -0.010821944105488673, 
-0.016585846744455603, -0.0056272672291318576, 0.025054037601709597, 
0.0058720576100347198, 0.0053531061371591424, -0.0032381153312435575, 
-0.037317975976679074, -0.073839424616931604, 0.0066613590332848648, 
0.010034945777017948, 0.010803737644359246, 0.0042838176393774144, 
0.049867039801194085, -0.016779868212620019, 0.055427266804467835, 
-0.01095857233114411, 0.06356690513057453, -0.006543986390233735, 
0.0066918805437902072, -0.011612949817033693, -0.039847962616684406, 
0.026340337822784877, 0.019798725320781342, 0.047679556559829042, 
0.0012605837028118179, -0.0012173468204780301, 0.00017268037225236007, 
-0.0093667034213828163, 0.0060831426160710394, 0.0065398501035379003, 
0.20304224165226684, 0.12734544581598153, 0.019466144372486893, 
0.038913587816552311, 0.0432733650031219, 0.030922676933363116, 
0.063276182253542299, 0.011617913717638404, -0.0022162149220550376, 
-0.014932213276114272, -0.0065439863902337367, 0.00049833850687420903, 
-0.01596831329872778, 0.006037680981133481, -0.019072447844437432, 
-0.045910468852286987, -0.023900390003050848, -0.013381310934200948, 
-0.0019463917602189015, -0.0038469637012146268, -0.024551074058381656, 
0.005064568234341104, -0.0060068345786000619, 0.0017654936207023781, 
0.0027532118498615082, -0.1038179173494051, -0.013539696843508277, 
0.0082479367477578131, -0.0070013152308629409, -0.01819279478490311, 
0.066870856851279567, 0.00010170748201426674, 0.016125937182021426, 
-0.0085868119638027127, 0.0066918805437902081, -0.01596831329872778, 
0.015981886275923958, 0.0089436853219086402, 0.019183137373187432, 
0.030940220113859749, -0.019221381919647715, 0.026844149983555589, 
-0.014714325149746842, -0.016576028336569619, -0.0048967781865169018, 
0.00055017408276780634, -0.0089024903787365099, 0.0019013956467560855, 
-0.051393149213931164, 0.052931367294244816, -0.0030507301264014759, 
0.014052686617372214, 0.0022336343488534491, 0.0056009227113477068, 
0.050698794609519995, 0.012097295131991625, -0.0031826234969248896, 
-0.006329970922992389, -0.011612949817033693, 0.006037680981133481, 
0.0089436853219086402, -0.0086391486001794592, 0.0085110174658044307, 
0.0079895188028903524, 0.026761992350057509, -0.0078523953422599078, 
0.0077056091986041145, -0.0018504392182667857, 0.0052756879340599043, 
0.0034091084993694396, -0.0078785887673648355, -0.011521639743485204, 
-0.10020949683004264, -0.083381993645592442, -0.013015747950518635, 
0.0013989866064676925, -0.0096324523212827917, 0.00057452956687134593, 
0.030405789365266597, -0.057724077454307215, -0.07703446791952398, 
0.025153071396650104, -0.039847962616684406, -0.019072447844437429, 
0.019183137373187432, 0.0085110174658044289, -0.12060409231840347, 
0.032425089181491097, -0.0237310139027174, 0.057977414224146671, 
-0.0068151273232496699, -0.0067532605967908377, -0.0084208850223697548, 
-0.0033505679693866023, -0.023844919489067824, -0.014799818510696307, 
-0.23597433509435883, -0.14833427129842067, 0.024438132377932367, 
-0.0055225264607966723, 0.026472191104517463, -0.011603510859529485, 
-0.03194782510972901, -0.037007557654641338, 0.037479973461873504, 
0.0015583100297171259, 0.026340337822784877, -0.045910468852286987, 
0.030940220113859745, 0.0079895188028903524, 0.032425089181491104, 
0.031445220932969198, 0.027549686979697275, -0.019407318546155732, 
-0.0036080150643924766, 0.00059402553918545614, -0.0092354890564621973, 
0.011115645550678021, -0.02468192854534661, -0.019126127179988371, 
-0.14368876487281798, 0.044776476265710831, 0.0039464753591793222, 
0.013091822472732058, -0.014553422267503771, 0.020737614935521349, 
0.13143319944949902, -0.053127969706924752, -0.018898392178090865, 
0.026657362990821758, 0.019798725320781342, -0.023900390003050848, 
-0.019221381919647715, 0.026761992350057513, -0.023731013902717396, 
0.027549686979697278, -0.10919332936920662, 0.039010369321035757, 
-0.0037928583782842343, 0.0052526370963335524, -0.0077532234725217223, 
0.027402750307351648, 0.043949862458323205, -0.031524043994765091, 
-0.2404229831161136, 0.074247188656839005, 0.052470456015913679, 
0.042881923193779245, 0.031044454860107294, 0.044643275592871616, 
-0.032300930959095718, 0.034517504642106997, 0.010013842295386264, 
-0.010821944105488673, 0.047679556559829042, -0.013381310934200948, 
0.026844149983555592, -0.0078523953422599078, 0.057977414224146671, 
-0.019407318546155732, 0.03901036932103575, -0.016477967158468391, 
-0.0096601909989264372, -0.0053628084352303094, 0.0012367405139857052, 
0.013002697155210451, 0.0013192334706829025, 0.018068434971882444, 
-0.066400058973920678, 0.075256976658212307, -0.0034215901303154945, 
-0.004766634822778522, 0.0026642240345140576, 0.004648912051380542, 
-0.007225745802970667, 0.0079794695098715819, 0.0059372042645602892, 
-0.016585846744455603, 0.0012605837028118179, -0.0019463917602189015, 
-0.014714325149746842, 0.0077056091986041162, -0.0068151273232496699, 
-0.0036080150643924766, -0.0037928583782842343, -0.0096601909989264372, 
0.0033047245442082438, 0.0030746607144583795, 0.0096116549542415719, 
-0.0069305383337194262, 0.0052528660533263521, 0.0032672418173889752, 
-0.077887991549268148, -0.033062144407517244, -0.0032583942955598548, 
0.0023821052266604394, 0.0032935616227978818, -0.0038787804713430597, 
0.019863924675279882, 0.012630230756792057, -0.0020116051167573461, 
-0.0056272672291318576, -0.0012173468204780301, -0.0038469637012146268, 
-0.016576028336569619, -0.0018504392182667857, -0.0067532605967908377, 
0.00059402553918545614, 0.0052526370963335524, -0.0053628084352303094, 
0.0030746607144583795, 0.0022386934556291554, 0.0015879994040420792, 
-0.0050697680590243363, 0.0057116768720807806, -0.0014533324305643549, 
-0.077351074908197037, 0.0070558219491577987, -0.0031558771907773051, 
-0.005052745578117546, 0.0055565333543297528, -0.0046880115441711879, 
-0.017676506295959231, -0.038815551439041335, -0.0064131278373004757, 
0.025054037601709597, 0.0001726803722523601, -0.024551074058381656, 
-0.0048967781865169018, 0.0052756879340599043, -0.0084208850223697548, 
