structure(list(rho = structure(c(1, 0.5150780192480251, 0.21888420304015463, 
-0.048213325186366444, 0.10738485885353675, -0.051075611297286647, 
0.29350225140434566, 0.05194138501764814, 0.47347349169668163, 
0.46500113000144849, 0.48664724772484019, 0.42322007559267544, 
0.5150780192480251, 1, 0.20612853576252954, 0.042017227085937477, 
0.079918110851434909, 0.029529331600235364, 0.28451170858054059, 
0.12577667520236332, 0.52174382040382472, 0.28913955088884208, 
0.42472070624182789, 0.24957105801246296, 0.21888420304015463, 
0.20612853576252954, 1, -0.37761418288772897, 0.19748041295248478, 
-0.032671143055720303, 0.14576078537124679, 0.11563502702799781, 
0.17693550274493014, 0.086182320927852399, 0.16804159034395832, 
0.11782485813534989, -0.048213325186366444, 0.042017227085937477, 
-0.37761418288772897, 1, 0.042204956722940168, 0.31258251772599982, 
0.025155275943248918, 0.11854036949574188, 0.11451966873133879, 
0.12945151490542942, 0.054350960053769971, -0.098176486439566474, 
0.10738485885353675, 0.079918110851434909, 0.19748041295248478, 
0.042204956722940168, 1, -0.279082487011311, 0.22649909068578095, 
0.1391621957937984, 0.060478362137338884, 0.00076579783967327918, 
0.1951760647898485, -0.0037669353793634021, -0.051075611297286647, 
0.029529331600235364, -0.032671143055720303, 0.31258251772599982, 
-0.279082487011311, 1, -0.14843444522960261, 0.048311182422838314, 
0.21301091975119713, 0.17560868349970224, 0.092217170382509026, 
0.055172907440850211, 0.29350225140434566, 0.28451170858054059, 
0.14576078537124679, 0.025155275943248918, 0.22649909068578095, 
-0.14843444522960261, 1, 0.082499460913001491, 0.15712567933104252, 
0.23357932598556078, 0.19957352461597869, 0.037285543682309484, 
0.05194138501764814, 0.12577667520236332, 0.11563502702799781, 
0.11854036949574188, 0.1391621957937984, 0.048311182422838314, 
0.082499460913001491, 1, 0.25715236640293809, 0.096144358855814294, 
0.23344632004979923, -0.030305007306618427, 0.47347349169668163, 
0.52174382040382472, 0.17693550274493014, 0.11451966873133879, 
0.060478362137338884, 0.21301091975119713, 0.15712567933104252, 
0.25715236640293809, 1, 0.35745429507380155, 0.50203919785784312, 
0.23686999789223118, 0.46500113000144849, 0.28913955088884208, 
0.086182320927852399, 0.12945151490542942, 0.00076579783967327918, 
0.17560868349970224, 0.23357932598556078, 0.096144358855814294, 
0.35745429507380155, 1, 0.35913519396432059, 0.2976926330304368, 
0.48664724772484019, 0.42472070624182789, 0.16804159034395832, 
0.054350960053769971, 0.1951760647898485, 0.092217170382509026, 
0.19957352461597869, 0.23344632004979923, 0.50203919785784312, 
0.35913519396432059, 1, 0.19398462184114523, 0.42322007559267544, 
0.24957105801246296, 0.11782485813534989, -0.098176486439566474, 
-0.0037669353793634021, 0.055172907440850211, 0.037285543682309484, 
-0.030305007306618427, 0.23686999789223118, 0.2976926330304368, 
0.19398462184114523, 1), .Dim = c(12L, 12L), .Dimnames = list(
    c("MDD1", "MDD2", "MDD3a", "MDD3b", "MDD4a", "MDD4b", "MDD5a", 
    "MDD5b", "MDD6", "MDD7", "MDD8", "MDD9"), c("MDD1", "MDD2", 
    "MDD3a", "MDD3b", "MDD4a", "MDD4b", "MDD5a", "MDD5b", "MDD6", 
    "MDD7", "MDD8", "MDD9"))), tau = structure(c(-1.4970428006249696, 
-1.2234618321529886, -0.064436726863518853, 0.71524849237517218, 
-0.68550498582275143, 0.51163934646234988, 0.0026103647464695494, 
0.060548870395496564, -1.1361892525594883, -0.72902875564967562, 
-1.1845586990338277, -0.096096531432691229), .Names = c("MDD1", 
"MDD2", "MDD3a", "MDD3b", "MDD4a", "MDD4b", "MDD5a", "MDD5b", 
"MDD6", "MDD7", "MDD8", "MDD9")), n.obs = 13729L, Call = quote(tetrachoric(x = cases_symptoms))), .Names = c("rho", 
"tau", "n.obs", "Call"), class = c("psych", "tetra"))
