list(V = structure(c(4.2570138983540741e-05, 6.138626850567782e-06, 
8.4711610577559049e-06, 1.0247321801599411e-05, 1.2608446233460092e-05, 
1.1223385357569687e-05, -1.6286410432717333e-06, -4.089508056536254e-06, 
6.7031198654850396e-06, -1.6121061011615673e-06, -3.1609002187380607e-06, 
7.6366079729005438e-06, 6.3441421914537685e-06, 3.5533196517100984e-06, 
4.6605543698700094e-06, 6.2083525016294574e-06, 4.0410855166350161e-06, 
1.5924276548589036e-06, -2.1836880897329938e-06, 3.8498314524403904e-06, 
1.2966017716653669e-05, 6.138626850567782e-06, 4.8819778514480571e-05, 
7.7516198571775059e-06, 2.6545844462802443e-06, 9.1614820366076656e-06, 
4.3100405467205639e-06, 9.2543525605698361e-06, 7.7956280972138412e-06, 
1.187762522973267e-05, 2.5524524347248843e-05, 1.3335684367379781e-05, 
-4.5677463306091856e-07, 5.0984248752526232e-06, -2.2672643242207589e-06, 
7.4801912925719871e-06, -6.1199331174700866e-06, 2.9163544845736194e-06, 
4.8498145866792517e-06, 5.6455562223571917e-06, 1.2456398235026843e-05, 
5.0588639208036856e-06, 8.4711610577559049e-06, 7.7516198571775059e-06, 
4.2331278537337731e-05, 1.0625772603980939e-06, 1.2224857606927807e-05, 
7.5964627273326028e-06, 1.1796862006129352e-05, 1.0767361832128877e-05, 
4.3295273376759035e-07, -3.4441541432330681e-06, -1.8815078564682286e-06, 
2.9764778667640476e-05, 1.2503312782827027e-05, 1.6092712961606776e-05, 
9.3335505565008884e-06, -9.4716296301095981e-08, -4.4526611134151533e-06, 
-4.0562470268543982e-06, 1.054540955174252e-05, 1.2570668718168538e-05, 
9.7401801791442926e-06, 1.0247321801599411e-05, 2.6545844462802443e-06, 
1.0625772603980939e-06, 4.65417418278094e-05, 1.0753066643401587e-05, 
7.3411009607031644e-06, -2.9970685251726808e-07, 6.8794564346429104e-07, 
8.2175145722668184e-06, -3.0561058995863155e-06, 6.3088659934697209e-06, 
-8.8606260339414579e-06, 9.6322738461077386e-06, -9.6127189730247422e-07, 
1.1988324711056305e-06, 2.0020137369133743e-05, 1.7100448414388685e-05, 
1.5645135528274191e-05, -2.1804184217030736e-05, 8.2097496777391159e-06, 
1.4552647769536103e-05, 1.2608446233460092e-05, 9.1614820366076656e-06, 
1.2224857606927807e-05, 1.0753066643401587e-05, 5.4453034751218391e-05, 
1.1726957888122318e-05, 1.408291784929852e-05, 2.183255757801783e-06, 
8.4587940212026505e-06, 1.3696402867770672e-05, 1.0649181003137135e-05, 
6.0893720547807934e-07, 7.2706764758498976e-06, 1.0628927470935177e-05, 
4.856478797673725e-06, 2.3460110111284592e-06, 1.8514124941831264e-05, 
1.0095472272172645e-05, 3.6874084345078793e-05, 2.4869256365643258e-05, 
1.0533732355484391e-05, 1.1223385357569687e-05, 4.3100405467205639e-06, 
7.5964627273326028e-06, 7.3411009607031644e-06, 1.1726957888122318e-05, 
4.6127636272634217e-05, 1.1249557006404744e-05, 4.840432249414902e-06, 
2.8295852700796496e-06, 9.6896903005966235e-06, 8.8384226422704251e-06, 
7.755599300544125e-06, 4.647168285292274e-06, 4.6946543107828954e-06, 
2.2006283514247627e-05, -6.2366813118561686e-06, -1.8808831576231601e-06, 
-1.1544426483092314e-06, 5.9746064389043883e-06, 2.2729539862242894e-05, 
4.5415102690796762e-05, -1.6286410432717333e-06, 9.2543525605698361e-06, 
1.1796862006129352e-05, -2.9970685251726808e-07, 1.408291784929852e-05, 
1.1249557006404744e-05, 0.00015649581823493967, 1.0819898167869429e-05, 
2.8335772821735398e-05, 2.0346991645515219e-05, 1.0088565888217359e-05, 
1.0268283681715612e-05, 7.8208516285203893e-06, 1.7594135324449187e-06, 
9.7153277142928561e-06, 9.2791292593322658e-06, 4.8428668652635012e-06, 
-6.8111091549751796e-06, 8.7146029890857277e-07, 1.1754868976321333e-05, 
2.2192889479945235e-05, -4.089508056536254e-06, 7.7956280972138412e-06, 
1.0767361832128877e-05, 6.8794564346429104e-07, 2.183255757801783e-06, 
4.840432249414902e-06, 1.0819898167869429e-05, 9.1460459943041724e-05, 
-3.0271868530163389e-06, 2.3376226177564753e-05, 2.585051494671062e-05, 
1.6196789574883264e-05, 1.3701821611117745e-05, 2.61367451867688e-05, 
2.7319132287020995e-05, -8.5403178904653765e-06, 5.4675779906188914e-06, 
-4.1887759133600783e-08, 1.8939954632619898e-05, 4.2036693761290946e-06, 
6.6292338343182935e-06, 6.7031198654850396e-06, 1.187762522973267e-05, 
4.3295273376759035e-07, 8.2175145722668184e-06, 8.4587940212026505e-06, 
2.8295852700796496e-06, 2.8335772821735398e-05, -3.0271868530163389e-06, 
8.8953618180377425e-05, 3.2640570700249271e-05, 7.9274651990320775e-06, 
4.2507675818998235e-06, 9.1001671762737137e-06, -3.1613173500162098e-06, 
6.0049927574279168e-06, 1.2541570854271648e-05, 2.6161602567380086e-05, 
1.0878499590621363e-05, -2.7986008100657204e-06, 7.9058717561930248e-06, 
-1.8099407924817836e-06, -1.6121061011615673e-06, 2.5524524347248843e-05, 
-3.4441541432330681e-06, -3.0561058995863155e-06, 1.3696402867770672e-05, 
9.6896903005966235e-06, 2.0346991645515219e-05, 2.3376226177564753e-05, 
3.2640570700249271e-05, 0.00013124350938953551, 1.6628802904371194e-05, 
9.5864319049629739e-06, 4.7610945765242235e-06, -1.7273444258330612e-05, 
5.2690750978014904e-06, -6.4355533784838599e-06, 6.439684502863846e-06, 
-1.0892766393158368e-05, 3.1529766202331923e-05, 2.1581583085268561e-05, 
4.0537633442761099e-06, -3.1609002187380607e-06, 1.3335684367379781e-05, 
-1.8815078564682286e-06, 6.3088659934697209e-06, 1.0649181003137135e-05, 
8.8384226422704251e-06, 1.0088565888217359e-05, 2.585051494671062e-05, 
7.9274651990320775e-06, 1.6628802904371194e-05, 0.00011679385421226093, 
-1.6434116760746425e-05, -4.0548470858411674e-06, -1.2736372347607304e-06, 
-7.2993271358318452e-06, 1.6913605783791923e-05, 2.120619695879974e-05, 
1.0131282913272267e-05, 1.1824602445249854e-05, 1.550828522774716e-05, 
-1.2710260964468116e-05, 7.6366079729005438e-06, -4.5677463306091856e-07, 
2.9764778667640476e-05, -8.8606260339414579e-06, 6.0893720547807934e-07, 
7.755599300544125e-06, 1.0268283681715612e-05, 1.6196789574883264e-05, 
4.2507675818998235e-06, 9.5864319049629739e-06, -1.6434116760746425e-05, 
0.00021015403216533595, 1.6052673202394585e-05, 2.3412567922983586e-05, 
3.3061601852525398e-05, -1.0730140600498665e-05, 2.7964583891889963e-06, 
-9.72024665854929e-06, 5.2482666027782523e-05, -2.0894482723383681e-06, 
2.6867290835568043e-05, 6.3441421914537685e-06, 5.0984248752526232e-06, 
1.2503312782827027e-05, 9.6322738461077386e-06, 7.2706764758498976e-06, 
4.647168285292274e-06, 7.8208516285203893e-06, 1.3701821611117745e-05, 
9.1001671762737137e-06, 4.7610945765242235e-06, -4.0548470858411674e-06, 
1.6052673202394585e-05, 9.2500583464948148e-05, 2.2679148712884432e-05, 
1.3412477559209806e-05, -1.2862500134559325e-05, 1.3269056758767414e-05, 
8.1827362415994606e-06, 7.0532586787205245e-06, 9.773726809299224e-06, 
9.9235416208565355e-06, 3.5533196517100984e-06, -2.2672643242207589e-06, 
1.6092712961606776e-05, -9.6127189730247422e-07, 1.0628927470935177e-05, 
4.6946543107828954e-06, 1.7594135324449187e-06, 2.61367451867688e-05, 
-3.1613173500162098e-06, -1.7273444258330612e-05, -1.2736372347607304e-06, 
2.3412567922983586e-05, 2.2679148712884432e-05, 0.00011618231458924893, 
3.391157093720033e-05, -1.624927509383029e-06, 1.1622565329293461e-06, 
8.1963484184281649e-06, 1.6926280142198071e-05, 5.5425138326683853e-06, 
1.0362502645110291e-05, 4.6605543698700094e-06, 7.4801912925719871e-06, 
9.3335505565008884e-06, 1.1988324711056305e-06, 4.856478797673725e-06, 
2.2006283514247627e-05, 9.7153277142928561e-06, 2.7319132287020995e-05, 
6.0049927574279168e-06, 5.2690750978014904e-06, -7.2993271358318452e-06, 
3.3061601852525398e-05, 1.3412477559209806e-05, 3.391157093720033e-05, 
0.00011034659906421172, -6.2709919267258788e-06, -3.7470503170420554e-07, 
-8.6745331765561015e-06, 2.3038726336781111e-05, 3.0970666788689282e-05, 
7.0061599129841217e-05, 6.2083525016294574e-06, -6.1199331174700866e-06, 
-9.4716296301095981e-08, 2.0020137369133743e-05, 2.3460110111284592e-06, 
-6.2366813118561686e-06, 9.2791292593322658e-06, -8.5403178904653765e-06, 
1.2541570854271648e-05, -6.4355533784838599e-06, 1.6913605783791923e-05, 
-1.0730140600498665e-05, -1.2862500134559325e-05, -1.624927509383029e-06, 
-6.2709919267258788e-06, 0.00016919598556571505, 2.5801249178649112e-05, 
8.0889980629550016e-06, -1.8659755236927354e-05, 7.8893212904757851e-06, 
8.9576468798310856e-07, 4.0410855166350161e-06, 2.9163544845736194e-06, 
-4.4526611134151533e-06, 1.7100448414388685e-05, 1.8514124941831264e-05, 
-1.8808831576231601e-06, 4.8428668652635012e-06, 5.4675779906188914e-06, 
2.6161602567380086e-05, 6.439684502863846e-06, 2.120619695879974e-05, 
2.7964583891889963e-06, 1.3269056758767414e-05, 1.1622565329293461e-06, 
-3.7470503170420554e-07, 2.5801249178649112e-05, 0.00012781655851769522, 
3.7266305956760543e-05, 3.4262253595211492e-05, 1.2675101437204458e-05, 
-1.9036582627838866e-05, 1.5924276548589036e-06, 4.8498145866792517e-06, 
-4.0562470268543982e-06, 1.5645135528274191e-05, 1.0095472272172645e-05, 
-1.1544426483092314e-06, -6.8111091549751796e-06, -4.1887759133600783e-08, 
1.0878499590621363e-05, -1.0892766393158368e-05, 1.0131282913272267e-05, 
-9.72024665854929e-06, 8.1827362415994606e-06, 8.1963484184281649e-06, 
-8.6745331765561015e-06, 8.0889980629550016e-06, 3.7266305956760543e-05, 
9.2039913890136748e-05, -7.1830036856240357e-06, 2.6321888065537933e-06, 
7.6940799030491595e-06, -2.1836880897329938e-06, 5.6455562223571917e-06, 
1.054540955174252e-05, -2.1804184217030736e-05, 3.6874084345078793e-05, 
5.9746064389043883e-06, 8.7146029890857277e-07, 1.8939954632619898e-05, 
-2.7986008100657204e-06, 3.1529766202331923e-05, 1.1824602445249854e-05, 
5.2482666027782523e-05, 7.0532586787205245e-06, 1.6926280142198071e-05, 
2.3038726336781111e-05, -1.8659755236927354e-05, 3.4262253595211492e-05, 
-7.1830036856240357e-06, 0.00034060631173547372, 4.3740359349330482e-05, 
3.3680544535513993e-05, 3.8498314524403904e-06, 1.2456398235026843e-05, 
1.2570668718168538e-05, 8.2097496777391159e-06, 2.4869256365643258e-05, 
2.2729539862242894e-05, 1.1754868976321333e-05, 4.2036693761290946e-06, 
7.9058717561930248e-06, 2.1581583085268561e-05, 1.550828522774716e-05, 
-2.0894482723383681e-06, 9.773726809299224e-06, 5.5425138326683853e-06, 
3.0970666788689282e-05, 7.8893212904757851e-06, 1.2675101437204458e-05, 
2.6321888065537933e-06, 4.3740359349330482e-05, 0.00011172697407102083, 
5.6425612920771106e-05, 1.2966017716653669e-05, 5.0588639208036856e-06, 
9.7401801791442926e-06, 1.4552647769536103e-05, 1.0533732355484391e-05, 
4.5415102690796762e-05, 2.2192889479945235e-05, 6.6292338343182935e-06, 
-1.8099407924817836e-06, 4.0537633442761099e-06, -1.2710260964468116e-05, 
2.6867290835568043e-05, 9.9235416208565355e-06, 1.0362502645110291e-05, 
7.0061599129841217e-05, 8.9576468798310856e-07, -1.9036582627838866e-05, 
7.6940799030491595e-06, 3.3680544535513993e-05, 5.6425612920771106e-05, 
0.00023066435219573921), .Dim = c(21L, 21L)), S = structure(c(0.086912879874990343, 
0.034741921625491216, 0.028922580274853889, 0.036756856441783656, 
0.047256923318006648, 0.044813846113724153, 0.034741921625491216, 
0.078103965979216428, 0.022438168807562563, 0.0066258777009739062, 
0.012814694396103854, 0.035309014073027938, 0.028922580274853889, 
0.022438168807562563, 0.03989307983588241, -0.0012826887563060915, 
0.012837647501357597, 0.038238154682152296, 0.036756856441783656, 
0.0066258777009739062, -0.0012826887563060915, 0.044634027130559029, 
0.033330617576281314, 0.022386665306289893, 0.047256923318006648, 
0.012814694396103854, 0.012837647501357597, 0.033330617576281314, 
0.055211615089167054, 0.036366597307119886, 0.044813846113724153, 
0.035309014073027938, 0.038238154682152296, 0.022386665306289893, 
0.036366597307119886, 0.049088125779826901), .Dim = c(6L, 6L), .Dimnames = list(
    NULL, c("PopAnh", "PopAppInc", "PopSleDec", "PopSleInc", 
    "PopFatig", "PopConc"))), I = structure(c(0.99199213421072252, 
0.076897008658834795, 0.095154335122308198, 0.10721929187203855, 
0.21195818568013969, 0.21250331766616795, 0.076897008658834795, 
1.0050145377878965, 0.055783568176061379, 0.12965134178160581, 
0.133194085507337, 0.098643610648556784, 0.095154335122308198, 
0.055783568176061379, 0.99888950616050698, -0.040847338383333875, 
0.19345361585013823, 0.23390867696370113, 0.10721929187203855, 
0.12965134178160581, -0.040847338383333875, 1.0048983194713275, 
0.14278298216854224, 0.11926213245093001, 0.21195818568013969, 
0.133194085507337, 0.19345361585013823, 0.14278298216854224, 
1.0050763861820415, 0.34203765226548705, 0.21250331766616795, 
0.098643610648556784, 0.23390867696370113, 0.11926213245093001, 
0.34203765226548705, 1.0070640747676671), .Dim = c(6L, 6L)), 
    N = structure(c(124419.61351966504, 87604.124782777464, 87826.36732884575, 
    87826.131599771586, 89923.451465115679, 89206.040722526945, 
    61682.283500968544, 61838.718920466541, 61838.513553939396, 
    63315.236841783117, 62810.145123540096, 61995.610959202066, 
    61995.388679779404, 63475.914610859065, 62969.525817718721, 
    61995.388679779404, 63475.690893207466, 62969.301410469903, 
    64991.58535237849, 64473.080068201743, 63958.667391971409
    ), .Dim = c(1L, 21L)), m = 1173569)
