list(V = structure(c(3.683774625006554e-05, -3.0811745909860774e-06, 
1.638760629464168e-06, -1.3574306162339334e-06, -2.7986720268893269e-06, 
1.5522572657644077e-06, -3.0811745909860774e-06, 3.314442954978297e-05, 
4.5458089950022591e-07, 1.1816812183640642e-05, 3.5909507460084414e-06, 
-1.9087459822856883e-06, 1.638760629464168e-06, 4.5458089950022591e-07, 
3.4228353637101656e-05, -3.4144817058717673e-06, 6.2319847913674905e-06, 
1.4834313834274969e-05, -1.3574306162339334e-06, 1.1816812183640642e-05, 
-3.4144817058717673e-06, 9.9158365164438064e-05, 4.3274466116773732e-06, 
-8.5281526800580855e-06, -2.7986720268893269e-06, 3.5909507460084414e-06, 
6.2319847913674905e-06, 4.3274466116773732e-06, 4.9868670021658968e-05, 
7.143470198577441e-06, 1.5522572657644077e-06, -1.9087459822856883e-06, 
1.4834313834274969e-05, -8.5281526800580855e-06, 7.143470198577441e-06, 
7.4068332892945058e-05), .Dim = c(6L, 6L)), S = structure(c(0.080469848162453256, 
0.036002988732086995, 0.031559787704001682, 0.036002988732086995, 
0.057321247593504848, 0.022160591580457883, 0.031559787704001682, 
0.022160591580457883, 0.032192455452450419), .Dim = c(3L, 3L), .Dimnames = list(
    NULL, c("PopDep", "PopGuilt", "PopSui"))), I = structure(c(0.99924549202984847, 
0.034563943987993145, 0.022177614862968938, 0.034563943987993145, 
1.0099386603081733, 0.15736133347004619, 0.022177614862968938, 
0.15736133347004619, 1.0031342866515474), .Dim = c(3L, 3L)), 
    N = structure(c(124462.60514731776, 91631.778344773134, 91985.286158582312, 
    67460.915697559045, 67721.414175651327, 67982.605210144087
    ), .Dim = c(1L, 6L)), m = 1173569)
