list(I = structure(c(1.0953041059976174, 0.39327973646142467, 
0.041062618404532458, -0.063511577864826918, 0.090302539564009965, 
-0.024582492312959871, 0.01766174881802457, 0.0037474425546241141, 
0.2016997445825256, 0.16328368294472806, 0.20910936229572463, 
0.053014793451494402, 0.0088944073609872817, 0.0050063675491466564, 
0.001550173547552935, 0.0027844151277627203, 0.0023079226660608285, 
-0.0011717475332492129, 0.012833702990991871, 0.0075693078045495112, 
0.013612566039913968, -0.020734466968174804, -0.0032009065653781678, 
0.005027592600400331, 0.39327973646142467, 1.0762535398457178, 
0.06312363986706826, -0.023829326739540014, 0.098012689757777216, 
0.012154420608375932, 0.041302494747051111, 0.063133187614739628, 
0.26666574626954764, 0.15604726617962905, 0.24033582005702514, 
0.065768367474899558, 0.0022394857846674936, -0.0010676912778483025, 
0.0024449071245240678, -0.011416730784902481, 0.010914014763541445, 
-0.007215644505068626, 0.012788072279446684, -0.0015201342904427031, 
-0.0017998561540164791, -0.010914467321937012, -0.014461117798899584, 
-0.00092724482218023777, 0.041062618404532458, 0.06312363986706826, 
0.97515050824626925, -0.36650547651582377, 0.10109784189351567, 
-0.051701907637800415, 0.058872905648579443, 0.056932966182664857, 
0.036609892441267999, 0.016846257447495891, 0.05555973436459466, 
0.025973087410884194, -0.0079686485042560623, 0.00038747254260001335, 
0.0025863945522306905, 0.0024702944108318942, -0.0054533977200678721, 
0.0051552857523308781, 0.00011513966793463403, -0.0076491394553239792, 
-0.00664329234491709, -0.0057415314879961099, -0.0079526975165702153, 
0.0069698182888036347, -0.063511577864826918, -0.023829326739540014, 
-0.36650547651582377, 1.0435350309934073, -0.035170699233093169, 
0.13539245372994313, 0.026770938804523359, 0.038233445783090736, 
-0.015130255107824883, 0.006987328519540148, -0.077560897735868828, 
0.015511205854280591, 0.01200179010579009, 0.012071867427075847, 
-0.0052980901017775986, 0.010866884076847494, -0.0072141949282331242, 
0.0083990964986822222, -0.0030609720781040427, 0.0061073440598907658, 
0.0084154590360303247, 0.012601683214955708, 0.0080906671037504971, 
0.00077943724934605857, 0.090302539564009965, 0.098012689757777216, 
0.10109784189351567, -0.035170699233093169, 1.007527306242153, 
-0.19937930614491006, 0.14372332347129391, 0.051452779515655245, 
0.14278759400560326, 0.08770462037413107, 0.17054052947528586, 
0.08393754718471258, -0.0077401522680784745, -0.0060443611343170695, 
-0.0056736047497185395, -0.0053510743315571627, -0.005694073813047075, 
0.0023536415890154719, -0.0062379103704910625, 0.0039160427995197592, 
-0.0021213814361553812, 0.0043627986690284119, -0.013595768222333465, 
-0.016234164454335728, -0.024582492312959871, 0.012154420608375932, 
-0.051701907637800415, 0.13539245372994313, -0.19937930614491006, 
1.022476686519652, -0.05014252335741981, 0.10671006095633617, 
0.056868567545516058, 0.022174863764860747, -0.025320365642211878, 
0.032069433055927882, -0.0026987630931668265, 0.00030518541977762881, 
0.019424901055571833, 0.0039952679408412455, -0.0087381946779606524, 
0.0074676758228949675, 0.0045702298163694706, -0.012382016625350888, 
-0.0009953629534976971, -0.00684399351389428, 0.0018951507391659697, 
-0.00076035886896688894, 0.01766174881802457, 0.041302494747051111, 
0.058872905648579443, 0.026770938804523359, 0.14372332347129391, 
-0.05014252335741981, 0.98587598959620948, -0.05214368733150504, 
2.1381941736251485e-05, 0.056664284523847752, 0.059309924204180964, 
0.071823262856320236, -0.0036949560316615719, 0.0029513222983111771, 
-0.0080890411179951119, 0.0050106559903998829, 0.002594241743782956, 
0.0020684744898539337, -0.0062264603326690343, 0.0058450873799520651, 
-0.0081332226090870593, 0.012084216167082967, -0.00025365412419764422, 
0.0047552763814318194, 0.0037474425546241141, 0.063133187614739628, 
0.056932966182664857, 0.038233445783090736, 0.051452779515655245, 
0.10671006095633617, -0.05214368733150504, 0.98722562294891514, 
0.1297089962090503, 0.034099775233360274, 0.12910336409697443, 
0.071116463858186041, -0.0009546589700657783, -0.004132727343378377, 
-5.0793392065819412e-05, -0.0018551428861504071, -0.0034545517045545746, 
0.013532087049806518, 0.010653456937285522, -0.00148140469904391, 
-0.003702746364275207, 0.0026362281480888372, -0.0016268617268729094, 
-0.0025148640327497598, 0.2016997445825256, 0.26666574626954764, 
0.036609892441267999, -0.015130255107824883, 0.14278759400560326, 
0.056868567545516058, 2.1381941736251485e-05, 0.1297089962090503, 
1.1560655461459639, 0.19601515809534509, 0.35035014394859565, 
0.05160411686445654, -0.0058912215988851171, -0.015363337932481362, 
-0.0079857345320428173, -0.019029862984230154, -0.012996507143404069, 
0.0019069873448903946, 0.0139597706146131, -0.0046373280436437271, 
-0.010457035228236804, -0.013214759261348435, -0.013919600926805525, 
-0.01387003354826455, 0.16328368294472806, 0.15604726617962905, 
0.016846257447495891, 0.006987328519540148, 0.08770462037413107, 
0.022174863764860747, 0.056664284523847752, 0.034099775233360274, 
0.19601515809534509, 1.0335561578026882, 0.24960152458917195, 
0.14953924603892721, 0.0042266247945182203, 0.0056732512002674318, 
0.0033803822876537935, 0.0046490101435119266, 0.00023133094397762011, 
-0.00039142649598370577, 0.01109065153297006, -0.0047582162340778604, 
0.0017696179599204463, -0.0085421647938442313, -0.010392512276292891, 
-0.0069249416170669952, 0.20910936229572463, 0.24033582005702514, 
0.05555973436459466, -0.077560897735868828, 0.17054052947528586, 
-0.025320365642211878, 0.059309924204180964, 0.12910336409697443, 
0.35035014394859565, 0.24960152458917195, 1.1620955196807197, 
0.069443823479896749, -0.0026619320533953564, -0.010649284609843483, 
0.0025696336264105224, -0.0094147887647327705, 0.00041941176137688489, 
0.00011932324108682169, 0.021007262675490225, -0.0093491969758523474, 
-0.00014764137894470938, -0.0076750335073237121, -0.018482530736510343, 
-0.010703317489318107, 0.053014793451494402, 0.065768367474899558, 
0.025973087410884194, 0.015511205854280591, 0.08393754718471258, 
0.032069433055927882, 0.071823262856320236, 0.071116463858186041, 
0.05160411686445654, 0.14953924603892721, 0.069443823479896749, 
0.99775453034826089, 0.0056375558827878314, -0.0094821365879292352, 
-0.0058616834558811847, -0.015092026823107681, -0.017221232367838922, 
-0.007092108522417255, 0.0020009269509925851, -0.018938004136189714, 
-0.024161104960657855, -0.022515329366291061, -0.011635015482503721, 
-0.0014098838248960688, 0.0088944073609872817, 0.0022394857846674936, 
-0.0079686485042560623, 0.01200179010579009, -0.0077401522680784745, 
-0.0026987630931668265, -0.0036949560316615719, -0.0009546589700657783, 
-0.0058912215988851171, 0.0042266247945182203, -0.0026619320533953564, 
0.0056375558827878314, 1.003007084368754, 0.64579880402500223, 
0.011154397561197696, -0.0065757222609456496, 0.012153961692099272, 
0.003231898604237754, 0.023702513615907417, 0.054439512828534709, 
0.0055432715541508942, 0.033163613609544174, 0.01439193884923963, 
0.029631801346533232, 0.0050063675491466564, -0.0010676912778483025, 
0.00038747254260001335, 0.012071867427075847, -0.0060443611343170695, 
0.00030518541977762881, 0.0029513222983111771, -0.004132727343378377, 
-0.015363337932481362, 0.0056732512002674318, -0.010649284609843483, 
-0.0094821365879292352, 0.64579880402500223, 1.0006664453895651, 
0.077994932028050246, 0.084922627100602222, 0.10530527338190643, 
0.10739096718463259, 0.034611043516444645, 0.056752709358958875, 
0.21770853210855345, 0.19996688549910357, 0.23010045619729957, 
0.11786989435132977, 0.001550173547552935, 0.0024449071245240678, 
0.0025863945522306905, -0.0052980901017775986, -0.0056736047497185395, 
0.019424901055571833, -0.0080890411179951119, -5.0793392065819412e-05, 
-0.0079857345320428173, 0.0033803822876537935, 0.0025696336264105224, 
