list(V = structure(c(0.00062746196056716699, 3.7491026599281098e-05, 
5.6444755033478112e-05, 1.4954478385790157e-05, 7.7475761761309684e-05, 
-5.8559151916250033e-05, 2.1962008624217447e-05, -1.8319854816689945e-05, 
4.891832476936444e-06, -4.7648249222283627e-05, 3.7491026599281098e-05, 
0.00053057483800173909, -5.536713730741411e-05, 2.1800114296956483e-05, 
-6.8983655988334575e-05, 6.1143569121604885e-05, -1.9902500471864831e-05, 
-4.1973908637569987e-06, -1.8669596178678426e-05, -2.2480912641211042e-05, 
5.6444755033478112e-05, -5.536713730741411e-05, 0.00021361675567369871, 
-5.8898545031512639e-06, 6.5807947519335049e-05, -4.5918311374092474e-05, 
-1.3544631322586571e-05, 5.1500593282384075e-05, -6.0603256964624125e-06, 
-1.0187085135337147e-05, 1.4954478385790157e-05, 2.1800114296956483e-05, 
-5.8898545031512639e-06, 0.00020316605404408964, 4.6904890787244705e-05, 
3.3388672588030368e-05, 1.4773395894189035e-06, -5.0271055067034541e-06, 
2.2834258670667099e-05, -3.8276337390245913e-05, 7.7475761761309684e-05, 
-6.8983655988334575e-05, 6.5807947519335049e-05, 4.6904890787244705e-05, 
0.0015386904500518318, -0.00017577510185889131, 0.00019440552190060469, 
-6.7643960280029528e-05, -7.2838440215296065e-06, 9.7457881747396508e-06, 
-5.8559151916250033e-05, 6.1143569121604885e-05, -4.5918311374092474e-05, 
3.3388672588030368e-05, -0.00017577510185889131, 0.00045395110828964593, 
9.2128556977441879e-06, -2.7092589498429858e-05, 3.527462657793037e-05, 
-1.6425340315566834e-05, 2.1962008624217447e-05, -1.9902500471864831e-05, 
-1.3544631322586571e-05, 1.4773395894189035e-06, 0.00019440552190060469, 
9.2128556977441879e-06, 0.00032847207331859231, -5.6390346567420755e-06, 
-1.7646347038035069e-05, 7.4755639223049545e-05, -1.8319854816689945e-05, 
-4.1973908637569987e-06, 5.1500593282384075e-05, -5.0271055067034541e-06, 
-6.7643960280029528e-05, -2.7092589498429858e-05, -5.6390346567420755e-06, 
0.00042724857197917786, -8.6123388414264966e-06, 7.2832595701137623e-06, 
4.891832476936444e-06, -1.8669596178678426e-05, -6.0603256964624125e-06, 
2.2834258670667099e-05, -7.2838440215296065e-06, 3.527462657793037e-05, 
-1.7646347038035069e-05, -8.6123388414264966e-06, 0.00015543130245811417, 
-3.0959100412775852e-05, -4.7648249222283627e-05, -2.2480912641211042e-05, 
-1.0187085135337147e-05, -3.8276337390245913e-05, 9.7457881747396508e-06, 
-1.6425340315566834e-05, 7.4755639223049545e-05, 7.2832595701137623e-06, 
-3.0959100412775852e-05, 0.00029192817905352347), .Dim = c(10L, 
10L)), S = structure(c(0.04719244618885951, 0.068519225533548, 
-0.0043860577024504369, 0.017366080483641019, 0.068519225533548, 
0.034299744263284283, 0.040761067118511587, 0.0059811649359641107, 
-0.0043860577024504369, 0.040761067118511587, 0.0038921571914847246, 
-0.0028010010658989456, 0.017366080483641019, 0.0059811649359641107, 
-0.0028010010658989456, 0.036548568820811832), .Dim = c(4L, 4L
), .Dimnames = list(NULL, c("ClinAppInc", "ClinSleDec", "ClinSleInc", 
"ClinMotoInc"))), I = structure(c(1.029179973496398, -0.031994794612956297, 
0.13126170496448997, 0.01538399514529447, -0.031994794612956297, 
1.0126453496688426, -0.20543966376737433, 0.14782680057142106, 
0.13126170496448997, -0.20543966376737433, 1.0178836821819708, 
-0.056312447980490905, 0.01538399514529447, 0.14782680057142106, 
-0.056312447980490905, 0.98884619987624933), .Dim = c(4L, 4L)), 
    N = structure(c(21893.503597794162, 23258.384982738382, 22696.624587408955, 
    22547.036668862362, 24706.026068314644, 24110.097328322056, 
    23950.730193467229, 23526.927420041837, 23372.658703091951, 
    23217.999936123069), .Dim = c(1L, 10L)), m = 1173569)
