list(V = structure(c(0x1.0fa22b2fe3e78p-16, 0x1.7578168a93333p-17, 
0x1.6c0e156d26d74p-20, 0x1.f8e659af4d2cfp-20, 0x1.dd5ceb79ad661p-20, 
0x1.e41dedc96a812p-19, 0x1.201378e1e0da5p-20, 0x1.03d1e3abb94c1p-17, 
0x1.8db12c00d13b3p-20, -0x1.8e5cb8fdde46fp-23, 0x1.3d8a81b2124ecp-21, 
0x1.a91c2bc1d70edp-19, 0x1.ae8d6f631b2a4p-21, -0x1.d1b21eaf7236p-20, 
0x1.df6cf01b95b4p-20, 0x1.0e5ed588984e5p-19, 0x1.211a933334de8p-21, 
0x1.36cd177a8f5e9p-19, 0x1.f2c4121f5b1cfp-19, 0x1.a8d1d880e6fbfp-20, 
0x1.11b7b87282a1p-19, -0x1.72cd92002cadbp-21, -0x1.e933586489f5ap-19, 
0x1.965c4de49acf4p-20, -0x1.2d93a57a9d2ffp-18, -0x1.befe083b8eb16p-20, 
-0x1.f0736c2e7bf06p-27, -0x1.253882bf7288p-20, 0x1.7578168a93333p-17, 
0x1.a9ee78188bf48p-17, 0x1.653923cf72f16p-19, 0x1.fe3f5750acd1bp-20, 
0x1.5328a134e3d45p-18, 0x1.6852534043ca6p-18, 0x1.f50a57b0e82bp-19, 
0x1.af9562b42baaep-17, 0x1.66204f12ea9a8p-19, 0x1.90e785b6c064dp-20, 
0x1.1c7fc02b09279p-18, 0x1.647df32c4b827p-18, 0x1.1a4af6fa9554ap-18, 
0x1.26d170cd3ffd5p-20, 0x1.9d9bab8312fcdp-19, 0x1.f76931f68114dp-19, 
0x1.c7aad34f984cp-20, 0x1.ad9503382e83p-19, 0x1.97556ec718df1p-18, 
0x1.20ec02257226ap-18, 0x1.3a00cf5247dfep-18, 0x1.a686283bf812dp-20, 
-0x1.9db73cb9179e4p-19, 0x1.8977c2ba07f15p-19, -0x1.706f9299c5d29p-20, 
-0x1.222ffe782248cp-21, 0x1.4cbd996404d02p-20, 0x1.417eb3236795bp-18, 
0x1.6c0e156d26d74p-20, 0x1.653923cf72f16p-19, 0x1.67eacfa80cd44p-16, 
0x1.6604f98c31eb6p-18, 0x1.5c5108dcaaa59p-19, 0x1.00e50fde77781p-18, 
0x1.171e5c92c9874p-20, 0x1.3143570937f3p-18, 0x1.1ec5e3b9e9b27p-16, 
0x1.5518e4619babap-18, 0x1.a0724f44a928p-19, 0x1.bf844c6a4ea9ep-19, 
0x1.f7a3b97608cc9p-19, -0x1.223f23cbc1ee2p-19, 0x1.76c40142e3fa8p-19, 
0x1.ed3acdaaf7a5cp-18, 0x1.283de58dfb7a7p-18, 0x1.b4b47c7e5ea0fp-18, 
0x1.5af49f685f03ap-19, -0x1.3d697fdc596e1p-21, 0x1.00aa74b90b09p-18, 
0x1.33a2e4b248edp-18, 0x1.5f8f8408cfdfap-22, 0x1.60db118ee6245p-18, 
0x1.7a0b7dd47641ep-19, -0x1.68ce3ae98c2d4p-19, 0x1.3165237fb3913p-18, 
0x1.278f1d282b6d3p-21, 0x1.f8e659af4d2cfp-20, 0x1.fe3f5750acd1bp-20, 
0x1.6604f98c31eb6p-18, 0x1.87556d0ae5deap-16, 0x1.8958cb5041f13p-19, 
0x1.e3aa8770ad29ap-20, 0x1.9ad3083b1241p-21, 0x1.726ff6cdee5aep-19, 
0x1.10a039bb0c341p-18, 0x1.0783570c8dcf7p-16, 0x1.120e87ca449fep-18, 
0x1.fbafdd02037ebp-20, 0x1.d97a34af597c5p-19, 0x1.143ba9d168ffbp-18, 
0x1.941dc2eb7232cp-20, 0x1.61fcb56f80b3bp-18, 0x1.b4c574ae47ebbp-19, 
0x1.4c8fc889a686bp-18, -0x1.c2cd9724404a9p-21, 0x1.e7b929caebb54p-21, 
0x1.bc492545b8e21p-19, 0x1.2def63d23c8edp-18, -0x1.8c86d1388418ep-19, 
0x1.643702e5bbe6bp-19, 0x1.5bea028ad38b2p-19, -0x1.253a3950fd2f5p-19, 
0x1.e6cdc7e2a4ca5p-19, 0x1.2ca8496f90e47p-18, 0x1.dd5ceb79ad661p-20, 
0x1.5328a134e3d45p-18, 0x1.5c5108dcaaa59p-19, 0x1.8958cb5041f13p-19, 
0x1.7f667e45dcf03p-16, 0x1.af12dc386fa52p-18, 0x1.d5e0856b186e2p-18, 
0x1.a79b2a479d6adp-18, 0x1.19062bac1f46ep-19, 0x1.d5baa4d462b58p-19, 
0x1.1c6bfca0182acp-16, 0x1.be2428415107ap-18, 0x1.193007c78838fp-17, 
0x1.4947ceac8aaddp-19, 0x1.0f2403a5dc37fp-18, 0x1.4069464393df4p-18, 
0x1.d2ef851c61bfep-19, 0x1.9740ee5c6c803p-18, 0x1.2ef8d7538e70ap-18, 
0x1.a11c6d42e6647p-18, 0x1.1477efb51b2d2p-18, 0x1.de61893c2d917p-18, 
0x1.17c5a24fd8226p-19, 0x1.755a3f312c2ap-18, 0x1.c227442d2643bp-18, 
0x1.49c06d17063c9p-21, 0x1.272e0a6f24546p-18, 0x1.224205fcd16cdp-17, 
0x1.e41dedc96a812p-19, 0x1.6852534043ca6p-18, 0x1.00e50fde77781p-18, 
0x1.e3aa8770ad29ap-20, 0x1.af12dc386fa52p-18, 0x1.fc89975992204p-17, 
0x1.a770c4960f954p-19, 0x1.c246fd9649146p-18, 0x1.3962cf5fe12ddp-19, 
0x1.47e606e75d48bp-19, 0x1.8fdd9e800aef9p-18, 0x1.85eb6caab71fbp-17, 
0x1.2bc5bf0c44101p-18, -0x1.0d67933d5e9d1p-19, 0x1.bb7a35d810791p-19, 
0x1.ac4bdf8d1f85fp-18, 0x1.154187a4153f4p-19, 0x1.48b2ff97a8b7fp-18, 
0x1.2b7d4fd60ab23p-18, 0x1.47fb6fce4efcfp-19, 0x1.8ded9984df08dp-18, 
0x1.37ce9511d6365p-18, 0x1.1a8ed9a6a726ap-20, 0x1.ea0293a4cfccdp-18, 
0x1.8c9397bc7f28dp-19, 0x1.f077bf5480fc9p-19, 0x1.4313967468473p-18, 
0x1.0af23f455c1c9p-18, 0x1.201378e1e0da5p-20, 0x1.f50a57b0e82bp-19, 
0x1.171e5c92c9874p-20, 0x1.9ad3083b1241p-21, 0x1.d5e0856b186e2p-18, 
0x1.a770c4960f954p-19, 0x1.56c60e6147d6dp-16, 0x1.9df61396118e4p-19, 
0x1.1acbbea08655dp-22, 0x1.b506ac6a98d8ap-20, 0x1.667ed779ec1c8p-18, 
0x1.076ac4de8e1e5p-18, 0x1.dd91a5ab4173p-17, 0x1.2fa73f70f38d9p-20, 
0x1.1635d69f3d90fp-18, 0x1.9c92c9f8c362ap-18, 0x1.e5339795c84c8p-19, 
0x1.67307407e35p-19, 0x1.7b8b14f451e06p-20, 0x1.04cd829fe65f9p-19, 
-0x1.ab0de682212cp-24, 0x1.6e56a5b21771cp-20, 0x1.655cfed354c4cp-18, 
0x1.3a7d97f768a51p-18, 0x1.e6442795608ap-18, 0x1.44fa69cc646e7p-19, 
0x1.4a3ccaa5c179p-18, 0x1.89bc599eca423p-17, 0x1.03d1e3abb94c1p-17, 
0x1.af9562b42baaep-17, 0x1.3143570937f3p-18, 0x1.726ff6cdee5aep-19, 
0x1.a79b2a479d6adp-18, 0x1.c246fd9649146p-18, 0x1.9df61396118e4p-19, 
0x1.51fe9a2590164p-16, 0x1.a6a686842d671p-18, 0x1.1000f9c77b26bp-18, 
0x1.1f7ff3de1729bp-17, 0x1.086aab1b596b1p-17, 0x1.1050c2968c30ep-17, 
0x1.35ba08144f8dfp-19, 0x1.3748fb3a70789p-18, 0x1.94700170c72f1p-18, 
0x1.0d65b60c83528p-18, 0x1.8dae9c414a56p-18, 0x1.c683f5c10266bp-18, 
0x1.2ad3563f877dap-18, 0x1.dcb777a88a1ebp-18, 0x1.2625cdf9b42fep-18, 
-0x1.164d4e1eb49c2p-18, 0x1.b872be629ca3p-19, 0x1.02fcaa157ad13p-19, 
0x1.2687d73f1a4a3p-19, 0x1.9631f86097585p-19, 0x1.907a519e91c02p-17, 
0x1.8db12c00d13b3p-20, 0x1.66204f12ea9a8p-19, 0x1.1ec5e3b9e9b27p-16, 
0x1.10a039bb0c341p-18, 0x1.19062bac1f46ep-19, 0x1.3962cf5fe12ddp-19, 
0x1.1acbbea08655dp-22, 0x1.a6a686842d671p-18, 0x1.8a536cb4a6bdcp-16, 
0x1.3c07e82367102p-18, 0x1.2b6d4a8860944p-18, 0x1.0999db09d67bbp-18, 
0x1.0403b908593fep-18, 0x1.ca6072346135dp-18, 0x1.b8a5868442e51p-18, 
0x1.59944f8458f7ep-17, 0x1.d138011d9fd7ap-18, 0x1.7e2368314a3b5p-17, 
0x1.491fd68ab0ceep-19, 0x1.14db55b495fbfp-21, 0x1.12665312e96c7p-18, 
-0x1.3054dbdf4a121p-22, 0x1.01c97e997d485p-18, 0x1.38f22594065cep-18, 
0x1.7731a07c503efp-18, -0x1.9f1ab613bc285p-22, 0x1.403d413ea1ab7p-18, 
0x1.03c5ac7a0cf98p-18, -0x1.8e5cb8fdde46fp-23, 0x1.90e785b6c064dp-20, 
0x1.5518e4619babap-18, 0x1.0783570c8dcf7p-16, 0x1.d5baa4d462b58p-19, 
0x1.47e606e75d48bp-19, 0x1.b506ac6a98d8ap-20, 0x1.1000f9c77b26bp-18, 
0x1.3c07e82367102p-18, 0x1.60df790463113p-16, 0x1.5c926c3a67535p-18, 
0x1.5d73d7e3521afp-19, 0x1.4963035ae0ce9p-18, 0x1.58701be284cc7p-20, 
0x1.ac2b22eaa2c6dp-18, 0x1.6462492b6a4adp-18, 0x1.c5645cf21b7a5p-19, 
0x1.962876cf0a4f2p-18, 0x1.b99b85139bbfbp-18, 0x1.9b01357ae518p-18, 
0x1.c4fe59e762e01p-18, 0x1.6c070fedbabbbp-17, -0x1.1ca203bf6bb02p-17, 
0x1.a9fe76bcd4f91p-20, 0x1.f92b6b0357132p-20, -0x1.6f13790f5882bp-21, 
0x1.1a95d836abee3p-18, 0x1.2d0e5db84c8b5p-17, 0x1.3d8a81b2124ecp-21, 
0x1.1c7fc02b09279p-18, 0x1.a0724f44a928p-19, 0x1.120e87ca449fep-18, 
0x1.1c6bfca0182acp-16, 0x1.8fdd9e800aef9p-18, 0x1.667ed779ec1c8p-18, 
0x1.1f7ff3de1729bp-17, 0x1.2b6d4a8860944p-18, 0x1.5c926c3a67535p-18, 
0x1.a7eec096f7f0bp-16, 0x1.08bc566980c21p-17, 0x1.8d15fa057d1b4p-17, 
0x1.0939ae67aaa49p-20, 0x1.a54af3ddaacf2p-19, 0x1.9073e2936d293p-19, 
0x1.9558c8ff96e8ep-19, 0x1.70cf2853ef16p-18, 0x1.033d9f6bd862ap-18, 
0x1.ce40d557562cbp-18, 0x1.f3a67856755fcp-19, 0x1.2910e296f3016p-17, 
0x1.3b4e3dfe76259p-16, 0x1.103c100031c8bp-17, 0x1.2651018046814p-16, 
0x1.a1659ddad91bcp-18, 0x1.50923d082218ep-17, 0x1.4efadde8f2ba8p-16, 
0x1.a91c2bc1d70edp-19, 0x1.647df32c4b827p-18, 0x1.bf844c6a4ea9ep-19, 
0x1.fbafdd02037ebp-20, 0x1.be2428415107ap-18, 0x1.85eb6caab71fbp-17, 
0x1.076ac4de8e1e5p-18, 0x1.086aab1b596b1p-17, 0x1.0999db09d67bbp-18, 
0x1.5d73d7e3521afp-19, 0x1.08bc566980c21p-17, 0x1.12b61d40fbfbdp-16, 
0x1.c79db92c92e37p-18, 0x1.0a0559cdfe423p-25, 0x1.82c555a6da93cp-19, 
0x1.878563e75cbbdp-18, 0x1.4b60c2f24079dp-18, 0x1.1a2552d68ef78p-18, 
0x1.ce020e9428eeep-20, 0x1.6066a1c90225dp-19, 0x1.c6f66fbb63de6p-18, 
0x1.55758fbb98ac4p-18, 0x1.26b22b70cf926p-18, 0x1.87fc76a9c833cp-17, 
0x1.8fc3ac04eb1e7p-18, 0x1.433d82e238094p-17, 0x1.481bdce6998c6p-17, 
0x1.b5776511161c1p-18, 0x1.ae8d6f631b2a4p-21, 0x1.1a4af6fa9554ap-18, 
0x1.f7a3b97608cc9p-19, 0x1.d97a34af597c5p-19, 0x1.193007c78838fp-17, 
