list(V = structure(c(0x1.0fa22b2fe3e78p-16, 0x1.7578168a93333p-17, 
0x1.c6a6f2f9fdde3p-21, 0x1.6c0e156d26d74p-20, 0x1.3df24bfebde7cp-20, 
0x1.f8e659af4d2cfp-20, 0x1.dd5ceb79ad661p-20, 0x1.e41dedc96a812p-19, 
0x1.201378e1e0da5p-20, 0x1.3886061f0fc6ap-20, 0x1.03d1e3abb94c1p-17, 
0x1.568d65dd1deebp-20, 0x1.8db12c00d13b3p-20, -0x1.0ceb7a0d484a2p-21, 
-0x1.8e5cb8fdde46fp-23, 0x1.3d8a81b2124ecp-21, 0x1.a91c2bc1d70edp-19, 
0x1.ae8d6f631b2a4p-21, 0x1.d5e3c3da4cef4p-20, 0x1.3c6a53054c271p-20, 
0x1.05c93aa0275f6p-19, 0x1.ef1d96e8b49ebp-21, -0x1.fb1521e7eaaa3p-22, 
0x1.4dc737c1ed1fp-21, -0x1.884fbc44f8aedp-22, 0x1.c118cd1462dfcp-24, 
-0x1.a8e2f4f47f56cp-20, -0x1.d1b21eaf7236p-20, 0x1.a58550f91fe5fp-21, 
0x1.df6cf01b95b4p-20, 0x1.0e5ed588984e5p-19, 0x1.211a933334de8p-21, 
0x1.36cd177a8f5e9p-19, 0x1.6bc28879d758ap-21, 0x1.aeca968a924f3p-20, 
-0x1.e6b516eef1385p-20, -0x1.655748b5b1da3p-20, -0x1.61dde52ebbdc5p-21, 
-0x1.5882e89960381p-21, -0x1.49094710b6015p-19, 0x1.f2c4121f5b1cfp-19, 
0x1.a8d1d880e6fbfp-20, 0x1.11b7b87282a1p-19, -0x1.72cd92002cadbp-21, 
-0x1.6388d364f360cp-21, -0x1.e933586489f5ap-19, 0x1.965c4de49acf4p-20, 
-0x1.2d93a57a9d2ffp-18, -0x1.6b5a7d92269e4p-21, -0x1.befe083b8eb16p-20, 
-0x1.f0736c2e7bf06p-27, -0x1.396810316d579p-20, -0x1.253882bf7288p-20, 
0x1.d0780bcb49e01p-22, -0x1.ab5119864a521p-23, 0x1.7578168a93333p-17, 
0x1.a9ee78188bf48p-17, 0x1.41ce3f35e4302p-21, 0x1.653923cf72f16p-19, 
0x1.a492076acaeap-19, 0x1.fe3f5750acd1bp-20, 0x1.5328a134e3d45p-18, 
0x1.6852534043ca6p-18, 0x1.f50a57b0e82bp-19, 0x1.d9f1860bc40b9p-20, 
0x1.af9562b42baaep-17, 0x1.1d6f190b3f9e4p-20, 0x1.66204f12ea9a8p-19, 
0x1.d9103b0867af2p-21, 0x1.90e785b6c064dp-20, 0x1.1c7fc02b09279p-18, 
0x1.647df32c4b827p-18, 0x1.1a4af6fa9554ap-18, 0x1.6b26396ebed4cp-19, 
0x1.ccabbca59a476p-20, -0x1.468ddc6d89edcp-28, -0x1.03b0ef864582dp-21, 
0x1.392d5a77c990ap-21, 0x1.575970e26d926p-20, -0x1.274ca41defdfbp-22, 
0x1.ab427138a014dp-20, -0x1.28d034a228297p-20, 0x1.26d170cd3ffd5p-20, 
0x1.3adb00c59a31bp-21, 0x1.9d9bab8312fcdp-19, 0x1.f76931f68114dp-19, 
0x1.c7aad34f984cp-20, 0x1.ad9503382e83p-19, 0x1.8d1c68385fdd2p-20, 
0x1.0b1854f41f488p-21, 0x1.4196a77a17f7ap-21, 0x1.8dc8382858331p-22, 
-0x1.46ac882327031p-20, 0x1.8217f4137ac47p-20, -0x1.60547c61f3f64p-19, 
0x1.97556ec718df1p-18, 0x1.20ec02257226ap-18, 0x1.3a00cf5247dfep-18, 
0x1.a686283bf812dp-20, 0x1.3a8ae3da141f8p-19, -0x1.9db73cb9179e4p-19, 
0x1.8977c2ba07f15p-19, -0x1.706f9299c5d29p-20, 0x1.8e27d5660532ap-20, 
-0x1.222ffe782248cp-21, 0x1.4cbd996404d02p-20, 0x1.08576e944ad3ap-21, 
0x1.417eb3236795bp-18, 0x1.9d28e61487f55p-22, 0x1.54738eca1ba03p-23, 
0x1.c6a6f2f9fdde3p-21, 0x1.41ce3f35e4302p-21, 0x1.cede3c0fbba2ep-17, 
-0x1.d591690166048p-19, 0x1.c2c79a5a5310bp-19, -0x1.96949c82cdccap-20, 
0x1.6bca2d8cd4b97p-23, 0x1.52402d817f3ccp-22, 0x1.1369cdf76c8d5p-19, 
0x1.95b409172272dp-21, -0x1.921690a6c984cp-22, 0x1.422dced22540bp-17, 
-0x1.5c8972204b1ccp-19, 0x1.0fc6db42dbc1bp-19, -0x1.94874b5a50bb5p-20, 
-0x1.99726618bd6d6p-21, -0x1.9a95240b0c1b4p-23, -0x1.07e2a4e9ff0aap-20, 
0x1.e350790230c9fp-21, -0x1.b46f166e09905p-20, 0x1.e6b1088e7e66ep-21, 
0x1.a9230f15bc00bp-21, 0x1.5af18cfe12124p-20, 0x1.fab110df9165fp-23, 
0x1.b3ce9187a031cp-20, 0x1.5ae96af613c8p-19, 0x1.67b3f564cdce2p-19, 
0x1.4bb0ab7d963e6p-20, -0x1.06b5b46f1abd1p-20, 0x1.14295e12f6202p-19, 
-0x1.79a03fc3df523p-20, 0x1.43b0d6815bacdp-20, -0x1.6e059c61f8d0fp-21, 
-0x1.31836048b426fp-21, -0x1.42782dc687ae9p-19, -0x1.cde7450370e87p-20, 
-0x1.2a5fb512780f5p-18, 0x1.34934f93af168p-20, -0x1.e0091119625eap-20, 
0x1.a1a9cded1115ep-22, 0x1.42a9e975294bep-21, 0x1.cf1de1a061583p-23, 
0x1.e01bc23d803e6p-25, -0x1.94896ae4494b8p-22, 0x1.1adfda2d31747p-21, 
-0x1.177c602749d1fp-18, -0x1.06502b6a9abep-20, -0x1.4c354000dadd6p-19, 
0x1.0184520740ce2p-22, 0x1.3d6a09f4e91ebp-22, -0x1.f167843a20ff6p-20, 
0x1.945203c6c6a45p-22, -0x1.94c8ce5f9dfc6p-21, -0x1.994b563c9497ep-19, 
0x1.69c811b1ce4bcp-19, 0x1.6c0e156d26d74p-20, 0x1.653923cf72f16p-19, 
-0x1.d591690166048p-19, 0x1.67eacfa80cd44p-16, 0x1.ab3361ab2f7b2p-21, 
0x1.6604f98c31eb6p-18, 0x1.5c5108dcaaa59p-19, 0x1.00e50fde77781p-18, 
0x1.171e5c92c9874p-20, 0x1.2241cb510d324p-20, 0x1.3143570937f3p-18, 
-0x1.799ae51a7562bp-19, 0x1.1ec5e3b9e9b27p-16, 0x1.1a7af841fb7a2p-23, 
0x1.5518e4619babap-18, 0x1.a0724f44a928p-19, 0x1.bf844c6a4ea9ep-19, 
0x1.f7a3b97608cc9p-19, 0x1.450a798b0271fp-19, 0x1.17c7f0657bd87p-21, 
-0x1.8d02a2920f0fp-21, 0x1.67014bb4ea57dp-22, -0x1.678d8ff78ec4dp-25, 
-0x1.d62efc64d0759p-21, 0x1.23dae51d00c91p-21, -0x1.6eb8daa4b2a24p-21, 
-0x1.f2f818906988p-20, -0x1.223f23cbc1ee2p-19, -0x1.d5287221a8126p-21, 
0x1.76c40142e3fa8p-19, 0x1.ed3acdaaf7a5cp-18, 0x1.283de58dfb7a7p-18, 
0x1.b4b47c7e5ea0fp-18, 0x1.93da8d83760b8p-18, -0x1.8cab8e02a3e9cp-24, 
0x1.c8960f900ae4p-23, 0x1.63bec0c723de5p-19, 0x1.40399f3e9fc5p-22, 
-0x1.80b85751598e9p-22, -0x1.7353dcf37be05p-23, 0x1.5af49f685f03ap-19, 
-0x1.3d697fdc596e1p-21, 0x1.00aa74b90b09p-18, 0x1.33a2e4b248edp-18, 
0x1.404087a6ed15dp-21, 0x1.5f8f8408cfdfap-22, 0x1.60db118ee6245p-18, 
0x1.7a0b7dd47641ep-19, 0x1.c9cee47c33f42p-20, -0x1.68ce3ae98c2d4p-19, 
0x1.3165237fb3913p-18, 0x1.5e9401dfab829p-20, 0x1.278f1d282b6d3p-21, 
0x1.73323cce87173p-19, 0x1.74b6d8b758fe2p-21, 0x1.3df24bfebde7cp-20, 
0x1.a492076acaeap-19, 0x1.c2c79a5a5310bp-19, 0x1.ab3361ab2f7b2p-21, 
0x1.49c36241a0a0bp-16, -0x1.10af61e0de6ddp-19, 0x1.887b5694105cbp-19, 
0x1.92343ef530295p-19, 0x1.2bfbdd7634291p-18, 0x1.06b701fa46082p-20, 
0x1.d6ed65432eaa2p-19, 0x1.217e495c78c88p-19, 0x1.44c498e28b788p-21, 
0x1.b6c725173dd2bp-17, -0x1.c5c2b577d7486p-20, 0x1.4cbae7b33c0bbp-23, 
0x1.cf9c1154c2144p-20, 0x1.8fe36ae217ee4p-19, 0x1.f2f8484273323p-20, 
-0x1.2a04b26609d67p-22, -0x1.8b71e3573b6ebp-21, 0x1.cb3efc784ad6dp-21, 
0x1.3d523bc709eb4p-19, 0x1.fac93d0ca02dep-21, 0x1.bee2b750d114fp-22, 
0x1.0dd85ce5d6ab1p-18, 0x1.50a95f7129cfap-20, 0x1.4255845e110b4p-18, 
-0x1.8f15b2cc16bb9p-20, 0x1.72fe5faf4ac26p-19, 0x1.ad7cd496fa09bp-20, 
0x1.1eb3dc156d526p-18, -0x1.8cb894b9bc7afp-20, 0x1.40b87573e055ap-23, 
0x1.8f7d154237509p-19, 0x1.9563a63f247eap-19, 0x1.1f44a51681012p-19, 
0x1.57b58519f2bdp-19, 0x1.aed27e3411b2ep-19, 0x1.b1e0f8cf7eb0cp-20, 
0x1.968055e80b72ap-21, -0x1.d86c3d50e0e32p-22, 0x1.f90bdbfd01b9cp-20, 
0x1.4175431450316p-19, 0x1.7a66a234618c9p-19, -0x1.693c325799ab5p-18, 
0x1.d483c9d7d1d48p-20, 0x1.2a670a78c63c4p-20, 0x1.f52bca0715af7p-19, 
-0x1.13c9540b902cbp-18, -0x1.5c6630b038636p-19, -0x1.000ab4cd695b9p-20, 
0x1.7464c8dcd207cp-18, -0x1.f6d36520fc2d8p-22, 0x1.38cbfa04f683fp-19, 
0x1.f8e659af4d2cfp-20, 0x1.fe3f5750acd1bp-20, -0x1.96949c82cdccap-20, 
0x1.6604f98c31eb6p-18, -0x1.10af61e0de6ddp-19, 0x1.87556d0ae5deap-16, 
0x1.8958cb5041f13p-19, 0x1.e3aa8770ad29ap-20, 0x1.9ad3083b1241p-21, 
0x1.b3b43f3daa78bp-20, 0x1.726ff6cdee5aep-19, -0x1.cbccd258818b6p-19, 
0x1.10a039bb0c341p-18, -0x1.b695a4b9cd54p-20, 0x1.0783570c8dcf7p-16, 
0x1.120e87ca449fep-18, 0x1.fbafdd02037ebp-20, 0x1.d97a34af597c5p-19, 
0x1.48e46c39892dp-19, -0x1.1a58a16b3d90bp-20, -0x1.8b865e39139dap-19, 
-0x1.4f261c658e704p-19, -0x1.cd8136a7b8b3fp-20, -0x1.9386d2d83eea4p-18, 
0x1.3d0d2abefbb1ep-21, -0x1.8cee52189a35fp-18, -0x1.72883b8b6cb0fp-21, 
0x1.143ba9d168ffbp-18, -0x1.8ec17717465f9p-25, 0x1.941dc2eb7232cp-20, 
0x1.61fcb56f80b3bp-18, 0x1.b4c574ae47ebbp-19, 0x1.4c8fc889a686bp-18, 
0x1.23381c1e72177p-18, 0x1.e42d10c8ab97dp-22, -0x1.156982d0c39b7p-20, 
0x1.d588cdff45017p-23, 0x1.58e8d8feae085p-19, -0x1.078f37428a6ap-19, 
0x1.06bb87fe97e83p-20, -0x1.c2cd9724404a9p-21, 0x1.e7b929caebb54p-21, 
0x1.bc492545b8e21p-19, 0x1.2def63d23c8edp-18, 0x1.fdcdd4e584bebp-20, 
-0x1.8c86d1388418ep-19, 0x1.643702e5bbe6bp-19, 0x1.5bea028ad38b2p-19, 
0x1.63ce9fda2aa31p-19, -0x1.253a3950fd2f5p-19, 0x1.e6cdc7e2a4ca5p-19, 
-0x1.4061768cb02c5p-21, 0x1.2ca8496f90e47p-18, 0x1.9829f99d6cb6p-18, 
0x1.73f2c2f5b089ep-19, 0x1.dd5ceb79ad661p-20, 0x1.5328a134e3d45p-18, 
0x1.6bca2d8cd4b97p-23, 0x1.5c5108dcaaa59p-19, 0x1.887b5694105cbp-19, 
0x1.8958cb5041f13p-19, 0x1.7f667e45dcf03p-16, 0x1.af12dc386fa52p-18, 
