list(V = structure(c(0x1.0fa22b2fe3e78p-16, 0x1.e41dedc96a812p-19, 
0x1.3886061f0fc6ap-20, -0x1.befe083b8eb16p-20, -0x1.396810316d579p-20, 
-0x1.ab5119864a521p-23, 0x1.e41dedc96a812p-19, 0x1.fc89975992204p-17, 
0x1.e8195df39d8bep-19, 0x1.f077bf5480fc9p-19, 0x1.80d1170523f7ep-19, 
-0x1.2b1290200a44cp-20, 0x1.3886061f0fc6ap-20, 0x1.e8195df39d8bep-19, 
0x1.d72a519db2c9ep-17, 0x1.7a9499fbe3468p-19, 0x1.51590d7e14266p-18, 
0x1.c78404ad26716p-18, -0x1.befe083b8eb16p-20, 0x1.f077bf5480fc9p-19, 
0x1.7a9499fbe3468p-19, 0x1.8801a16bd2537p-15, 0x1.d21d29040b7aap-18, 
0x1.d3aaff1c9f126p-19, -0x1.396810316d579p-20, 0x1.80d1170523f7ep-19, 
0x1.51590d7e14266p-18, 0x1.d21d29040b7aap-18, 0x1.8356fc4d5c193p-16, 
0x1.43e437135cac9p-17, -0x1.ab5119864a521p-23, -0x1.2b1290200a44cp-20, 
0x1.c78404ad26716p-18, 0x1.d3aaff1c9f126p-19, 0x1.43e437135cac9p-17, 
0x1.1d4af46d92432p-15), dim = c(6L, 6L)), S = structure(c(0x1.ac414875132b8p-5, 
0x1.8a8b186a01bb2p-6, 0x1.98c6386be4f65p-6, 0x1.8a8b186a01bb2p-6, 
0x1.625dc94f6c5p-5, 0x1.610b98beebc7fp-6, 0x1.98c6386be4f65p-6, 
0x1.610b98beebc7fp-6, 0x1.d1822c0915472p-6), dim = c(3L, 3L), dimnames = list(
    NULL, c("V1", "V2", "V3"))), I = structure(c(0x1.00a78bee2f4a1p+0, 
0x1.4d976e659f3c3p-5, 0x1.92668d8bd6fc5p-6, 0x1.4d976e659f3c3p-5, 
0x1.028b3d08e3269p+0, 0x1.33e764169c141p-3, 0x1.92668d8bd6fc5p-6, 
0x1.33e764169c141p-3, 0x1.fd82f317c826fp-1), dim = c(3L, 3L)), 
    N = structure(c(0x1.e8de370eae4f5p+16, 0x1.7c1b6117e06fep+16, 
    0x1.923ad2b868a91p+16, 0x1.278ae33cad0ecp+16, 0x1.38be5add722e4p+16, 
    0x1.4af21c6be57c2p+16), dim = c(1L, 6L)), m = 0x1.1e841p+20)
