list(V = structure(c(0x1.316619cd503d6p-15, 0x1.97523471ed33cp-16, 
0x1.c546ee8b55cc2p-20, 0x1.50f427f56aae8p-19, 0x1.cb773a9fe5581p-19, 
0x1.069f7aa077e81p-17, 0x1.fd7da9d03cd4ep-18, 0x1.3d3694f2970fcp-19, 
0x1.4633cace21e0dp-19, 0x1.12e2d83b29317p-16, 0x1.4b4a7db3b7515p-19, 
0x1.6510de1a49a9bp-19, -0x1.5fa937ba805ecp-22, 0x1.021a70acb6374p-18, 
0x1.b1fef744737e7p-18, 0x1.cbe7bd92e99cdp-20, 0x1.dbc5804ef733p-19, 
0x1.17bb712a32071p-19, 0x1.adb6f49ac3007p-19, -0x1.99311fc5ce8c5p-21, 
0x1.3e286346f1ed3p-18, -0x1.6e1d74012e09ep-21, 0x1.b683ddbae1ad5p-23, 
-0x1.894215a4ed0d8p-19, -0x1.62d56670b5c87p-19, 0x1.672906104a839p-19, 
-0x1.9cc8604ef4333p-17, 0x1.f4f1a69e2bb19p-21, 0x1.19bd00260dc15p-18, 
0x1.3890436052665p-20, 0x1.6f5fc4760bff9p-18, 0x1.175a79a83ba9ap-19, 
0x1.d25194b82de07p-19, -0x1.4a7c0c8ee5c7dp-20, -0x1.2c5d899a8ae0bp-20, 
0x1.fd0701b08a7e5p-17, 0x1.80fc1666a9256p-19, 0x1.5d8521c14edd2p-18, 
-0x1.1d3387290a1e4p-21, -0x1.b85713a191d9ap-19, -0x1.ffb55135e7dd5p-26, 
-0x1.3234dbf22044p-19, -0x1.3c3a151b3249ep-19, 0x1.dacfad1c91848p-21, 
-0x1.9e1219ab7766dp-22, 0x1.97523471ed33cp-16, 0x1.c2a14e743520cp-16, 
0x1.3739f17c2c3dap-20, 0x1.40bb29d913051p-18, 0x1.c26df9f3266d3p-19, 
0x1.d9ea3c3ed8fd6p-18, 0x1.6fda6eafbbb9ep-17, 0x1.0b996d296088fp-17, 
0x1.dfe03ff1619b8p-19, 0x1.baf043536e299p-16, 0x1.0bc9008af986cp-19, 
0x1.37ea22bc5deb9p-18, 0x1.574f1456dddcdp-19, 0x1.e838ecf40d993p-19, 
0x1.610bfa750b5d9p-17, 0x1.24827bca2553dp-17, 0x1.64af93973d8cbp-18, 
0x1.8b11de8d1114ep-19, -0x1.03fd809199d26p-27, 0x1.ea4e291549e0ep-21, 
0x1.b9df6d17412d7p-19, -0x1.0b546a1959659p-21, 0x1.94b37f73d6af3p-19, 
-0x1.0a7e47df6b39ep-19, 0x1.b3d14ecb918b7p-20, 0x1.2c9374119a4bap-18, 
-0x1.4d11bd3010bbfp-17, 0x1.7ef54ae5ac818p-19, 0x1.79c0b16dfb126p-18, 
0x1.4b01148f63e23p-19, 0x1.230b8c1e208e8p-17, 0x1.8b6b69840cb5cp-19, 
0x1.03778f8d7a062p-17, 0x1.6d4e7e44636c4p-19, 0x1.01c7259d89d98p-18, 
0x1.61c76120a3c94p-17, 0x1.8519c072a7e2ep-19, 0x1.2357669e052bp-19, 
0x1.d40e6458c262ep-21, -0x1.154f485b47877p-20, 0x1.4cb2ae2d8cf01p-19, 
0x1.f512605dd2f6fp-21, 0x1.50569d9c0f27fp-17, 0x1.99b6b619a30a9p-21, 
0x1.400540f5b408fp-22, 0x1.c546ee8b55cc2p-20, 0x1.3739f17c2c3dap-20, 
0x1.9934c8c8acb88p-16, -0x1.81643c5e2dfabp-18, -0x1.48176951e761p-19, 
0x1.912e66f60ec5dp-19, 0x1.3baa0685e1c06p-21, 0x1.0cec85b00b761p-18, 
0x1.7780bb00f378ep-20, -0x1.7939f7606979fp-21, 0x1.144cb2502c9a3p-16, 
-0x1.157df9bc93491p-18, -0x1.3ca969eae9815p-19, -0x1.44a92486dec49p-19, 
-0x1.73b19a313c1a5p-22, -0x1.f3e7cfa6ec29p-20, 0x1.b1f16254094aep-20, 
-0x1.5623d8645432fp-19, 0x1.623526c1c5181p-20, 0x1.f0855ee7a40dp-20, 
0x1.1b2b9a13c0faap-18, 0x1.68a5602422c61p-19, 0x1.2c6009da0a34cp-18, 
0x1.2738e9a330239p-18, 0x1.c036c62a7ec5bp-20, 0x1.6ee93aea536a2p-19, 
-0x1.0055a95cdbe93p-19, 0x1.f15ac1b1abcc8p-20, -0x1.263813405ff62p-20, 
-0x1.d1919cd9c4e2cp-21, 0x1.a57eb1e5f8842p-21, 0x1.b911aba8d4afap-20, 
0x1.6aa6d7fb4e4d4p-24, -0x1.3fb7acb9b8d0dp-21, 0x1.a7d49ef7712ccp-21, 
-0x1.866a7f3d187f6p-20, -0x1.ea59c185cd045p-20, -0x1.cd84d71c45a25p-19, 
0x1.f237477d809bp-23, 0x1.15471aa81b434p-21, -0x1.c6a0c44e0df1dp-19, 
0x1.5e4b3574998acp-21, -0x1.831ac48038481p-20, -0x1.7305cc840bd4p-18, 
0x1.36dd5a1105df9p-18, 0x1.50f427f56aae8p-19, 0x1.40bb29d913051p-18, 
-0x1.81643c5e2dfabp-18, 0x1.123c835b49139p-15, 0x1.0c358f456daa6p-17, 
-0x1.a32df9ba00b19p-20, 0x1.bd2241e85667bp-18, 0x1.fa0966c424b4fp-20, 
0x1.f2cfaabba0cccp-20, 0x1.09df6c7288169p-17, -0x1.2ca2947fa49c5p-18, 
0x1.a7ecc1e9b077ep-16, 0x1.efc3233f39e09p-18, -0x1.a449ce2a03536p-19, 
0x1.781bb472b82d6p-18, 0x1.bae005fabe1f3p-18, 0x1.0eee7e54f0e9dp-18, 
0x1.973de6283711ep-21, -0x1.0c3d9c5661bb4p-20, -0x1.ddb4a7d3fe078p-25, 
0x1.0ac66c076510ap-19, 0x1.c070470b340edp-21, -0x1.26c827f5c024dp-20, 
-0x1.7c2ff1a676418p-19, -0x1.6c1d7cefd17b7p-19, 0x1.ce3fc257188aap-19, 
-0x1.372704ecc5d4p-18, 0x1.a692744cdbd3dp-18, 0x1.45e3c2b92173dp-17, 
0x1.1dabe0114002cp-17, 0x1.a4c2a4d07719ap-19, -0x1.626bf355608e8p-20, 
0x1.67f8849addca6p-18, 0x1.c36f37010ff4ep-18, 0x1.bd75e7d7fdd21p-21, 
0x1.9caa23bf88bdbp-19, 0x1.e9b620d49278bp-18, 0x1.ac20238b0cd3fp-20, 
-0x1.0f5aabf983694p-21, -0x1.249ab0f116102p-18, 0x1.0322c1805d906p-17, 
0x1.19f990fd8a92cp-19, 0x1.0666f82c5d123p-20, 0x1.3861fc9672d23p-18, 
0x1.2951252967fadp-20, 0x1.cb773a9fe5581p-19, 0x1.c26df9f3266d3p-19, 
-0x1.48176951e761p-19, 0x1.0c358f456daa6p-17, 0x1.203e3fe2e17e2p-15, 
-0x1.2aca80f448941p-18, 0x1.9bffa0093a1c3p-19, 0x1.6e277e4b0837ap-20, 
0x1.70184af1654c7p-19, 0x1.3d380938bae82p-18, -0x1.67ed8ddd90803p-18, 
0x1.8c3e617ef4829p-18, 0x1.78911b5f3a48ep-16, -0x1.d5f11eba6f9e5p-19, 
0x1.a383052143f91p-19, 0x1.995c23fc19771p-18, 0x1.0d89ba3454796p-18, 
-0x1.9412e7ad49a99p-20, -0x1.06bfc8936643cp-18, -0x1.2d6e6a62b2bdap-19, 
0x1.0156e3e8f7effp-20, 0x1.def8d604391a1p-21, -0x1.39b4d376e68bap-17, 
-0x1.1595837b19755p-20, 0x1.54b72c71b80b2p-18, 0x1.ea148f5af433ap-20, 
-0x1.812fabd603311p-18, 0x1.32488445a6a5dp-18, 0x1.e802b7cabea97p-18, 
0x1.9513a490621afp-18, -0x1.0cc2389e8dae1p-20, -0x1.67ab5702b8a22p-20, 
0x1.32521297ac8e8p-18, 0x1.b3a0ab11ab7f2p-18, 0x1.5c9b3812d1adep-19, 
-0x1.1d463a3b9cdd1p-20, -0x1.ac608849dd7fep-20, -0x1.4c5854ee513d2p-18, 
-0x1.aaf16bc554dadp-19, -0x1.d39cf3ef6924fp-19, 0x1.9621056ab813fp-18, 
-0x1.fab7e25e1dc39p-21, 0x1.0672268773b8ap-17, 0x1.51b985c2d96b5p-17, 
0x1.23b922aaea555p-18, 0x1.069f7aa077e81p-17, 0x1.d9ea3c3ed8fd6p-18, 
0x1.912e66f60ec5dp-19, -0x1.a32df9ba00b19p-20, -0x1.2aca80f448941p-18, 
0x1.e397455f6a674p-15, 0x1.164454f454fcep-19, 0x1.74dfe3ab635e2p-18, 
0x1.73c50005d828bp-19, 0x1.44d6004619c7fp-18, 0x1.7f10a0960ccf3p-21, 
-0x1.d03b021078b1dp-19, -0x1.064fe3b71bf45p-18, 0x1.3aa5179e13debp-15, 
-0x1.8eea7e9ff5daap-20, 0x1.07dd4c80247bbp-18, 0x1.da33aee0b19b8p-19, 
0x1.957f59e326528p-19, 0x1.53b2d417766b2p-19, -0x1.04b03010bbbabp-17, 
0x1.ec2f88bb3f4c5p-20, -0x1.00f459e1e3249p-18, -0x1.2519b5cc1c431p-20, 
-0x1.448e4125ab81dp-19, 0x1.781f84e646f03p-21, 0x1.68d8ea5121ab5p-19, 
0x1.2a011f6b1599cp-21, 0x1.bbc5050ca992p-19, 0x1.5d175163c2f42p-18, 
-0x1.47e508fea0b97p-19, -0x1.a8acfc4eaf5dfp-20, 0x1.94a968ea4fad7p-18, 
-0x1.da49dfd1e3026p-19, 0x1.1e86ed149e47ep-19, 0x1.516a3c417b8c7p-18, 
0x1.2454f6eacbdbap-15, 0x1.674c4804c9bbbp-21, 0x1.311caf9e19b5fp-17, 
0x1.61131d716441p-17, -0x1.e998de7a454dcp-17, -0x1.0d4b2a697a068p-18, 
0x1.1031a9496b502p-22, -0x1.053fd78bb6fd7p-17, -0x1.c83092578fb18p-19, 
-0x1.741b766187ee9p-21, 0x1.fd7da9d03cd4ep-18, 0x1.6fda6eafbbb9ep-17, 
0x1.3baa0685e1c06p-21, 0x1.bd2241e85667bp-18, 0x1.9bffa0093a1c3p-19, 
0x1.164454f454fcep-19, 0x1.f4f82912a8657p-16, 0x1.b4743e59e2ad6p-18, 
0x1.dce2c31633696p-18, 0x1.bdecfdce94773p-17, 0x1.6a10ab956ade4p-19, 
0x1.076151f498103p-18, 0x1.0ef2f5b07753fp-18, 0x1.06592a5d13acep-19, 
0x1.749db185d2a3bp-16, 0x1.2bbbe8c96c651p-17, 0x1.0728eadff7378p-17, 
0x1.2024b72fd9453p-18, -0x1.84c569045bb49p-20, 0x1.b2074005f1a37p-21, 
-0x1.28f2845687df6p-20, 0x1.b04c815fdd0b5p-19, 0x1.5cc07392fb3f3p-19, 
0x1.c2671e0191ce6p-20, -0x1.804a54a5551f4p-19, 0x1.36fc616ae336ep-18, 
-0x1.0024514a87da9p-17, 0x1.c1b1fc52a16c8p-19, 0x1.16e8f1ed4d546p-17, 
0x1.84df6479b7d03p-19, 0x1.9cfa01db3688bp-18, 0x1.74ebce208b33ep-21, 
0x1.3d4a4c9182a4fp-17, 0x1.04221a7429731p-17, 0x1.7ba0b6bd7f0b2p-18, 
-0x1.b53e32ad21befp-18, 0x1.7be31d9495ac1p-23, -0x1.9aeabafb9473dp-20, 
-0x1.56d8d953a8affp-19, 0x1.c9ce4cdd92052p-18, 0x1.37b64a3023bc3p-17, 
0x1.5fef5a7d10e12p-18, 0x1.0d7b6f79338ffp-17, 0x1.3855f226abfd2p-18, 
-0x1.0f4555a231f37p-19, 0x1.3d3694f2970fcp-19, 0x1.0b996d296088fp-17, 
0x1.0cec85b00b761p-18, 0x1.fa0966c424b4fp-20, 0x1.6e277e4b0837ap-20, 
0x1.74dfe3ab635e2p-18, 0x1.b4743e59e2ad6p-18, 0x1.71aaf00036dc3p-15, 
0x1.34b948f54528ep-17, 0x1.acf189d3e4fe3p-18, 0x1.bf605c1f99b61p-19, 
0x1.f15a4bf1b5627p-22, 0x1.79d844724ce6p-19, 0x1.cf37a280722bcp-19, 
0x1.07622003ada78p-17, 0x1.f39e4878c5569p-16, 0x1.155b1734f8f28p-17, 
-0x1.50bd444087dap-19, -0x1.299d0659fc33fp-19, -0x1.b8aeb5f8fccf8p-20, 
0x1.fe3037c87062p-18, 0x1.be007fe83918cp-19, 0x1.65f3b55af18eep-18, 
