list(V = structure(c(0x1.51fe9a2590164p-16, 0x1.9564c12704c38p-22, 
0x1.a6a686842d671p-18, 0x1.31410000b5ac5p-20, 0x1.1000f9c77b26bp-18, 
0x1.1f7ff3de1729bp-17, 0x1.1050c2968c30ep-17, 0x1.4df7b1886f6e2p-19, 
-0x1.15cd8d1003d1bp-21, -0x1.58d37b3f49121p-20, 0x1.7860c1175593dp-20, 
0x1.de1d06eba7b3dp-20, 0x1.4a782fea4ced3p-19, 0x1.35ba08144f8dfp-19, 
-0x1.a7859e8f8477ap-22, 0x1.3748fb3a70789p-18, 0x1.94700170c72f1p-18, 
0x1.8dae9c414a56p-18, 0x1.89e0b53a60f3p-23, 0x1.2d66ae2ae2a79p-19, 
0x1.18ebaaca1406cp-20, 0x1.cd7bb46487305p-20, 0x1.c683f5c10266bp-18, 
0x1.2ad3563f877dap-18, 0x1.2625cdf9b42fep-18, -0x1.164d4e1eb49c2p-18, 
0x1.02fcaa157ad13p-19, 0x1.907a519e91c02p-17, 0x1.9564c12704c38p-22, 
0x1.b11cfeaf67147p-17, -0x1.06e7b637fca68p-18, 0x1.688c557f13088p-20, 
-0x1.591e6326a16d8p-19, 0x1.9a9561b280cabp-20, -0x1.4e8b3d8e36091p-23, 
-0x1.6aadffdb81bcp-21, 0x1.9b579072a1567p-19, 0x1.04b088a766051p-23, 
0x1.36cb4a23fcfbdp-18, 0x1.51bfec14c076dp-18, 0x1.c9518367bf34ap-18, 
-0x1.af76236f6d907p-19, -0x1.8d504f6580e1cp-20, 0x1.4cd863cc1d8f4p-21, 
-0x1.8a5a718d8c16dp-20, -0x1.1b3745f80d83ap-19, -0x1.032a3d70630dap-18, 
-0x1.00b222d0ff679p-20, -0x1.c4aa3a851379bp-19, 0x1.09935342d90dcp-22, 
0x1.70402854137e8p-19, 0x1.1ed5d4277f44cp-20, 0x1.3a595cb70cb6p-19, 
-0x1.a6ee30abe1bdap-20, -0x1.99a20e4902d33p-24, 0x1.9949b5dca56c9p-20, 
0x1.a6a686842d671p-18, -0x1.06e7b637fca68p-18, 0x1.8a536cb4a6bdcp-16, 
0x1.90f045105beb7p-21, 0x1.3c07e82367102p-18, 0x1.2b6d4a8860944p-18, 
0x1.0403b908593fep-18, 0x1.6c993df05b13bp-21, -0x1.987b2fab34977p-20, 
0x1.6e1353790b0a4p-22, -0x1.f6153928e9093p-20, -0x1.c5deea071abe3p-22, 
-0x1.059cfc94a26bfp-20, 0x1.ca6072346135dp-18, 0x1.583d89d198eabp-20, 
0x1.b8a5868442e51p-18, 0x1.59944f8458f7ep-17, 0x1.7e2368314a3b5p-17, 
0x1.59dddeaf2f9cbp-20, -0x1.0e5e9bd1cb74bp-22, 0x1.6ec63a8808fffp-22, 
-0x1.372b07327e853p-20, 0x1.491fd68ab0ceep-19, 0x1.14db55b495fbfp-21, 
-0x1.3054dbdf4a121p-22, 0x1.01c97e997d485p-18, 0x1.7731a07c503efp-18, 
0x1.03c5ac7a0cf98p-18, 0x1.31410000b5ac5p-20, 0x1.688c557f13088p-20, 
0x1.90f045105beb7p-21, 0x1.13073c64edf1cp-16, -0x1.195c862eb5d06p-19, 
0x1.922da05337606p-19, 0x1.2553fe03f3635p-18, -0x1.ea53597ae755cp-20, 
0x1.f875cdb7363e4p-22, -0x1.0c4617b6c612p-22, 0x1.476c8c240f71p-20, 
0x1.0b808752c3c3bp-21, 0x1.688e9699fcc5dp-19, 0x1.b99b7e1a3f348p-20, 
0x1.73138ee1b523p-19, 0x1.6418998dad7a6p-23, 0x1.f4f6f2f1bef1fp-21, 
-0x1.2fffbbeadc4e5p-20, 0x1.ef7836a58c937p-18, 0x1.c7fd490d5bdbbp-19, 
0x1.2df34894f5d28p-17, 0x1.f2e8eeed23493p-18, -0x1.08431330910a7p-19, 
-0x1.3641214968cfbp-21, -0x1.08d1a6bb769d6p-21, 0x1.17e2d45c5d16p-18, 
0x1.3334e469a2e1p-18, 0x1.fc72db3e68c3fp-19, 0x1.1000f9c77b26bp-18, 
-0x1.591e6326a16d8p-19, 0x1.3c07e82367102p-18, -0x1.195c862eb5d06p-19, 
0x1.60df790463113p-16, 0x1.5c926c3a67535p-18, 0x1.4963035ae0ce9p-18, 
-0x1.601ea9e484c74p-22, -0x1.6ec5006eeafd1p-21, -0x1.9a0c020be94ep-19, 
-0x1.2ca7dd25151e9p-20, -0x1.38c9be9292e62p-18, -0x1.158ed0489517dp-18, 
0x1.58701be284cc7p-20, 0x1.d76cdf8cc1912p-20, 0x1.ac2b22eaa2c6dp-18, 
0x1.6462492b6a4adp-18, 0x1.962876cf0a4f2p-18, -0x1.40f27e4d573aep-20, 
-0x1.0a75e5844eaa4p-23, -0x1.a045c1421f805p-20, -0x1.23452146e7dd6p-19, 
0x1.b99b85139bbfbp-18, 0x1.9b01357ae518p-18, 0x1.6c070fedbabbbp-17, 
-0x1.1ca203bf6bb02p-17, 0x1.f92b6b0357132p-20, 0x1.2d0e5db84c8b5p-17, 
0x1.1f7ff3de1729bp-17, 0x1.9a9561b280cabp-20, 0x1.2b6d4a8860944p-18, 
0x1.922da05337606p-19, 0x1.5c926c3a67535p-18, 0x1.a7eec096f7f0bp-16, 
0x1.8d15fa057d1b4p-17, 0x1.ed133f3e64bfbp-21, -0x1.6f7cba3b13d4dp-19, 
-0x1.3681910aff1cdp-20, 0x1.a2f467aa2e4d1p-19, 0x1.e4738837458f8p-18, 
0x1.d1de9777d3e33p-19, 0x1.0939ae67aaa49p-20, -0x1.9f9c1bab74e11p-21, 
0x1.a54af3ddaacf2p-19, 0x1.9073e2936d293p-19, 0x1.70cf2853ef16p-18, 
-0x1.5966d40279c27p-22, 0x1.adcc492c28a31p-20, 0x1.863507357f99p-19, 
0x1.a12a63617388ep-19, 0x1.033d9f6bd862ap-18, 0x1.ce40d557562cbp-18, 
0x1.2910e296f3016p-17, 0x1.3b4e3dfe76259p-16, 0x1.2651018046814p-16, 
0x1.4efadde8f2ba8p-16, 0x1.1050c2968c30ep-17, -0x1.4e8b3d8e36091p-23, 
0x1.0403b908593fep-18, 0x1.2553fe03f3635p-18, 0x1.4963035ae0ce9p-18, 
0x1.8d15fa057d1b4p-17, 0x1.6b616d1371f8dp-16, 0x1.d918da45a94b6p-21, 
-0x1.7b3069e67ab9ep-23, 0x1.52c8ef8d79b9ap-19, -0x1.05a375738796p-20, 
0x1.303d098c48a4fp-19, 0x1.489fb5d5961d6p-19, 0x1.ad986b56279ebp-21, 
0x1.d07dfb33323eap-22, 0x1.9a348f29ba001p-18, 0x1.0059e9c7cd5dbp-17, 
0x1.161472ee5bd3ep-17, 0x1.eed463fcb790bp-19, 0x1.c5339d5bd66cfp-20, 
0x1.badcf9d45bdaap-19, 0x1.a09ecd2cbf4aap-18, 0x1.29548ec4caaacp-19, 
0x1.88a49d06c6e2bp-18, 0x1.2b206340e2a68p-17, 0x1.1e3a4492cad52p-17, 
0x1.1352bb0f4e9ddp-16, 0x1.87f7a047a1f08p-16, 0x1.4df7b1886f6e2p-19, 
-0x1.6aadffdb81bcp-21, 0x1.6c993df05b13bp-21, -0x1.ea53597ae755cp-20, 
-0x1.601ea9e484c74p-22, 0x1.ed133f3e64bfbp-21, 0x1.d918da45a94b6p-21, 
0x1.53b27957fa9cdp-15, -0x1.ac7d39ecfd2fdp-17, 0x1.30ad0d3147555p-17, 
0x1.38310a99e42d3p-20, 0x1.3de67897a4e45p-18, 0x1.469d24fed915ap-18, 
0x1.154b2a296ad7bp-18, -0x1.6f5546dca3da4p-18, -0x1.04de75600a177p-19, 
-0x1.87e92e5413885p-24, 0x1.cd250618098afp-22, 0x1.3410960e600c3p-19, 
-0x1.80fad6dca55f5p-20, 0x1.84d69edb0d4edp-19, 0x1.1e7e8cc228dep-21, 
-0x1.eaedb2e439b6ep-20, -0x1.82e0abe20bf3bp-22, 0x1.8d7a702bdf133p-18, 
-0x1.e894ef964f39cp-21, -0x1.62c669b358cafp-21, -0x1.0abf73844b72ap-18, 
-0x1.15cd8d1003d1bp-21, 0x1.9b579072a1567p-19, -0x1.987b2fab34977p-20, 
0x1.f875cdb7363e4p-22, -0x1.6ec5006eeafd1p-21, -0x1.6f7cba3b13d4dp-19, 
-0x1.7b3069e67ab9ep-23, -0x1.ac7d39ecfd2fdp-17, 0x1.da406a745dab5p-16, 
-0x1.08e9c9716eef1p-19, -0x1.82fc4a8d01c43p-20, -0x1.32061f7c62d8ap-22, 
0x1.3a6c72203b962p-19, -0x1.219808c67cea7p-16, 0x1.ca1fdd751a7d4p-19, 
0x1.c42e0d3e928acp-20, 0x1.3f7da302ebec4p-20, 0x1.c18b4625afda8p-18, 
-0x1.201f37459d919p-20, 0x1.24436a0c1a53fp-19, -0x1.7b3473423c633p-21, 
0x1.0dca405a30077p-27, 0x1.1e718e1405748p-19, 0x1.0f2cef51e2273p-19, 
-0x1.248d8fe1c3ac9p-25, -0x1.df71430fae5a9p-19, -0x1.c6d34b2dc9b29p-19, 
0x1.590f311a99ff7p-19, -0x1.58d37b3f49121p-20, 0x1.04b088a766051p-23, 
0x1.6e1353790b0a4p-22, -0x1.0c4617b6c612p-22, -0x1.9a0c020be94ep-19, 
-0x1.3681910aff1cdp-20, 0x1.52c8ef8d79b9ap-19, 0x1.30ad0d3147555p-17, 
-0x1.08e9c9716eef1p-19, 0x1.b306bf56eb561p-16, -0x1.a1f18da34ec6ep-19, 
0x1.af39334401a27p-19, 0x1.b4887c2f3409ep-18, -0x1.37f045177ac81p-20, 
-0x1.fa8146e1ddd0ep-18, -0x1.38656e41f42bfp-20, -0x1.4dce3e614e588p-19, 
-0x1.12c5950cbe73ep-20, 0x1.75d02a7b5223dp-18, -0x1.c770f21343de1p-18, 
-0x1.484730f9e3624p-19, 0x1.85316e6a32509p-22, -0x1.e2aa4eb2f2352p-23, 
-0x1.8b9add0d5add1p-20, 0x1.5dc636245a586p-21, -0x1.90ddea2ffac71p-19, 
0x1.ad068b9fd8d1ap-23, -0x1.09dcc002e3907p-18, 0x1.7860c1175593dp-20, 
0x1.36cb4a23fcfbdp-18, -0x1.f6153928e9093p-20, 0x1.476c8c240f71p-20, 
-0x1.2ca7dd25151e9p-20, 0x1.a2f467aa2e4d1p-19, -0x1.05a375738796p-20, 
0x1.38310a99e42d3p-20, -0x1.82fc4a8d01c43p-20, -0x1.a1f18da34ec6ep-19, 
0x1.bcc21b1d191bp-16, 0x1.5a39e355d1238p-18, 0x1.bdb91b8b7a18fp-18, 
-0x1.491dd60bb823dp-19, -0x1.f323d990bf701p-21, -0x1.0ba7cb3185bbdp-17, 
-0x1.48c221e7273bp-19, -0x1.34a1135b723e8p-18, -0x1.120e6d2654279p-18, 
0x1.44b6671dca2dp-18, 0x1.67e81a246644ep-23, 0x1.e11dc2b63ff1bp-20, 
-0x1.2e13581740b46p-19, -0x1.e558c5498b817p-22, 0x1.909b5f108fa5ap-18, 
0x1.89570c768d768p-18, 0x1.650f88172499dp-19, 0x1.a5ed039d7cf21p-18, 
0x1.de1d06eba7b3dp-20, 0x1.51bfec14c076dp-18, -0x1.c5deea071abe3p-22, 
0x1.0b808752c3c3bp-21, -0x1.38c9be9292e62p-18, 0x1.e4738837458f8p-18, 
0x1.303d098c48a4fp-19, 0x1.3de67897a4e45p-18, -0x1.32061f7c62d8ap-22, 
0x1.af39334401a27p-19, 0x1.5a39e355d1238p-18, 0x1.1f6fe5a719509p-15, 
0x1.6bf302632e50fp-17, -0x1.2586ccf688174p-18, -0x1.37b0f48686fffp-18, 
-0x1.410e8f10b618cp-19, -0x1.eaf4438760f54p-17, -0x1.fae32e0860552p-18, 
0x1.7de6e769b84bap-21, -0x1.015d0769a9ab5p-20, 0x1.721d0c5a6a9bp-19, 
0x1.09bb08122a1bbp-21, 0x1.a2f2c4fa13576p-19, -0x1.247e217900be5p-21, 
-0x1.91657f6b0e109p-22, 0x1.cd45a45b9ec96p-18, 0x1.a3cb8b7b052efp-18, 
