list(V = structure(c(0x1.786967338e944p-16, 0x1.a630f0a2eca9p-18, 
0x1.34418c6600dabp-17, 0x1.b13abf045e4f4p-18, 0x1.58d3fd0e7eaa4p-18, 
0x1.996d67dff8eb1p-19, 0x1.97bdd4556e324p-21, 0x1.846614c1df9f3p-17, 
-0x1.45f36c0fa2494p-21, -0x1.c8d4e4579a63dp-22, 0x1.a7da69d00da9bp-19, 
0x1.7a4db936e0334p-19, -0x1.3dac489777738p-21, -0x1.7e0d00bffe7a5p-19, 
0x1.ce0b4ff7324a3p-18, 0x1.b9535ed1f7458p-19, 0x1.6199e490090aep-19, 
0x1.68cb48e663c48p-19, -0x1.538ae253cadbep-19, -0x1.80c411dff7e3p-19, 
0x1.5cf7c31b9776fp-18, -0x1.6caa7634c46c7p-19, 0x1.801e79663fc1p-18, 
0x1.302ca3816f7e1p-18, 0x1.e310a82da07b3p-20, 0x1.7859113e36b29p-18, 
0x1.149a37a1b0988p-17, 0x1.5e9526e656205p-18, 0x1.7930c19e7cdeap-19, 
0x1.11cb53f5761dap-18, 0x1.55b1a762f2309p-18, 0x1.00c4250c40c37p-18, 
0x1.62ab3bfc7b26dp-19, -0x1.509ea95912cecp-22, 0x1.7759f7544166fp-20, 
0x1.0b741bd1059edp-17, 0x1.a630f0a2eca9p-18, 0x1.b4b9355a265ddp-16, 
0x1.8822092d8e172p-16, 0x1.a1ac259311bc7p-18, 0x1.033ca577ff023p-17, 
0x1.470fabd20f8d4p-17, 0x1.09423f667fbdcp-18, 0x1.02203e029b87dp-18, 
0x1.787e42b6eb0e5p-20, 0x1.ed7f1562f45e5p-19, 0x1.28e7abcd78737p-18, 
0x1.150086faf4e1bp-17, 0x1.686a43d1501bbp-19, 0x1.eddd0babc24d8p-19, 
0x1.02073ca23975dp-16, 0x1.8581cd9e23cc6p-19, 0x1.c7a865e813befp-24, 
0x1.e4cbce776b428p-18, 0x1.7b43600e297a4p-19, 0x1.4a92d05fc9f63p-18, 
0x1.9212c24c5713p-17, 0x1.d5f0af3a3ef95p-21, 0x1.063631cd9256fp-17, 
0x1.178e362819171p-17, 0x1.9c6a718e0019ap-21, 0x1.5e4b251c0b3b1p-18, 
0x1.f057d6899f15bp-18, 0x1.e13ba77ba955p-18, 0x1.07e7f12c36dcep-18, 
0x1.04122d7ee1278p-18, 0x1.08d160294876p-17, 0x1.1db58f9298366p-18, 
0x1.dda6c57c27a06p-19, 0x1.0e7ad34f67a64p-21, 0x1.17df8a1d618e7p-18, 
0x1.4b04f1980d6bp-18, 0x1.34418c6600dabp-17, 0x1.8822092d8e172p-16, 
0x1.428622aca21b6p-15, 0x1.42725703afd11p-17, 0x1.0cbc8d8c05b61p-17, 
0x1.40978c67de3a6p-17, 0x1.204dfcc6bbe41p-18, 0x1.7abd93f0fa2cbp-18, 
0x1.2f062982a7699p-18, 0x1.ace3873b1469ap-17, 0x1.5ac3f3fc884a8p-18, 
0x1.01b923a41a381p-17, 0x1.270f53dd77cc4p-18, 0x1.8eb2ab9b65186p-18, 
0x1.0b88e506d7d4cp-16, 0x1.5542bcc124519p-16, 0x1.04fbe39d953f9p-17, 
0x1.6919f0c68c507p-17, 0x1.28835738fa259p-17, 0x1.e6d1b6e84f81cp-18, 
0x1.8020a68321766p-16, -0x1.0955662e4ebep-19, 0x1.48bc93cd5c2d8p-17, 
0x1.2fe608dcda4b2p-17, 0x1.1198cc66847d7p-19, 0x1.2111b756f92a8p-17, 
0x1.94fc1fbabc74p-18, 0x1.d5bcf4307afdbp-18, 0x1.016111495b5c5p-18, 
0x1.2c32179932d7cp-18, 0x1.8c69607f85a57p-17, 0x1.fb268abb796fap-18, 
0x1.9af54b84f72a8p-18, 0x1.7140ae7dbe7d3p-19, 0x1.d606e740c5c4p-19, 
0x1.3e5250611aeffp-18, 0x1.b13abf045e4f4p-18, 0x1.a1ac259311bc7p-18, 
0x1.42725703afd11p-17, 0x1.1307ad16fd19fp-15, 0x1.04af0002012cp-17, 
0x1.34eece080bbdbp-17, 0x1.ade09d038db39p-20, 0x1.106a121cb8c68p-19, 
0x1.d09987e04a88bp-18, 0x1.fd276eca31f1cp-18, 0x1.cdab0ed59bfc9p-17, 
0x1.1d4b815fe6c35p-18, -0x1.7aabbacf80835p-20, 0x1.3289499b5b4f1p-19, 
0x1.795de8f1e8d5cp-19, 0x1.7864f6fa5d0e3p-18, 0x1.c934d03a45733p-17, 
0x1.889b334ca85ep-19, -0x1.0ab1254e6c7c4p-20, 0x1.0c5f03d4bc9b2p-19, 
0x1.9f9e604753a4bp-18, 0x1.a17ae4aa3f1a5p-18, 0x1.f7289e57bd70cp-17, 
0x1.9cb5f2dae52adp-17, 0x1.3b9046da45f9ep-18, 0x1.522db410e6e01p-16, 
0x1.bfb0a5fb8f5a9p-19, 0x1.9197898279e0bp-18, 0x1.0d8e896c99d2cp-19, 
0x1.7b6f378426f2dp-18, 0x1.b556e2bfc3466p-19, 0x1.fda077d01a92cp-20, 
0x1.9976f9f32a42ap-18, 0x1.56bbd5f1c223fp-20, 0x1.0c504e7bcc57p-19, 
0x1.64d5df2676b88p-21, 0x1.58d3fd0e7eaa4p-18, 0x1.033ca577ff023p-17, 
0x1.0cbc8d8c05b61p-17, 0x1.04af0002012cp-17, 0x1.20c39a22001fep-16, 
0x1.a353a61d45ddbp-18, 0x1.b9dc9e61998d9p-19, 0x1.b07977e06e784p-19, 
0x1.98a4b85174a03p-18, 0x1.8b11701ad0eaep-18, 0x1.8d59216977f97p-17, 
0x1.f9656a86f7fep-19, 0x1.625210f3ff05p-19, 0x1.a99dde9374e57p-21, 
0x1.2f52623b86baep-18, 0x1.769b266d8709dp-18, 0x1.1fcdcce3f2eefp-17, 
0x1.adffc6638c546p-18, 0x1.d02783393a6bap-20, 0x1.b1cc72a9718e2p-21, 
0x1.d363c033cd11ap-19, 0x1.621060d09ede4p-22, 0x1.8c835b7ea14d5p-18, 
0x1.81a3355d3b411p-18, 0x1.c5b5667b975aep-19, 0x1.9f3dc8b5e7927p-18, 
0x1.4f1c8fc7fdcc6p-17, 0x1.6e2a27fd9b72p-18, 0x1.e65eef2979795p-19, 
0x1.400b90bb2c381p-17, 0x1.872be3685d5fp-19, 0x1.09abeab50a92p-19, 
0x1.47f8472601034p-18, -0x1.c9016af5aafb9p-20, 0x1.12c39e81e7ce4p-18, 
0x1.a386b4a00f3a4p-20, 0x1.996d67dff8eb1p-19, 0x1.470fabd20f8d4p-17, 
0x1.40978c67de3a6p-17, 0x1.34eece080bbdbp-17, 0x1.a353a61d45ddbp-18, 
0x1.7712a675bee36p-16, 0x1.d1714c1ca74d7p-19, 0x1.7bfffd959a7b5p-19, 
0x1.6fcc822214be7p-18, 0x1.a6f185bac8271p-19, 0x1.79cdb7844f049p-18, 
0x1.1a3f744b71f9ap-18, 0x1.459eab223ac08p-18, 0x1.0c947c07c775ap-18, 
0x1.de16897331c27p-18, 0x1.1fe5f27f3181cp-18, 0x1.0a49243d4d61fp-19, 
0x1.1a14090ed2f08p-18, 0x1.e0e971f7c1b85p-19, 0x1.2137e37969856p-18, 
0x1.3446bf301d88fp-18, 0x1.5e4c2ead2f057p-18, 0x1.f43d51cc135c7p-18, 
0x1.a460e6c64205cp-18, 0x1.85032d2ac60dep-19, 0x1.9d95c31ac3c32p-18, 
0x1.ee23b18fb321dp-19, 0x1.c24b494813f3ap-18, 0x1.d4c74379ba513p-19, 
0x1.40cfc3993b06cp-19, 0x1.cfe6b4656772cp-18, 0x1.888e793255a59p-18, 
0x1.5828e11a6cb0fp-17, -0x1.92b35ed49f902p-22, 0x1.09bbfae6075f4p-18, 
0x1.8778233f20698p-18, 0x1.97bdd4556e324p-21, 0x1.09423f667fbdcp-18, 
0x1.204dfcc6bbe41p-18, 0x1.ade09d038db39p-20, 0x1.b9dc9e61998d9p-19, 
0x1.d1714c1ca74d7p-19, 0x1.e1360d4753174p-17, -0x1.e94e84a407fe3p-21, 
0x1.1fc37ddd870c1p-18, 0x1.0a3e98b67c94ep-18, 0x1.7e5e555357d1bp-21, 
0x1.15f3855da16ep-19, 0x1.a61f0791b4af7p-18, 0x1.0cabf65c9292ep-19, 
0x1.9912d55b68932p-20, 0x1.7d07d4d693731p-19, -0x1.8e8a20d25b54p-22, 
0x1.2a779371bbed2p-20, 0x1.f59072b6d34e5p-19, 0x1.a6d3f6fdb286ep-22, 
0x1.bf577263253f8p-19, 0x1.08bc898fab9f4p-18, 0x1.5b11c2590ba2fp-19, 
-0x1.a7f2150b6cd2fp-21, -0x1.0460886194d27p-21, 0x1.86a56be698525p-20, 
0x1.c842dadd84ac5p-20, 0x1.1be6ffa7013d7p-19, 0x1.3c796bd6ad282p-18, 
0x1.de8b5d5ed305ap-22, -0x1.fc91e6f57a59bp-20, 0x1.6b87592890c93p-19, 
0x1.4ac655e5e537dp-19, 0x1.c5e08c33496a6p-18, 0x1.185f9a55d426bp-17, 
-0x1.feff8ecd05e2ap-22, 0x1.846614c1df9f3p-17, 0x1.02203e029b87dp-18, 
0x1.7abd93f0fa2cbp-18, 0x1.106a121cb8c68p-19, 0x1.b07977e06e784p-19, 
0x1.7bfffd959a7b5p-19, -0x1.e94e84a407fe3p-21, 0x1.18dad835080b6p-16, 
-0x1.24a45f64c56d2p-21, -0x1.302eee9cbd841p-20, 0x1.9ccbf59455e3p-20, 
0x1.fba86ad69c88bp-19, 0x1.4f5262c047f99p-19, 0x1.1fec3b5122eep-22, 
0x1.87b3fd734395p-18, -0x1.0913e1e971297p-21, 0x1.d2efa9ec66102p-23, 
0x1.92f2a1cf3dd14p-18, 0x1.0e16076406404p-23, 0x1.014a07fcb3b02p-18, 
0x1.fbb25c479e6b8p-19, -0x1.845246b37ff03p-18, 0x1.5a22bcbb95d6bp-19, 
0x1.18b849105158ap-18, 0x1.9bc398fa469a6p-19, 0x1.d3d2553cd0766p-19, 
0x1.6d642649a6563p-18, 0x1.35b6b1408816ep-18, 0x1.6e895a2ff0f15p-20, 
0x1.11143e68d2047p-18, 0x1.84a98ff1ccebp-18, 0x1.0604f4a59fa05p-18, 
0x1.29ddfe38afb71p-18, 0x1.299ba9c284981p-20, 0x1.f7efced3fe8ccp-20, 
0x1.f1e85a36f3538p-17, -0x1.45f36c0fa2494p-21, 0x1.787e42b6eb0e5p-20, 
0x1.2f062982a7699p-18, 0x1.d09987e04a88bp-18, 0x1.98a4b85174a03p-18, 
0x1.6fcc822214be7p-18, 0x1.1fc37ddd870c1p-18, -0x1.24a45f64c56d2p-21, 
0x1.442d61ea4ad9dp-13, 0x1.0120a1f6dac3fp-13, 0x1.83c96739abd4ep-15, 
0x1.53f3ff28d1f9p-16, 0x1.48b941f0de6a7p-15, 0x1.43ddd7eadf4afp-17, 
-0x1.8364efd7bd605p-21, 0x1.9f8cb7672537ep-14, 0x1.0f1d3fafd1b66p-15, 
0x1.068753cd888d3p-16, 0x1.654995c499f4ap-16, 0x1.62f92f5db2b23p-18, 
0x1.01866d1ff98d6p-18, 0x1.48099a5479b93p-16, 0x1.2c5e321384503p-17, 
0x1.f874f012a65f1p-18, 0x1.2825f3d86748ep-17, 0x1.2886278b1404bp-18, 
0x1.d34c2219021c8p-20, 0x1.01c8d77c91b31p-17, 0x1.b3b6e60bf04e9p-17, 
0x1.c1ec13eb2016p-21, 0x1.2a56ebfbb435fp-17, 0x1.4eb626d4f981fp-19, 
0x1.589e89191f1b2p-18, 0x1.02002b4ac6566p-16, 0x1.3e1e9aa8b4f8bp-18, 
-0x1.8c86eb99394fcp-19, -0x1.c8d4e4579a63dp-22, 0x1.ed7f1562f45e5p-19, 
0x1.ace3873b1469ap-17, 0x1.fd276eca31f1cp-18, 0x1.8b11701ad0eaep-18, 
0x1.a6f185bac8271p-19, 0x1.0a3e98b67c94ep-18, -0x1.302eee9cbd841p-20, 
0x1.0120a1f6dac3fp-13, 0x1.35c5828861409p-13, 0x1.95ca4f6f628f9p-15, 
0x1.37eb176ed2d94p-16, 0x1.5c2ff1adb705p-15, 0x1.305991908025bp-17, 
-0x1.bfd1b40387a4ap-19, 0x1.58de11480e05bp-13, 0x1.9192825dc11d6p-15, 
