structure(c(0.078536808445461806, 0.018029177370348287, -0.042505974426807092, 
0.0092465764591910179, -0.014424531847919043, 0.014250062394247684, 
-0.018077403494644463, 0.039536672434734202, 0.0060821872653136913, 
0.014750283801390677, -0.049752763280525948, 0.014836422564922822, 
-0.018619606341637972, -0.01537361828502585, -0.011982896457391043, 
0.028459369884921999, -0.00029705466090967122, 0.029939921062077081, 
0.13369424850547598, -0.061160034919459837, 0.018994416312622879, 
0.0037426702067143553, -0.0084430741437433073, -0.00041528969252960284, 
0.018029177370348291, -0.023080560047228561, -0.026851996000048658, 
0.0050845947403676678, -0.021660082210547254, 0.0033786324751374792, 
0.0060826475898771879, -0.002895051417109724, 0.026788001392612344, 
-0.017473227966920486, -0.0042699370725426565, 0.0037755836576069371, 
-0.015276704715117653, -0.01660007800999987, -0.014489980420046598, 
-0.0011956078181318435, -0.0035558906100142144, -0.0027624262595579126, 
0.0050373262144089177, 0.01370278162346476, 0.00019301356219746392, 
-0.0051311811409976505, -0.010935538392656537, 0.004057918424490453, 
-0.042505974426807092, -0.026851996000048658, 0.0017117548278509497, 
-0.016275766757532686, -0.0034557473913803417, -0.0012501645626729287, 
-0.0015590147044315362, 0.0038901097044172113, -0.018285751692695872, 
-0.014039883502284592, -0.034614958140857993, -0.00076582638276025117, 
0.00070323886622052295, -0.0035274549435648098, -0.0035650178231978608, 
-0.0015602888221677462, -0.0005860414059565553, -0.0053770144096945164, 
0.11312719094734895, -0.076294644786623692, -0.011854880298479227, 
-0.0026879964417270319, 0.0012768409883188027, 4.23032262104409e-05, 
0.0092465764591910179, 0.0050845947403676687, -0.016275766757532686, 
0.022086617172797245, -0.010575058079937095, 0.00016246876597144616, 
-4.5222513380184279e-05, 0.0018857034235463387, 0.021812523269337535, 
0.0054202603127034522, 0.0042935639911721108, 0.010140607090797686, 
-0.0084114532792086798, -0.0047971702830473953, 0.0028407047148084601, 
-0.0015388138295606452, 0.0063844664770902164, 0.0045843920785718483, 
-0.033972820081903672, 0.071212986401096981, 0.0037822605291708109, 
-0.0072409778659063275, 0.0028874213919372273, -0.0099416608221603881, 
-0.014424531847919045, -0.021660082210547254, -0.0034557473913803417, 
-0.010575058079937093, 0.017366777207445273, 0.012031677152375162, 
-0.0028234816988438136, 0.0066087365111035272, 0.037819987895285657, 
-0.0094091531398248114, -0.0089187780102918911, 0.0030792801961172342, 
-0.011434964445729886, -0.0096054977945025533, 0.008101710758562912, 
-0.0058623060091164822, 0.0052612736580053875, 0.0091809950737545519, 
0.12953564492038916, -0.055104309972292161, -0.0027775180162094475, 
-0.0079406650220177951, -0.003063325349000359, -0.012939815249272709, 
0.014250062394247682, 0.0033786324751374792, -0.0012501645626729287, 
0.00016246876597144616, 0.01203167715237516, 0.0053070304316282426, 
-0.0045778380184309502, 0.0080394914721203768, -0.012503628092743366, 
0.010184486313551913, -0.0063395309996500645, 0.010372731616342157, 
0.0018107331478909056, -0.0014747488407447541, -0.0012152492319174497, 
-0.0017020641247960037, -0.0039435428033038639, 0.0019243525637628474, 
0.013697530325124337, 0.025107082150830268, -0.0019402544408974754, 
-0.0079203750777832819, -0.00040044135247769674, -0.002471112820639226, 
-0.018077403494644463, 0.0060826475898771879, -0.0015590147044315362, 
-4.5222513380184279e-05, -0.0028234816988438136, -0.0045778380184309502, 
-0.0090005150182626142, -0.0057284346912681574, -0.0022197958363701421, 
-0.0089082302202764495, -0.0025046326766085098, -0.0055981613842189751, 
-0.0011799555477070946, 0.0024176533776071418, 0.0009335298954373651, 
-0.0080220457477617677, -0.0016082066293468407, -0.0023938965522958618, 
0.0010339563369660984, 0.012659717364557198, 0.0059241837530663918, 
0.00090922045226550095, 0.00025916763155810804, 0.00032999520661557532, 
0.039536672434734202, -0.002895051417109724, 0.0038901097044172113, 
0.0018857034235463385, 0.0066087365111035272, 0.0080394914721203768, 
-0.0057284346912681566, 0.012194274795269021, 0.003624228941657735, 
0.0016003450410681092, -0.012856632490597096, 0.012105735025974982, 
-0.0037756998559751414, -0.00528323918847921, -0.0058614571762517957, 
0.0054393012195674785, 0.0065567581880896474, 0.00071480479783993071, 
0.052927289046531122, -0.010302913862620599, 0.0010977608360376598, 
-0.0027988528258151768, 0.0054418308503611209, 0.0026837586401830251, 
0.0060821872653136913, 0.026788001392612344, -0.018285751692695872, 
0.021812523269337532, 0.037819987895285664, -0.012503628092743366, 
-0.0022197958363701421, 0.003624228941657735, 0.05824559557368196, 
-0.029100052918691607, -0.024483564137144056, 0.0096921601264490145, 
-0.0018653460685758426, -0.014928611422676626, -0.0045654181460706988, 
-0.0026764028021797632, -0.016694319631151186, -0.012541211145752941, 
0.051773666564305008, -0.036907932544980801, -0.023558838309588236, 
-0.012746898563020215, -0.017847730956189665, 0.0001977923965346384, 
0.014750283801390679, -0.017473227966920489, -0.014039883502284592, 
0.0054202603127034522, -0.0094091531398248114, 0.010184486313551913, 
-0.0089082302202764495, 0.0016003450410681092, -0.02910005291869161, 
0.050211153487151217, 0.010463475796187463, 0.0076907688909244303, 
0.0077964052062086181, 0.0081218899790973433, 0.0012944498263913165, 
0.00085932468886493305, 0.012515838359381111, -0.00095970203484185238, 
0.042883028484745712, 0.002285703543149479, 0.0099534034451641759, 
0.010756233350125603, 0.0030323080143906463, -0.0054227670760713378, 
-0.049752763280525948, -0.0042699370725426565, -0.034614958140857993, 
0.0042935639911721108, -0.0089187780102918911, -0.0063395309996500645, 
-0.0025046326766085098, -0.012856632490597096, -0.024483564137144056, 
0.010463475796187463, -0.015659817264737655, -0.0046211873536518133, 
-0.0070225223496274344, -0.0079070066477385272, -0.033428350173147138, 
0.015607455333125212, -0.0007782975760634521, -0.0007515781315337685, 
0.072558042660383515, -0.013865032663246429, -0.0052495300654500756, 
-0.0058365868595030733, -0.0061735098116274117, -0.011991181091769183, 
0.01483642256492282, 0.0037755836576069371, -0.00076582638276025117, 
0.010140607090797686, 0.0030792801961172338, 0.010372731616342157, 
-0.005598161384218976, 0.012105735025974982, 0.0096921601264490145, 
0.0076907688909244312, -0.0046211873536518124, 3.7050294192874366e-05, 
0.001203136493698391, -0.0021871884308284134, -0.0041035225101605077, 
0.0086580132443579393, 0.0077502555017075255, 0.011986304121290143, 
0.0012220496549517424, 0.048780857002610728, -0.0023773700613503681, 
-0.0022901141094391095, -0.0018514790935628138, -0.0098046018975625395, 
-0.018619606341637972, -0.015276704715117653, 0.00070323886622052295, 
-0.0084114532792086798, -0.011434964445729888, 0.0018107331478909058, 
-0.0011799555477070946, -0.003775699855975141, -0.0018653460685758426, 
0.0077964052062086181, -0.0070225223496274344, 0.001203136493698391, 
-0.0033561722969089498, -0.0010163610732394543, 0.0047075227962857895, 
-0.0030617515336259895, 0.00084995382068969304, -0.0036881381930199851, 
0.028337132242632939, -0.012772680200153198, -0.004142390457353368, 
0.0030362715042961575, -0.0019192643205318226, -0.0005880927300251352, 
-0.01537361828502585, -0.01660007800999987, -0.0035274549435648098, 
-0.0047971702830473953, -0.0096054977945025551, -0.0014747488407447541, 
0.0024176533776071414, -0.0052832391884792109, -0.014928611422676626, 
0.0081218899790973416, -0.0079070066477385272, -0.0021871884308284134, 
-0.0010163610732394543, 0.00048677362952804837, 0.0027815637691630157, 
3.2013532192670941e-05, 0.0042779584525486141, -0.006581947666492876, 
0.016816207641726519, 0.0090441047327538722, -0.0021988212004912418, 
0.00098545480151439519, 0.0020330497416453566, -0.00078489719716438942, 
-0.011982896457391045, -0.014489980420046596, -0.0035650178231978608, 
