structure(c(-0.031958927096365081, -0.0128991216810361, 0.010580713380421547, 
0.016668828306357016, 0.014740563472054128, -0.0076383130448585915, 
0.031690900957242044, -0.035605920056068135, 0.041788139217492005, 
0.017493317298506967, 0.019526473124837521, 0.027604122903253425, 
-0.0054850388057162717, -0.004923242747325151, 0.0036258896785004418, 
0.0010541354127144066, -0.0010177964018464928, -0.0092239549857368961, 
-0.12220045240715487, -0.034751769229431628, 0.017158570163303018, 
0.0094734829099650357, 0.004429728238905326, -0.015927050461652426, 
-0.0128991216810361, -0.0012396314485720384, 0.022396022134170031, 
-0.01305921456266715, -0.01276219242070094, 0.0024144380294491546, 
0.0091929402556154994, -0.0046013224974305808, 0.038628392641169892, 
0.029663086898045046, -0.027686723696613798, 0.05955894921227161, 
0.0026371299611334942, 0.0066127981585578236, 0.003800918791276238, 
0.0069029912965700574, 0.0074267920977563358, 0.0097219362544364186, 
-0.043306629351478741, -0.019594376829362006, 0.01930815414216773, 
0.0047714032514556762, 0.016149731855355787, -0.0014935419838093666, 
0.010580713380421549, 0.022396022134170034, 0.013626675518986772, 
0.0016768207721445357, 0.01077681468853253, -0.00052869665076444358, 
0.0014173156168352608, 0.0035006796266146964, 0.0094569469680409711, 
-0.0041232282772036052, 0.031914834793962357, -0.0057622096895223783, 
0.0066112549537703461, 0.0018754383216764757, 0.0014627298648437256, 
-0.0038698644204445366, 0.0068027836089496526, 0.0072029955115098191, 
0.076003307227584929, 0.0021126511049761394, 0.00065587285300035866, 
-0.00091521951537109117, 0.0025145995551805952, 0.00039135536383066061, 
0.016668828306357016, -0.013059214562667152, 0.0016768207721445359, 
-0.012577772182541897, 0.0056321876250763226, 0.00076883681762974999, 
-7.2912220063827291e-05, -0.00038549461004849382, -0.011273049408332471, 
-0.0032981896757414554, -0.0091255071277006657, -0.0034954860372128521, 
0.00075801947620755415, -0.0023484196341502814, 0.0014143166233157611, 
0.00072164951758438831, -0.012919302695887721, -0.0045269916599970181, 
-0.038067453714058591, 0.022940575912817847, -0.0049551107450907725, 
-0.0073031891999293889, -0.0078226785688901689, 0.00078832400937547107, 
0.01474056347205413, -0.01276219242070094, 0.010776814688532532, 
0.0056321876250763235, 0.011554230168160333, -0.0053179485656474996, 
-0.0017921125677522135, -0.0021734609666237146, 0.016269225412017925, 
0.012528348024877189, -0.0089268083827606787, -0.010420110037673321, 
0.0060285277618679104, 0.0068550452672278975, -0.0032723522962962333, 
-0.0043675390235402168, -0.004165729528086839, 0.0082899697553507398, 
0.018470693240499544, -0.018169859348637556, 0.013296823392517157, 
0.0047192208884881317, -0.0016897593358663802, -0.0059775437035652235, 
-0.0076383130448585907, 0.0024144380294491546, -0.00052869665076444347, 
0.00076883681762974988, -0.0053179485656474996, -0.00085333757904193801, 
0.0032308036471870773, 0.0051393395776378973, -0.0052129571992502116, 
-0.017415558914488909, -0.0079686936098192548, 6.937371536352276e-05, 
-0.0020052166175191519, 0.00098729151752250071, 0.001627916667416505, 
0.0032873234004322954, 0.0032478125603963804, -0.011281397487847176, 
-0.049879478506831998, -0.024992173771977145, -0.0023619012876542945, 
0.00066769639698676633, 0.0084063967391006956, -0.0016693168219499782, 
0.031690900957242044, 0.0091929402556154994, 0.0014173156168352608, 
-7.2912220063827291e-05, -0.0017921125677522135, 0.0032308036471870769, 
4.4668488217580987e-05, 0.0066673868293754823, 0.0092911269013507825, 
0.0029731741009109245, 0.0059244601357015128, 0.0044537684485541715, 
0.0028668879268923322, 0.0043026639750479954, -0.0013911631734664872, 
-0.0033952154690672729, -0.0096456835724210554, 0.010763139832339029, 
0.016812582894261074, 0.0053435121152354452, 0.0069408585429708066, 
0.00027883225553080785, -0.00088407389209240307, -0.0061440346236831846, 
-0.035605920056068135, -0.0046013224974305817, 0.0035006796266146959, 
-0.00038549461004849382, -0.0021734609666237146, 0.0051393395776378973, 
0.0066673868293754823, 0.0035352168805471832, 0.0037565353016277983, 
-0.019509364372780589, 0.00021989453051683228, 0.00049540604044742286, 
-0.00077524770625281953, 0.001276058613522582, -0.0019666833952695735, 
0.0050296212248627271, 0.00016303534138926035, -0.0041348401087155321, 
-0.043593591602679935, 0.019442190052233348, -0.010532579851554846, 
0.0016405486438258489, 0.0021682402152950172, 0.0018402715546058347, 
0.041788139217492005, 0.038628392641169892, 0.0094569469680409711, 
-0.011273049408332471, 0.016269225412017928, -0.0052129571992502125, 
0.0092911269013507825, 0.0037565353016277983, -0.060215570673562292, 
0.011674605760654605, -0.020774895763060342, -0.00060480798982892148, 
0.0011236690800050795, -0.0060552969054271039, -0.00396806351049669, 
0.0051655952645654878, 0.012645791105355084, -0.0032710865220578682, 
-0.049166990850746037, -0.040671928825882983, -0.0020869290828691182, 
-0.010162771868072658, -0.013008047485357091, 0.00092546372984641276, 
0.017493317298506967, 0.029663086898045043, -0.0041232282772036052, 
-0.0032981896757414558, 0.012528348024877191, -0.017415558914488906, 
0.002973174100910924, -0.019509364372780589, 0.011674605760654605, 
0.0060228638312571628, 0.017209450895945128, 0.014628582048008362, 
-0.0045663501695158409, -0.012252527687972815, -0.014063635027322049, 
0.0093256323151634461, -0.0051434683150882619, -0.013561669249407505, 
-0.10695269243972848, 0.044813667550499738, -0.005158767054900806, 
-0.0053627218222183307, -0.006864911708593973, -0.0070701227112652566, 
0.019526473124837521, -0.027686723696613798, 0.031914834793962357, 
-0.0091255071277006657, -0.0089268083827606769, -0.0079686936098192565, 
0.0059244601357015137, 0.00021989453051683228, -0.020774895763060342, 
0.017209450895945128, -0.052640366841060389, -0.012247442845845908, 
0.0061963170291314809, 0.0054705323160064876, 0.015559936304111897, 
0.0029561815451462931, 0.0041775399515940398, 0.0062499522009177733, 
0.10694809390757999, -0.048580387838746353, -0.0015874657321838066, 
-0.0026475792317871972, 0.0092931851167551306, 0.00233245621603428, 
0.027604122903253425, 0.059558949212271617, -0.0057622096895223783, 
-0.0034954860372128521, -0.010420110037673319, 6.937371536352276e-05, 
0.0044537684485541724, 0.00049540604044742286, -0.00060480798982892158, 
0.014628582048008364, -0.012247442845845908, -0.01001333114086315, 
0.0045790061808504388, 0.0088439901818061772, 0.0011248200601726454, 
-0.0014336029800315752, 4.9389262230587096e-05, 0.0083654492272371896, 
-0.0044796401334207588, -0.05753648497333988, 0.0082814759249117131, 
0.0043779192722308534, 0.0096367379419704559, 0.0077330588857859811, 
-0.0054850388057162717, 0.0026371299611334942, 0.0066112549537703461, 
0.00075801947620755404, 0.0060285277618679104, -0.0020052166175191519, 
0.0028668879268923322, -0.00077524770625281964, 0.0011236690800050797, 
-0.00456635016951584, 0.0061963170291314809, 0.004579006180850438, 
0.0052916731400541317, 0.0032194871741114618, -9.7760505691747224e-05, 
0.0019939321040793991, -0.0036827409178797235, 0.0014799024974847515, 
0.033011669672427406, -0.020762876475156174, 0.0032598930224704559, 
-0.00231358750924348, 0.0011262158806397574, -0.00059626341566858677, 
-0.004923242747325151, 0.0066127981585578236, 0.0018754383216764757, 
-0.0023484196341502809, 0.0068550452672278966, 0.00098729151752250093, 
0.0043026639750479954, 0.001276058613522582, -0.0060552969054271039, 
-0.012252527687972817, 0.0054705323160064868, 0.008843990181806179, 
0.0032194871741114618, 0.004293280844137058, -0.00054356344173334982, 
0.0036899891634126535, -0.0022452983535162412, 0.0030730181338107019, 
0.018300823023810777, -0.0095227402130490593, 0.0031318349387391793, 
0.00016929937446000283, 0.00055550388330483753, -0.00074195482673438578, 
0.0036258896785004414, 0.003800918791276238, 0.0014627298648437258, 
