structure(c(0.030540064182976123, -0.056378354344542969, 0.012998001128385757, 
-0.011085861089707272, -0.039742594013154255, -0.018712505756451562, 
0.01863604333896373, -0.043674794764369168, -0.052630681254637629, 
-0.032993943692798205, 0.010828986853437625, -0.019430948744856655, 
-0.023566719107657695, -0.022908384637208911, -0.016260317876840076, 
-0.0010422208049990788, -0.011407517349342798, -0.033999572436476694, 
0.023326382169199862, 0.14638094617109845, -0.026495621827072043, 
-0.041421922781620275, -0.0040943005827397483, -0.023862139476571891, 
-0.056378354344542969, -0.041914371290088438, 0.028506050879550177, 
-0.017510673332313677, -0.033485895885918743, -0.02110798919121672, 
0.012639276167158698, 0.003218023777316338, -0.030393164146247254, 
0.032251486958468752, 0.068164558333531231, 0.046433250385328605, 
-0.0060257783634405267, -0.009842448759434054, -0.022490836407187697, 
0.01326661114468052, -0.017528594187665562, 0.01863893638813598, 
0.032491084145588822, 0.060622484520157033, -0.0012932779992149933, 
-0.01380676408451212, 0.0052108152753350808, 0.00017698193306593321, 
0.012998001128385755, 0.028506050879550177, 0.004259552832596384, 
0.010162313679838702, 0.017901991965184008, 0.0069675630312979178, 
-0.0021199044821963303, -0.0092124265065736434, -0.012595690040907033, 
0.013122338762442528, -0.0091015490943883726, -0.0043081990430317478, 
0.003200807642733347, 0.0050889690321835905, -0.0079613021897024048, 
0.0053044807786127302, -0.0079637988995012472, -0.0001895742535280693, 
-0.048343398686183134, 0.007893329540359182, 0.00052604045593637066, 
-0.0039116548774851233, -0.012235271353523293, -0.0029576482943607487, 
-0.01108586108970727, -0.017510673332313681, 0.010162313679838704, 
0.00020158329795555584, 0.010738591956453655, -0.00034441563861266599, 
0.0020448766201794895, -0.0032665419458112058, -0.036991855452017317, 
-0.0048838273589043302, -0.011266794820779113, -0.00028473912778597863, 
-0.0025853217868437315, 0.0012005593254352507, -0.002571697148501262, 
0.0063147104746736184, 0.011102969371475166, -0.0052874671904277019, 
0.0094251349465742078, -0.075785528251185702, 0.005033203271790119, 
0.016754156515661266, 0.0067606121244114317, -0.00100901538605794, 
-0.039742594013154255, -0.033485895885918743, 0.017901991965184008, 
0.010738591956453655, -0.02035207179061679, 0.0038692107650276325, 
-0.011213302545608773, 0.0031367328111599354, 0.0097292964437282626, 
0.01052718625909008, 0.0016822044124544921, 0.0076395088409879032, 
0.0023747234620084081, 0.0030395867084020123, 0.0010939355405588525, 
0.0052633390681614328, 0.0025927431861668859, 0.013937753545666421, 
0.069497863602217852, -0.017695244641334266, -0.012401270894237724, 
-0.00041648260320034072, -0.0022698593902299967, 0.0046708598388195367, 
-0.018712505756451562, -0.02110798919121672, 0.0069675630312979178, 
-0.00034441563861266594, 0.0038692107650276329, -0.0023189733551512749, 
0.0057859239846156478, 0.0019093841889428319, -0.019076449161912028, 
-0.0043438107823411268, -0.027579355632046169, -0.00043667699447108653, 
-0.00052300682659071548, -0.00054040709586851237, -0.0090635448495585361, 
-0.00079097722609735481, -0.00037859754035935768, -0.0085498215686002042, 
0.015828460566116424, -0.073540175226944338, -0.0047988169526502686, 
-0.005888011774905862, 0.0026595107153778025, -0.01032111850081353, 
0.01863604333896373, 0.0126392761671587, -0.0021199044821963303, 
0.0020448766201794891, -0.011213302545608771, 0.0057859239846156478, 
-0.0031076778076200647, 0.0026394930072663101, 0.0028667834677317686, 
0.013220858083249298, 0.0071902951989031962, -0.0062890113228644953, 
-0.0015028247430520468, 0.0057546891759948137, 0.0051103895040951267, 
0.0035742891810716408, -0.0046194522223299986, 0.002830907215050432, 
-0.029856115515480595, 0.019613532613125723, -0.00013674221282635929, 
0.0034648699630401313, 0.00676774550607617, -0.002245605750606729, 
-0.043674794764369168, 0.003218023777316338, -0.0092124265065736417, 
-0.0032665419458112058, 0.0031367328111599354, 0.0019093841889428315, 
0.0026394930072663101, 0.010117410135730554, -0.014470812712629696, 
0.00035237660860972284, -0.019253607685097606, -0.004639456479880749, 
-0.012510639162963487, -0.00068038494888477709, -0.0025557587821440362, 
0.011717955353913566, -0.0075188440271271263, 0.01252520429585288, 
0.029597796736449175, -0.043303513865174587, 0.0052280917717399825, 
0.0019071992221574375, -0.0022629726266284052, -0.006393217069085526, 
-0.052630681254637629, -0.030393164146247254, -0.012595690040907031, 
-0.036991855452017317, 0.0097292964437282609, -0.019076449161912028, 
0.0028667834677317686, -0.014470812712629696, -0.094547515208121852, 
-0.047973435648528177, 0.011389540821826635, -0.013839100562673753, 
-0.0066573912569484186, 0.0077049398798207528, -0.019390184487524068, 
0.0096482466317921785, -0.010410959374375962, -0.007880445285840549, 
-0.013700162665890766, 0.13379482807680626, -0.01152792503772752, 
-0.002259014220626126, 0.004494589936359465, 0.011365658292664983, 
-0.032993943692798212, 0.032251486958468752, 0.013122338762442528, 
-0.0048838273589043302, 0.01052718625909008, -0.0043438107823411268, 
0.013220858083249298, 0.00035237660860972284, -0.047973435648528177, 
0.018631918313248688, 0.0089643058127285083, -0.024513484841114402, 
0.014433535572978596, 0.0062349468197710287, 0.0030444222122990791, 
-0.0014277233210442772, -0.0046010698359413849, -0.007154260729382563, 
-0.066986173898875942, 0.045581539582433814, 0.00012292425459838193, 
-0.0016206722046739331, -0.0011421849055301882, 0.0055549025932680159, 
0.010828986853437623, 0.068164558333531217, -0.0091015490943883726, 
-0.011266794820779113, 0.0016822044124544919, -0.027579355632046169, 
0.0071902951989031962, -0.019253607685097606, 0.011389540821826635, 
0.0089643058127285066, 0.00032780870467034922, 0.010925645473195857, 
-0.00086003006666387377, 0.0035414812297253867, 0.009397436673336243, 
-0.0038319452617973614, 0.0029213039011985673, 0.0050872262422354498, 
-0.0037468537513191858, 0.017136131556814906, -0.023751482166262605, 
-0.0016277573708400623, 0.0090349843584404173, -0.021143534373723512, 
-0.019430948744856655, 0.046433250385328605, -0.0043081990430317478, 
-0.00028473912778597863, 0.0076395088409879032, -0.00043667699447108653, 
-0.0062890113228644953, -0.004639456479880749, -0.013839100562673755, 
-0.024513484841114402, 0.010925645473195855, 0.0021841609439912069, 
0.0050457873458143298, 0.0097883915732676977, 0.0025650258774979019, 
0.0043983183188482612, -0.00032952202116218995, -0.00031807044134912722, 
-0.001636784900398611, -0.057410616124320482, -0.0048390125924871671, 
-0.00012746173402343469, -0.0043185454659207942, 0.0066958803460552335, 
-0.023566719107657695, -0.0060257783634405267, 0.003200807642733347, 
-0.0025853217868437315, 0.0023747234620084081, -0.00052300682659071548, 
-0.0015028247430520468, -0.012510639162963485, -0.0066573912569484195, 
0.014433535572978596, -0.00086003006666387377, 0.0050457873458143289, 
0.0010744420892082368, 0.0028265504280559108, -0.00090924557657124803, 
0.0028732046826761477, -0.00034199432705311439, -0.00089666175324989007, 
0.0096857042857814695, 0.020615659807079963, 0.0046496434792884242, 
0.0034360955364006367, 0.00040273504560827978, 0.00083376702646628296, 
-0.022908384637208911, -0.0098424487594340523, 0.0050889690321835905, 
0.0012005593254352507, 0.0030395867084020123, -0.00054040709586851237, 
0.0057546891759948128, -0.00068038494888477709, 0.0077049398798207528, 
0.0062349468197710287, 0.0035414812297253867, 0.0097883915732676959, 
0.0028265504280559103, 0.0049209254696862305, 0.00029213392263494731, 
0.0020324221856919283, -0.0017956089256792539, 0.00070760285016136187, 
0.020134724471958413, -0.01118973582860318, 0.00026290425442157111, 
0.003735746951327158, -0.0025758366770426326, 0.0030120526965461015, 
-0.016260317876840076, -0.022490836407187697, -0.0079613021897024048, 
