structure(c(0.082808853184884484, 0.073311692488039579, -0.018637149221436833, 
-0.0022253262444930375, 0.011248573318193093, -0.015295071079932894, 
-0.0072077567266938892, 0.024808950126248997, 0.023551575393261626, 
0.00177125884892007, 0.00487777244440894, 0.007767640787415416, 
0.0077451763841422964, 0.00056126966347361772, -0.00013968968102537739, 
-0.0031395519072937349, 0.0023601754052672611, 0.017269661834240384, 
-0.1255124547636581, -0.048173852725313007, -0.04286263895403903, 
-0.021440006900658795, -0.013625885136454602, 0.018066166297726477, 
0.073311692488039579, 0.057887785030387995, -0.046533482280301547, 
0.049174574993412733, -0.0019973896360738121, -0.013021409823092028, 
0.010406827459536796, 0.017111045463680738, -0.028445901544663307, 
0.00088512219672025577, -0.0002358381066858055, -0.0039298888719924898, 
0.0044258031640384303, -0.0031923149399446953, -0.02843175291138355, 
0.0070932111678150339, 0.009443251066187824, -0.0065232268551731892, 
-0.067865965290269073, 0.027574208789689907, 0.012012152118986825, 
-0.0017957427761800997, 0.0072493506536638859, -0.015541070675196278, 
-0.018637149221436836, -0.04653348228030154, 0.0070210818140936347, 
-0.010689889467165441, 0.0088913969079042303, -0.00091724269234364495, 
0.0073986437576062103, -0.014023724273267577, 0.021590571116047369, 
-0.0070209581756396685, -0.0093939434099734043, -0.016060886363300782, 
-0.019311189606982335, -0.012360561931950804, -0.0066430811538145569, 
0.0031306837526390557, -0.0050446841834818328, 0.0049555702930196427, 
0.0015298855320051553, -0.045462376932052094, 0.0032817340810320315, 
0.0080917898551458086, -0.0087988262529001271, -0.0074017194645353765, 
-0.0022253262444930375, 0.049174574993412733, -0.010689889467165443, 
0.040133683633528282, 0.0014649922564220117, -0.0064566306205591211, 
-0.0028372967904023568, -0.0025749863823635666, 0.0017037674661046903, 
-0.008171833056964244, -0.012248155471549938, -0.00088063391625437556, 
0.0082939719141973348, 0.0050561300860890038, 0.0033436959161753008, 
0.0011208117663485965, 0.0081545117057957913, -0.0091289650107382794, 
-0.0012907214810613645, -0.054901562801327637, 0.0075774177864556111, 
-0.012886534826249086, -0.002563122965356243, -0.0017189899820107943, 
0.011248573318193095, -0.0019973896360738117, 0.008891396907904232, 
0.0014649922564220117, 0.013351594361890885, -0.011749281052581174, 
0.016120375263239128, 0.0054565495816440617, -0.0090701643555377402, 
0.011830583540765004, 0.029268713560618616, 0.01382137594996807, 
-0.0038600519391153308, 0.001228917938510949, 0.0030714771368172658, 
0.011472496806137019, 0.017685906471973246, 0.013685547368731383, 
-0.019778283643964108, 0.059898140511192632, 0.017083415682753216, 
0.011308799131992803, 0.015238103934594413, -0.001311298362387312, 
-0.015295071079932896, -0.013021409823092028, -0.00091724269234364495, 
-0.006456630620559122, -0.011749281052581174, 0.0060354397510888535, 
-0.0028504759677357053, -0.0079925703364555362, -0.028295302873563209, 
0.00062146959173362568, -0.045540253857806065, 0.0090689869199448003, 
0.0012676755773593442, 0.0048471318875495844, 0.00030408136715801188, 
-0.0057068176292856022, 0.0060830788971512955, -0.0080517768985169033, 
0.11261262187814473, 0.044148686467316511, 0.014180601466579471, 
0.0036002216285169124, 0.0082695561525362726, 0.0054453393025051177, 
-0.0072077567266938892, 0.010406827459536798, 0.0073986437576062112, 
-0.0028372967904023568, 0.016120375263239128, -0.0028504759677357053, 
0.0071703371703924915, -0.0088457060746679004, -0.0019287278957532243, 
0.0046897058198058792, -0.011166131318781731, 0.0028019275978204894, 
-0.0057839301909055462, -0.0011123157118700362, 0.00066426802016622761, 
0.010900094282521497, 0.010083899761915267, -0.01264477516091723, 
-0.0011376894420670818, 0.0093180382761097018, -0.0046415922330923006, 
0.0086684882136858557, -0.00087440996977907511, 0.010966466298710278, 
0.024808950126248994, 0.017111045463680735, -0.014023724273267577, 
-0.0025749863823635671, 0.0054565495816440617, -0.0079925703364555362, 
-0.0088457060746679004, -0.011093004764388063, -0.0031120633242943401, 
-0.0037595709669748646, -0.015072320652671962, -0.0049294884195266436, 
-3.8086369215216222e-05, -0.0031640993278705971, 0.0023673370926925157, 
-0.003287109383234899, 0.0044636097032114295, -0.00016840467612884517, 
0.089468828807016745, -0.024450407288401133, 0.0061035990170134231, 
0.0031075064269127568, -0.0043844126179635847, -0.0011329902021003295, 
0.023551575393261623, -0.028445901544663303, 0.021590571116047372, 
0.0017037674661046903, -0.0090701643555377402, -0.028295302873563209, 
-0.0019287278957532243, -0.0031120633242943401, 0.041155993490075052, 
0.0085217841530054253, -0.01823642770479747, 0.036293069208782731, 
0.014513365235163066, 0.027475560628956241, -0.0084438757939795678, 
0.0070582529325012881, 0.020231930002537521, 0.020106135897745982, 
-0.043958589615037846, 0.034210868880990591, 0.015360770778791345, 
0.022813661641268718, 0.030799888501594784, 0.018051209065594608, 
0.0017712588489200698, 0.00088512219672025566, -0.0070209581756396685, 
-0.008171833056964244, 0.011830583540765004, 0.00062146959173362568, 
0.0046897058198058792, -0.0037595709669748646, 0.0085217841530054253, 
0.0055131987522079196, -0.052355609091794597, 0.0010076793918005408, 
0.011086663104549303, 0.0071358224547798665, 0.0070630739861935856, 
-0.0039889228306478584, 0.0025455296706816404, 0.0085944217232312541, 
0.095449131589979572, 0.016267444193489293, 0.0013277997408809648, 
0.0090446720770105647, -0.0033065342256702783, 0.0073578621153935512, 
0.00487777244440894, -0.0002358381066858055, -0.0093939434099734043, 
-0.01224815547154994, 0.029268713560618616, -0.045540253857806058, 
-0.011166131318781731, -0.015072320652671962, -0.018236427704797466, 
-0.052355609091794597, 0.020280331049330472, 0.012569851942773861, 
-0.014987498781681586, -0.013122187257262311, 0.0106270071878499, 
-0.0020576098448515812, 0.0095915026339339331, 0.00075220717473941615, 
-0.002357473310929308, 0.15028941062294127, 0.015385719848031703, 
0.0089444685842347792, 0.021308591793823668, 0.012088630228160611, 
0.0077676407874154169, -0.0039298888719924898, -0.016060886363300782, 
-0.00088063391625437545, 0.013821375949968072, 0.0090689869199448003, 
0.0028019275978204889, -0.0049294884195266444, 0.036293069208782738, 
0.0010076793918005408, 0.012569851942773862, -0.0021538072575872178, 
-0.0035295899481398844, -0.0024712587668708386, 0.0017432649405780096, 
0.00075555505968250209, 0.007348753154021016, 0.0073477527485239216, 
-0.02100773615336117, 0.01572373884167862, 0.0054967014192673575, 
-0.00075449991296149389, -0.0055103206079078265, -0.014021300943038854, 
0.0077451763841422964, 0.0044258031640384303, -0.019311189606982335, 
0.0082939719141973348, -0.0038600519391153308, 0.0012676755773593444, 
-0.0057839301909055462, -3.8086369215216222e-05, 0.014513365235163066, 
0.011086663104549303, -0.014987498781681586, -0.0035295899481398844, 
-0.003497332526614634, -0.0025478214297166286, -0.005174801566795402, 
-0.0018357204479376747, 0.0026755773716987956, -0.0034062533534249665, 
-0.015570122177315729, 0.0342572856412992, -0.00639150231978364, 
0.0044528191490013826, 0.00025831760071889871, 0.00031697236143853822, 
0.00056126966347361772, -0.0031923149399446953, -0.012360561931950804, 
0.0050561300860890029, 0.0012289179385109488, 0.0048471318875495852, 
-0.0011123157118700362, -0.0031640993278705971, 0.027475560628956241, 
0.0071358224547798674, -0.013122187257262311, -0.0024712587668708386, 
-0.0025478214297166286, 0.0012012763676608079, -0.0048507018786312006, 
-0.0017830238595848481, 0.0025277301696401294, -0.0015687988028679173, 
0.010833524676855175, 0.018752050099488497, -0.0016705907051814317, 
0.0016986058577932509, -0.0035665390708152895, 0.0010969155254850419, 
-0.00013968968102537736, -0.02843175291138355, -0.0066430811538145578, 
