structure(c(-0.18635718739681606, -0.10561215946124221, 0.059348807453711711, 
0.0042478727300284879, 0.012080418692087449, 0.047296578848321384, 
0.018721677858929323, 0.049663272946755176, -0.14069921670428034, 
-0.018198049468408587, -0.14023053679733544, 0.058028110656917653, 
0.037456486353649829, 0.015690127358040633, 0.014617053420442195, 
0.0070581134715025189, 0.02405463998289464, -0.0068390037747718757, 
-0.12198471910250024, -0.13650321788491415, 0.010257167071636767, 
-0.011112210352133181, 0.028087857982695343, 0.0014030718827546746, 
-0.10561215946124221, -0.056721091296869613, 0.0071907418478371361, 
-0.0039852015704838293, -0.067676861616814979, 0.024397128383773472, 
-0.013142179545861537, 0.042549041696255979, -0.033197319797447007, 
-0.023606931413262294, -0.02163993000514304, -0.017041861436740649, 
0.019983080069114586, 0.016912541338744914, 0.021769248084296373, 
0.018705928141936598, 0.0087039231261267676, -0.031028156781626234, 
-0.083605807783696195, -0.05979566825242575, 0.015806596765591839, 
0.028260506345950551, 0.001619503272137991, 0.024833601889755377, 
0.059348807453711711, 0.0071907418478371361, 0.0059649119657925751, 
-0.0072168095510104424, 0.0043767935829314665, -0.032265189468281122, 
-0.0090709779379025413, 0.0063927772488978993, -0.026541794275496796, 
-0.0019498540437757228, 0.039518081302043193, 0.0025150804205520236, 
-0.004978542575230822, -0.0076396296266413727, 0.00032623243159153972, 
-0.01067368050589429, -0.026666373983329231, 0.0032341377297617855, 
0.031836700025660254, 0.027609983524708667, -0.012778557239259629, 
-0.0084675003621178472, -0.008425371433305821, 0.00013443397112243227, 
0.0042478727300284879, -0.0039852015704838293, -0.0072168095510104424, 
0.031367627494933777, 0.019186459981908259, 0.0067473802004348457, 
-0.0071753116664805506, 0.033289546103561468, 0.066035337272258327, 
0.016231855411867863, 0.041539116356587434, 0.017336261143818008, 
0.0044881974077240587, 0.0028844319643013482, -0.004146196471586313, 
0.021538537409462294, 0.015751736488181216, 0.0097682826143239282, 
-0.15402962234611114, 0.009882359025550189, -0.0050412292760222514, 
0.015429775151024384, 0.016961291154478947, -0.0013479300609246388, 
0.012080418692087449, -0.067676861616814993, 0.0043767935829314665, 
0.019186459981908256, -0.0081309720408276522, 0.023792752537000098, 
-0.0017372870275441227, 0.019117422754853834, -0.034762716830913941, 
-0.020163113839826614, -0.010450664558638462, -0.024749661560997401, 
0.011022218551427095, 0.009854573674333577, -0.0081895293068663805, 
0.015863497203384393, -0.018129961644805428, -0.0023940457563851754, 
0.044041270258620625, 0.054866603728057829, 0.0054708061358296027, 
-0.010751477915969984, -0.0086770758188686441, 0.011143384442459815, 
0.047296578848321377, 0.024397128383773475, -0.032265189468281122, 
0.0067473802004348457, 0.023792752537000101, -0.0051029067145514041, 
0.008166783817952817, -0.0062565758955526818, 0.020485231344196362, 
0.02295396171447911, -0.030994760628118831, 0.017597945094791286, 
-0.0048726394676714014, -0.0081527524936117479, 0.0059208373242750998, 
-0.0070721646644277929, 0.006321175922751384, 0.00074468170513356706, 
-0.014374377654651768, -0.029540264400619774, 0.010893384558629522, 
-0.0027327720372909191, -0.0032425312765703767, -0.0041502045820563903, 
0.018721677858929323, -0.013142179545861537, -0.0090709779379025395, 
-0.0071753116664805515, -0.0017372870275441227, 0.008166783817952817, 
0.016893288045898056, 0.0063298292953340926, -0.019371743287850626, 
-0.0061607978028076866, 0.0052250857478401726, -0.0072466045503821958, 
-0.0028307542742940176, 0.0054563732748674452, 0.0080071021439020069, 
0.0091551411997338166, -0.0082560306911718933, 0.009353018694283146, 
0.054124501489753424, 0.047803904144233578, 0.017261564474673207, 
0.0043597664666925658, 0.009297196753015248, -0.0056070522614611795, 
0.049663272946755169, 0.042549041696255979, 0.0063927772488979002, 
0.033289546103561468, 0.019117422754853831, -0.0062565758955526818, 
0.0063298292953340917, -0.016130597305251071, 0.0058270634196779395, 
-0.016955273162868587, -0.001042795782244383, 0.0047660643625551686, 
0.0026175677999221315, -0.0023550388986698641, 0.0067402309375084058, 
-0.011472938755981255, -0.0079943675695459404, -0.0048743204471172292, 
0.062227173581399363, 0.0028806900468239336, 0.0074071010463519996, 
-0.0070813045407218649, -0.0017781188582439568, 0.0020473893642771399, 
-0.14069921670428032, -0.033197319797447, -0.026541794275496793, 
0.066035337272258327, -0.034762716830913941, 0.020485231344196362, 
-0.019371743287850626, 0.0058270634196779404, -0.075475608753781134, 
-0.043976559238922359, -0.1661468698463654, 0.0036572382273875187, 
-0.00094828390383961932, 0.0059157821455285515, 0.015399086905245158, 
-0.03728521878995774, 0.0011942030892609738, -0.00038090129330301328, 
-0.12163567142970252, 0.026864600645344142, 0.011654565245954722, 
0.0016323825906981169, 0.017727059961723694, -0.0049386903065329786, 
-0.018198049468408591, -0.023606931413262294, -0.0019498540437757231, 
0.016231855411867863, -0.020163113839826614, 0.022953961714479113, 
-0.0061607978028076875, -0.016955273162868587, -0.043976559238922359, 
0.012231568654427288, 0.036165533060238883, -0.0039560752464307229, 
0.00014013022836331814, 0.0030535632475988113, -0.0050672005333663138, 
0.018658816816124555, 0.0071738039463981424, -0.0012915760136746526, 
-0.11857313946908532, 0.11057472879350894, -0.022369122061654312, 
0.033672668026716375, 0.016783647212503156, -0.007623360739017356, 
-0.14023053679733544, -0.02163993000514304, 0.039518081302043193, 
0.041539116356587434, -0.010450664558638462, -0.030994760628118831, 
0.0052250857478401717, -0.001042795782244383, -0.1661468698463654, 
0.036165533060238883, -0.010205129814979232, -0.01649329419539133, 
0.0062177012418413837, -0.017789856981870206, -0.017857551673290673, 
0.00017719451237401833, -0.021852768815926547, -0.0051242359193071768, 
0.034249210928806062, 0.047267344623770781, -0.015361912266023266, 
-0.021666811547603752, -0.030293750380329668, -0.013400173402237956, 
0.058028110656917646, -0.017041861436740649, 0.0025150804205520236, 
0.017336261143818012, -0.024749661560997397, 0.017597945094791286, 
-0.0072466045503821958, 0.0047660643625551695, 0.0036572382273875187, 
-0.0039560752464307221, -0.01649329419539133, 0.013760068365667247, 
0.017284953691136251, 0.0093891279974315841, 0.011642386814302257, 
0.0060120369298799856, -0.0026109970812599145, 0.0074243289220129313, 
-0.15418097121421037, -0.013706239866791391, 0.00024901386562447284, 
0.018726533382511623, 0.0063233705268406666, 0.006114740856776265, 
0.037456486353649829, 0.019983080069114586, -0.004978542575230822, 
0.0044881974077240587, 0.011022218551427094, -0.0048726394676714014, 
-0.0028307542742940172, 0.0026175677999221315, -0.00094828390383961932, 
0.00014013022836331814, 0.0062177012418413828, 0.017284953691136251, 
0.0079000617792210695, 0.0099684749036150523, 0.0022495938976134838, 
0.003562892166540434, 0.0033684625620136852, -0.0061443071953064098, 
-0.0229207728045808, -0.039455972766979208, -0.0058759306923306404, 
0.00037325000151240738, 0.007580996454684099, 0.0086393922658736886, 
0.015690127358040633, 0.016912541338744914, -0.0076396296266413727, 
0.0028844319643013478, 0.0098545736743335787, -0.0081527524936117497, 
0.0054563732748674444, -0.0023550388986698636, 0.0059157821455285524, 
0.0030535632475988113, -0.017789856981870206, 0.0093891279974315841, 
0.009968474903615054, 0.016270622296719588, 0.00031614667479945411, 
0.014851915440035704, 0.0035058636382080161, -0.001922166347142984, 
-0.03149424743415298, -0.060511497357306071, 0.0015531910888169818, 
-0.00030609305349228163, 0.0097263564224326828, 0.0087581524415362086, 
0.014617053420442196, 0.021769248084296377, 0.00032623243159153972, 
-0.004146196471586313, -0.0081895293068663805, 0.0059208373242750998, 
0.0080071021439020052, 0.0067402309375084067, 0.015399086905245156, 
