structure(c(2.2874549446372781, 1.0662725521503504, -0.69077776035003335, 
-0.5890835919969063, 0.54546709825257622, -0.83664668442084533, 
0.23571192911588415, -0.32603060049524196, 3.3308625193676735, 
1.0618990113527265, 2.6708284555007786, -0.63241379804042408, 
-0.34411589254318997, -0.45550779686571691, -0.53638446251479743, 
0.034765729386533162, -0.18069697976862495, -0.22735758649732349, 
-7.6479010973485693, 1.0212720801823623, -0.46009704372371862, 
0.23658517129768938, -0.34327474976436728, 0.17011759059299844, 
1.0662725521503504, 1.4589122801775958, -0.51548221689515317, 
-0.069325940546624609, 0.25172779439755877, -0.46717653373639773, 
-0.21026069039630049, -0.30776961409654774, 2.3135503280440459, 
0.27844949580935119, 1.2085840002212584, -0.036232287707209272, 
-0.20554240295554657, -0.16925700173060312, -0.43837420312359199, 
0.25282742865196517, -0.069532411650815987, 0.11717052524914021, 
-3.3882555798516023, -1.3023372536825801, -0.29839759997820459, 
-0.13030269458744509, 0.44272969227465248, -0.063370475688962064, 
-0.69077776035003347, -0.51548221689515317, -0.57302369341412407, 
0.15204908632834443, -0.2776247893519519, 0.33603349441767982, 
0.10921139752667519, -0.10906008324052668, -0.21633021139073227, 
0.14991084385494222, -0.09237837279213304, -0.13341445080964881, 
-0.0024627730548687043, -0.025897541640227471, -0.054625679175326215, 
0.16870081158635084, 0.18935727306585054, -0.079332033805192714, 
-1.0797597550514917, 0.42940228104003864, -0.087171157538424859, 
0.038592974534870123, 0.10146134413686363, -0.0015370762013677121, 
-0.58908359199690619, -0.069325940546624609, 0.15204908632834446, 
0.018206725253619906, -0.40489262584195779, -0.052119990977044311, 
0.17423443740462274, -0.10465949024305751, -1.0452516250399611, 
-0.22353274371902049, -0.78032762861774285, 0.11181447222029732, 
-0.028650946387275663, 0.003430338029811865, -0.003027625453424462, 
-0.12854529321450597, 0.079359311140599173, 0.014839290463440296, 
0.33487592433488594, -1.0935688505845567, 0.021867699971566915, 
-0.12908620379473329, -0.16667310738344465, 0.00651286364356231, 
0.54546709825257622, 0.25172779439755877, -0.2776247893519519, 
-0.40489262584195779, -0.36652648421989636, 0.14698515405904045, 
-0.21130093457779181, 0.12790141800586555, 0.89424751520523416, 
0.13237866278110538, 0.25455180627073576, -0.4033431850220654, 
-0.13830967627511215, -0.089401235972012702, -0.13791430573888769, 
-0.022621897505827691, -0.22760235445048732, -0.027036375331425153, 
-0.89799318846322518, 0.61426185459929783, -0.29062144967326653, 
-0.13078069465352868, -0.0067723546885499119, -0.13304326233048305, 
-0.83664668442084522, -0.46717653373639778, 0.33603349441767982, 
-0.052119990977044318, 0.14698515405904045, -0.31142487171739397, 
0.050035381360809456, 0.20382982121964044, -0.76346309796919898, 
-0.26171829139118147, 0.1325964198431657, -0.09613203618413256, 
0.045608957463751813, 0.07857120890689602, -0.060315494417563113, 
0.15392636082069944, -0.017546988127800204, -0.055813662648963168, 
-0.59852820522841788, 0.10160029467761579, -0.06081241860454939, 
0.13921344525327345, 0.048731791734709054, 0.19200090951403467, 
0.23571192911588412, -0.21026069039630052, 0.10921139752667519, 
0.17423443740462274, -0.21130093457779184, 0.050035381360809456, 
-0.03021600484200964, 0.074676509287188692, -0.24151864555244981, 
0.036570214045779488, -0.23709424989460065, 0.099063850686555516, 
-0.094472537323058409, -0.12967645539821246, -0.052685572467731825, 
0.11481936928282049, 0.21055203566270186, -0.18919014414180088, 
-0.62972713836335092, 0.21795331423080716, 0.015135434465760237, 
-0.095135324402742097, 0.02900019258558716, -0.048750141056145689, 
-0.32603060049524191, -0.30776961409654768, -0.1090600832405267, 
-0.10465949024305751, 0.12790141800586555, 0.20382982121964044, 
0.074676509287188705, 0.37565096133891213, 0.17668937703813359, 
0.17429958392295031, 0.19251070983508967, 0.18452772675768386, 
0.073015799776664322, 0.014622121553042607, -0.20246521039776635, 
0.0055738237134119748, -0.11727277103132892, -0.11805968169322031, 
0.080571415359520684, -0.27169886167911278, -0.0007826404738489537, 
0.033316244695502137, -0.096724014379493337, 0.19757187305337717, 
3.3308625193676735, 2.3135503280440459, -0.21633021139073227, 
-1.0452516250399611, 0.89424751520523416, -0.76346309796919909, 
-0.24151864555244981, 0.17668937703813359, 1.3876461788583785, 
0.68166177962207786, 3.2479178759843172, -0.14413451471947758, 
-0.30131038398738413, -0.097020927371210708, -0.38058486295811372, 
0.36114814383227495, 0.27998125244868582, 0.041548073662612289, 
-1.9689288549712287, 1.7996943206772318, 0.29200946171095632, 
0.10919946948175645, 0.078070640093394844, 0.32109491155605169, 
1.0618990113527265, 0.27844949580935119, 0.14991084385494222, 
-0.22353274371902049, 0.13237866278110538, -0.26171829139118147, 
0.036570214045779488, 0.17429958392295031, 0.68166177962207786, 
-0.11469939030009967, 0.55539710845612877, -0.54348239156536293, 
0.084052653120130744, 0.053864733433128448, -0.032674163124525812, 
0.20881944207020672, 0.053247203108532364, -0.07382933620066609, 
0.092962557915511224, 0.79414742864163301, 0.016930210352097633, 
-0.14737989226126413, 0.12657524310376353, 0.24048059488720669, 
2.6708284555007791, 1.2085840002212587, -0.09237837279213304, 
-0.78032762861774274, 0.25455180627073576, 0.13259641984316572, 
-0.23709424989460062, 0.19251070983508967, 3.2479178759843168, 
0.55539710845612877, 1.8673397456410237, 0.0035555649662766761, 
-0.25810843862659161, -0.15220042253058474, 0.15179367518744202, 
-0.2831698072114896, -0.19255593361081608, -0.10914438990260665, 
-2.4031849865197557, 1.832163004573913, -0.31926831311559578, 
0.057216643478396008, -0.26809335129380241, 0.40969999527891426, 
-0.63241379804042408, -0.036232287707209272, -0.13341445080964881, 
0.11181447222029731, -0.40334318502206534, -0.096132036184132547, 
0.099063850686555516, 0.18452772675768384, -0.14413451471947758, 
-0.54348239156536293, 0.0035555649662766761, 0.030078282324627323, 
-0.11486400029934009, -0.011298620876926409, -0.023037774964700292, 
0.048853252510367075, 0.0021774002087370146, -0.072501181208773469, 
-0.39734942933746464, 0.098298146448252036, 0.005707371794767829, 
-0.033551102918868141, 0.01655417394349834, -0.063972711496452256, 
-0.34411589254318997, -0.20554240295554654, -0.0024627730548687043, 
-0.02865094638727566, -0.13830967627511215, 0.045608957463751813, 
-0.094472537323058409, 0.073015799776664322, -0.30131038398738408, 
0.084052653120130744, -0.25810843862659161, -0.11486400029934009, 
-0.093824414546109042, -0.074119212139669433, 0.079018348623961801, 
-0.011989756526541738, 0.034929198036357668, 0.035415614186004168, 
0.16086280459227992, -0.083900586324585066, 0.20875368041998638, 
0.029155725542535746, 0.020127633975647555, 0.062877161945195451, 
-0.45550779686571691, -0.1692570017306031, -0.025897541640227475, 
0.003430338029811865, -0.089401235972012688, 0.078571208906896006, 
-0.12967645539821243, 0.014622121553042607, -0.097020927371210708, 
0.053864733433128448, -0.15220042253058474, -0.011298620876926409, 
-0.074119212139669433, -0.11874998781210946, 0.030248085685060079, 
-0.070128755566213535, -0.023004660067651946, 0.012322867684958716, 
0.46938461983901952, 0.066584534572692158, 0.029322882628437699, 
0.0094275851340884093, -0.094117197619773107, 0.077204119497516085, 
-0.53638446251479743, -0.43837420312359199, -0.054625679175326215, 
-0.0030276254534244624, -0.13791430573888769, -0.060315494417563106, 
-0.052685572467731825, -0.20246521039776633, -0.38058486295811372, 
-0.032674163124525819, 0.15179367518744202, -0.023037774964700289, 
0.079018348623961815, 0.030248085685060079, -0.019297508098647217, 
0.070418364660343583, -0.030981565725731734, 0.112967394313588, 
-0.019557318253421239, 0.39007507736241159, -0.11850877865094823, 
0.011096116006087285, -0.10108785519347251, 0.021833140547665053, 
