structure(c(0.28709393731987704, 0.12595345356792437, 0.043037559807819016, 
-0.036754359309639585, 0.050160303472650047, -0.05446291985954288, 
0.0034331406359586931, 0.033605879428989037, 0.027834654002043477, 
0.084764793399131413, 0.044622285420382345, 0.011336009052207241, 
0.010351651290213008, 0.014238243513904462, -0.02114688052785443, 
-0.038445311080459843, 0.012068186089476437, -0.0006701070572500185, 
-0.12328751559531272, 0.26490637284978008, 0.017384838043289174, 
-0.034675298086217728, -0.033592772499641578, 0.00031554378378409578, 
0.12595345356792434, -0.039342274450160933, 0.017132653344029362, 
-0.037562785104436038, 0.0026454649251504542, -0.042546287814568477, 
-0.010251730080598678, -0.021403342537735816, -0.054960538099457369, 
-0.0029937516889272041, 0.0287821753450117, 0.0065273469837082909, 
0.010977407367826172, 0.0033769417646753379, 0.0015464044641317553, 
-0.01104735914138251, -0.0078328076107377163, 0.026811211434016279, 
-0.059047272566968415, -0.031117685181175057, 1.4979719998205111e-05, 
0.0070280834494962511, -0.017006042111985246, -0.0024515893049010785, 
0.043037559807819016, 0.017132653344029362, 0.017495038750910696, 
-0.02390671539957967, 0.022734765213344391, -0.0089929866967581856, 
0.0097255509872508934, 0.010496088868343613, 0.0088765715373521955, 
-0.0059078564182015077, -0.0028894719524155412, 0.02376241743268653, 
-0.0028357057953485934, -0.0082170606999235722, -0.017237780725760203, 
0.013525761012599948, -0.0065908220879254097, 0.0083274191913886384, 
-0.10167419099825165, 0.094899688284057662, -0.0081823035504434479, 
-0.0024724637940210952, 0.0013525319900612415, 0.0084450273245032497, 
-0.036754359309639585, -0.037562785104436031, -0.023906715399579673, 
0.0029593788624079089, -0.019691959586363637, -0.010514037886541202, 
0.00751702577609842, -0.0078712159488295366, -0.044611494168382768, 
0.01622887798405134, -0.0031222140117191325, -0.0087851988411737063, 
0.00018362955301604814, -0.0069356370143102246, 0.00085884171114007255, 
-0.012590007850474495, 0.0059535501523708626, -0.011293048904199453, 
-0.0044218455507606487, -0.15631984090747653, -0.019040772901584284, 
-0.0099356728967503541, -0.029437848675436671, -0.011465898699632274, 
0.050160303472650047, 0.0026454649251504538, 0.022734765213344391, 
-0.019691959586363633, -0.012910622126494889, -0.012343791571010941, 
0.01364794031522025, -0.0041020140929366603, -0.0032390341265999966, 
-0.029979498025370952, -0.038973889988015431, -0.0021578017285175939, 
0.0020161720462706714, -0.0041556040130027935, -0.0013824830969217221, 
-0.0086695697525215939, 0.0032484126717335737, -0.0026418244122615973, 
-0.13354254592872622, -0.0029306576800325074, 0.0092772722713514322, 
-0.0088451257766483781, -0.009932378302057239, -0.0039295592815620792, 
-0.05446291985954288, -0.042546287814568484, -0.0089929866967581856, 
-0.010514037886541202, -0.012343791571010943, 0.011940764445973332, 
-0.011949254666096748, -0.013707542207767001, -0.0088915241532807176, 
0.0037088656717470018, 0.041086708662675421, -0.0069721090154417345, 
1.0072606229487808e-05, -0.0042341299441634025, 0.012987363055670989, 
-0.0014487583146250307, -0.00098177958170075409, 0.0093643070988439631, 
-0.058298596065658362, -0.024537289019551541, -0.0032701854115479651, 
-0.0053409268440404653, -0.0052928065957974718, -0.00033625743538995718, 
0.0034331406359586931, -0.010251730080598678, 0.0097255509872508934, 
0.00751702577609842, 0.013647940315220252, -0.011949254666096748, 
-0.015908035390920491, -0.0043438938068703619, -0.019683438734132707, 
0.0039154709203611804, -0.0027695215254752016, -0.00058526711258975435, 
-0.0078565278165996996, -0.0094779063272519472, 0.0014213120674108576, 
-0.00076949429162677092, 0.001272713549912381, 0.00073246413046363572, 
0.07254516400242346, -0.029825531285912511, 0.0066971070653132798, 
-0.00034713431309931023, -0.00079144557074653705, -0.0040594124681089918, 
0.033605879428989037, -0.021403342537735816, 0.010496088868343611, 
-0.0078712159488295366, -0.0041020140929366612, -0.013707542207767001, 
-0.0043438938068703619, 0.018644692224457502, -0.017854879259083824, 
0.024782176315697166, -0.0074548880600365597, -0.0068812514826104834, 
0.0034693147065942569, 0.0085023934575394963, 0.0062522401131732217, 
-0.0013530003264125439, 0.0029047064880838055, -0.011000638873118307, 
0.0040258560397473985, 0.035624320207998779, 0.0042444074432150458, 
0.0022683081226355225, -0.0017140127911126864, -0.014417212999805395, 
0.02783465400204348, -0.054960538099457369, 0.0088765715373521972, 
-0.044611494168382768, -0.0032390341265999966, -0.0088915241532807193, 
-0.019683438734132707, -0.017854879259083824, 0.083660677647579867, 
-0.010208128692394949, 0.035576716838812639, -0.0024914188161097106, 
-0.0076246579794447536, 0.010737752967227657, 0.025199497418321958, 
-0.016411080035194321, -0.019120331018427403, -0.026591026933646039, 
-0.24196219046559481, -0.27434056658323552, -0.016466177746997598, 
0.0043534396835346661, -0.028089217651744023, 0.011694542439655686, 
0.084764793399131413, -0.0029937516889272041, -0.0059078564182015077, 
0.01622887798405134, -0.029979498025370949, 0.0037088656717470013, 
0.0039154709203611804, 0.024782176315697166, -0.010208128692394949, 
-0.023325710832409266, -0.00027581083823953944, -0.012017136298214033, 
-0.012308636462772273, -0.0030631655524801867, 0.015818173275768819, 
-0.011196210815569827, -0.020825461955621627, 0.0078248661569673937, 
-0.052489413429348777, 0.032606983958487101, -0.025673982832182925, 
0.0039765395596834049, 0.0043348631865589779, 0.0011887631992712562, 
0.044622285420382352, 0.0287821753450117, -0.0028894719524155412, 
-0.0031222140117191325, -0.038973889988015438, 0.041086708662675428, 
-0.0027695215254752016, -0.0074548880600365597, 0.035576716838812639, 
-0.00027581083823953944, 0.12930381845908823, -0.058963141352901566, 
-0.012837901534197612, -0.0077503512758910799, 0.0074864236854543641, 
-0.036111355050557507, 0.0076496434377578987, -0.011172239848443384, 
-0.039286750873875523, -0.14153482243149407, -0.0053157549412544778, 
-0.015406592081414787, -0.020498043395427563, 0.0066123621226884689, 
0.011336009052207243, 0.0065273469837082909, 0.02376241743268653, 
-0.0087851988411737063, -0.0021578017285175939, -0.0069721090154417345, 
-0.00058526711258975435, -0.0068812514826104834, -0.0024914188161097106, 
-0.012017136298214035, -0.058963141352901573, 0.039093632463068899, 
-0.014365779032808633, -0.009980361335186547, -0.00031878979748676162, 
-0.0021927453688714996, -0.014024221926693841, -0.014165904884017646, 
-0.02323617599178986, 0.045663348603979984, -0.010459547483384372, 
-0.0083470225541969981, -0.014540763105301601, -0.0065862563718871838, 
0.010351651290213006, 0.010977407367826172, -0.0028357057953485938, 
0.00018362955301604814, 0.0020161720462706714, 1.0072606229487808e-05, 
-0.0078565278165996996, 0.0034693147065942569, -0.0076246579794447527, 
-0.012308636462772275, -0.01283790153419761, -0.014365779032808633, 
-0.0082632628915535501, -0.008390869948194029, 0.0058832129386671358, 
-0.0017033958375293288, -0.00017070252127629525, -0.0041692943921164301, 
0.0058993502418088111, 0.038820167689289573, 0.013145112720053465, 
0.0055957242268708718, 0.0047141446896656336, 0.0055049297967131074, 
0.01423824351390446, 0.0033769417646753379, -0.0082170606999235722, 
-0.0069356370143102246, -0.0041556040130027935, -0.0042341299441634025, 
-0.0094779063272519472, 0.0085023934575394963, 0.010737752967227659, 
-0.0030631655524801867, -0.0077503512758910808, -0.0099803613351865453, 
-0.008390869948194029, -0.0095255400197893775, 0.0019281684332126405, 
-0.0082583947343472016, -0.00017704326995726926, -0.0051806599957823765, 
-0.0067706702783018793, 0.040570940072707617, 0.009250279285098759, 
0.0028841232285555301, 0.0030768056680713454, 0.0063973382280086205, 
-0.02114688052785443, 0.0015464044641317553, -0.017237780725760203, 
