structure(c(-0.10262195233195465, -0.029961049899514199, 0.0063313686345359459, 
0.014377544561443998, -0.0034999082286340153, 7.8948954449325242e-05, 
-0.032103479150017142, -0.017321957376283715, -0.016041776687855665, 
-0.022602770341302918, 0.10530807931452056, 0.003464033139502646, 
-0.011687791881897272, -0.013144478627134425, -0.0067114210191656712, 
0.0010887787218950879, -0.051754251166514213, -0.026748071806354284, 
0.14300385856372097, -0.076672050655189339, -0.01253825821630586, 
-0.0047124883298170573, 0.019307954462229632, -0.0047533855897916562, 
-0.029961049899514203, -0.079433384643081792, -0.027615680823859394, 
0.002829932199707974, -0.0059503787668614009, 0.015380579641604429, 
-0.043672631850756941, 0.028202573761538528, -0.028976903496731536, 
0.018627289386067277, 0.029660357865980633, -0.0067153088950687593, 
0.00091387147536445799, 0.0048287067775962776, -0.015784433345597149, 
0.018448023425240174, -0.0035257416664582256, -0.017147809053323183, 
0.099942819838472599, -0.0076347313665448072, 0.02758749910269356, 
-0.0075035475771346614, 0.0033220396660519529, 0.014917228451440093, 
0.0063313686345359459, -0.027615680823859394, 0.0022017115982003767, 
0.0038040938456222239, 0.013818007409448279, -0.0019632881848177181, 
-0.0032601177256187299, -0.010380588951056204, 0.0046928842001725422, 
0.0244795962241991, 0.035378947527537091, -0.0024671082664833822, 
0.0061799700813337539, 0.0011321249500524594, 0.016597258464429498, 
-0.015448354976982158, 0.0077368888928060322, 0.0044311259708740237, 
-0.025460213705510774, -0.059925079048674113, -0.0090185268069233292, 
0.0017320619075312804, -0.025697661073011545, 0.0060507885728790121, 
0.014377544561443996, 0.002829932199707974, 0.0038040938456222239, 
-0.023143885462981923, -0.012805561825591262, -0.0093095724448985021, 
-0.019458971632548203, -0.01072007049803409, 0.0090651546496052556, 
0.0025433929010025705, -0.025626094662486248, 0.0078689149764791817, 
-0.0079724884137656309, 0.0024214883673604188, -0.0069336198428689329, 
0.015232125927595817, -0.0087944677540627379, 0.0032797345277757579, 
-0.021919328094854227, 0.053767048632018463, 0.019221880153906388, 
-0.0027552345555058619, 0.018166167864609051, 0.0077405216658425046, 
-0.0034999082286340153, -0.0059503787668614009, 0.013818007409448279, 
-0.012805561825591264, -0.031282202726250624, 0.0066113365919974378, 
-0.012523436981015993, 0.0070425637984982206, -0.018186454790329366, 
0.017374292236159238, 0.036601956909099398, 0.001355517127582809, 
-0.0011680069370925059, 0.0055830338151323629, -0.0012313155633144159, 
0.034922680459188137, -0.013734275704751194, 0.0038550431341961662, 
-0.08662094768679196, 0.019855363809355191, 0.0025313723336693916, 
0.0013961951834463669, 0.0078357620831909728, 0.014400148670134318, 
7.8948954449325256e-05, 0.015380579641604429, -0.0019632881848177177, 
-0.0093095724448985003, 0.0066113365919974378, -0.017284095275923964, 
0.0055918303555249791, 0.00043117760066409879, 0.024006818412159341, 
-0.0072365237401631147, -0.0086809099869939853, 0.006243668657916172, 
-0.00082178486157475359, -0.0014010789710906049, -0.0045938734609004793, 
-0.0027116804601833963, 0.0052338355341166876, -0.0066012112310783917, 
0.12882723700659784, 0.019267073746803563, -0.0099221927096267305, 
0.0011929571101880689, 0.0090454744220835256, -0.013080996791013497, 
-0.032103479150017142, -0.043672631850756941, -0.0032601177256187299, 
-0.019458971632548203, -0.012523436981015991, 0.0055918303555249791, 
-0.0027271512002259349, 0.0077541058610159815, 0.0042319390079712084, 
0.0066906119107814736, -0.0051625221827104086, -0.0085354276542705786, 
-0.0026947049793767321, -0.0063552736048901213, -0.0035835131810829329, 
-0.010888284136458024, -0.0011305078699195812, -0.0066276772004993083, 
-0.05737286206313847, 0.035284504792610555, 0.00036458252952619542, 
-0.0027405843981743649, 0.0056406445770430082, 0.0056873055641017672, 
-0.017321957376283718, 0.028202573761538532, -0.010380588951056202, 
-0.01072007049803409, 0.0070425637984982206, 0.00043117760066409885, 
0.0077541058610159815, -0.021870474215927811, -0.013754277451643671, 
-0.0019154327998654318, 0.019702507234821982, 0.00169291859574698, 
-0.0083221687736423997, -0.0038102209793942185, 0.0016945695496278642, 
-0.0028156168594075941, 0.00098160237741989442, 0.00012760505807433707, 
0.046786755705725214, -0.0071633313855078099, 0.00049557104024854526, 
-0.0072898190459382379, 0.0049472789143516953, 0.0027353292042108369, 
-0.016041776687855665, -0.02897690349673154, 0.0046928842001725413, 
0.0090651546496052556, -0.018186454790329366, 0.024006818412159341, 
0.0042319390079712093, -0.013754277451643671, -0.063422803995729748, 
0.025574983680115588, 0.049783940022969743, 0.011067314430810186, 
-0.017201745434907125, -0.018234307244128313, -0.007895061386630051, 
0.031880642147068684, -0.0115358780375833, -0.0083925544478570379, 
0.1283833201364229, -0.038962527820890158, 0.0018100532055019658, 
-0.025583507070333196, 0.014875986094696531, 0.0062771536731465322, 
-0.022602770341302918, 0.018627289386067277, 0.024479596224199103, 
0.002543392901002571, 0.017374292236159238, -0.0072365237401631147, 
0.0066906119107814745, -0.0019154327998654318, 0.025574983680115591, 
0.089324771635251737, 0.0077559381032685469, 0.012554506739168841, 
0.0017289615885132165, -8.3910948319101836e-05, -0.010278600763774985, 
-0.0035259935368724959, -0.0027911219751958548, -0.013113696630367327, 
-0.10231355570384763, -0.10525623169400057, 0.023772283365963338, 
-0.012003240611515279, -0.0096451342953804003, -0.0046922224722470707, 
0.10530807931452055, 0.029660357865980633, 0.035378947527537098, 
-0.025626094662486248, 0.036601956909099398, -0.0086809099869939853, 
-0.0051625221827104086, 0.019702507234821982, 0.049783940022969743, 
0.007755938103268546, 0.06075520183633893, 0.038750850293756828, 
0.016677907063784581, 0.012655981764653462, 0.00027046795740779322, 
0.026052650411815141, 0.0042628359420589573, -0.003513778032313434, 
-0.027554815413771732, 0.028288983821994559, 0.015996540527978997, 
0.004996800028476309, 0.0027499923823107513, -0.0014113891677275036, 
0.003464033139502646, -0.0067153088950687593, -0.0024671082664833822, 
0.0078689149764791799, 0.001355517127582809, 0.0062436686579161712, 
-0.0085354276542705786, 0.0016929185957469802, 0.011067314430810188, 
0.012554506739168841, 0.038750850293756835, -0.017695519178223009, 
0.0038523253113807391, 0.0037418607089387788, -0.0026142307973507609, 
-0.0037141120688944929, 0.011763023287091431, -0.0028301955673643241, 
-0.0054999980586959984, -0.081232926941715466, 0.005661893230577311, 
-0.0096016263228848459, -0.0067406131834003421, 0.012084263247940794, 
-0.011687791881897272, 0.00091387147536445799, 0.0061799700813337539, 
-0.0079724884137656309, -0.0011680069370925059, -0.00082178486157475359, 
-0.0026947049793767321, -0.0083221687736424015, -0.017201745434907125, 
0.0017289615885132162, 0.016677907063784581, 0.0038523253113807395, 
0.0088194004362233385, 0.0071526202082411892, -0.0081020228861945105, 
0.0033699352334811325, -0.0022803602709605066, 0.002934742559224822, 
-0.051872066586618283, -0.0088957878139677028, -0.0079579846554698273, 
-0.0046860852233953495, -0.0052698839637680467, -0.0068230097339400213, 
-0.013144478627134424, 0.0048287067775962776, 0.0011321249500524594, 
0.0024214883673604188, 0.0055830338151323629, -0.0014010789710906049, 
-0.0063552736048901213, -0.0038102209793942185, -0.018234307244128316, 
-8.3910948319101822e-05, 0.012655981764653461, 0.0037418607089387788, 
0.0071526202082411892, 0.0097435551779064388, -0.0022952051857303272, 
0.004500986052456175, -0.0024721590994101479, 0.00018086966920682543, 
-0.033820824044025206, 0.015158720516252789, -0.0021073358079554548, 
0.0016274303652052634, 0.0016290328769656493, -0.004819923089511409, 
-0.0067114210191656721, -0.015784433345597152, 0.016597258464429498, 
-0.006933619842868932, -0.0012313155633144159, -0.0045938734609004784, 
