structure(c(-0.24557681897023612, -0.12724372707703616, -0.022063397157964081, 
0.13120702202757931, 0.04182515103348923, 0.07917125557158039, 
0.018741064734125183, -0.014172844610536167, -0.13543909119266234, 
0.015203583339337107, -0.099944594763994837, -0.012945056633401387, 
0.008609680103244791, 0.025569236799180377, -0.013736830457696905, 
0.058855318916679819, -0.014298189592314062, 0.011350406737161593, 
-0.21132235036389807, 0.064134982281605454, 0.028237314279312246, 
0.043513623483956779, 0.018497489089652746, 0.015955993128315041, 
-0.12724372707703616, 0.058293013845889238, -0.058830924155145729, 
0.036017120442566081, -0.030854248215482872, 0.023565292281063788, 
-0.031125088708483788, -0.038511303118830054, -0.10306699481343966, 
-0.064441956103239509, -0.16092634520991816, -0.021726554132119835, 
0.033938180062366083, 0.022389774417144421, -0.017302090664886905, 
-0.018349347018963669, 0.0026255584140360598, -0.012165401099754624, 
-0.46186747748710066, 0.22114106188597779, -0.0093604283320077291, 
-0.020285192009646874, -0.01513710716307305, 0.013390670471118251, 
-0.022063397157964081, -0.058830924155145736, -0.0082013719340364583, 
-0.014172098691201517, -0.011350567440071711, 0.011716610525432028, 
-0.0073600156162120919, 0.0080757947437331019, -0.0046189556906166291, 
0.013392861053683596, -0.003121349039818741, 0.013951366640020684, 
-0.012776649731990443, -0.011408383533848685, -0.010760728690916318, 
-0.0076551638407237766, 0.0020230122471466927, -0.022626544473554912, 
0.073116040434314786, -0.079064926163211452, -0.043068786917033093, 
-0.0010086695802313873, -0.011919239013490271, 0.00073597380156728879, 
0.13120702202757931, 0.036017120442566074, -0.014172098691201517, 
-0.034212127799900183, -0.0074266681751774385, -0.0092972060525645696, 
-0.018513899410408399, -0.014094152679931299, 0.024977013514466191, 
0.039127082873987695, 0.018938719509452553, -0.030132897135956412, 
0.0079653290407449163, 0.005880337585662955, 0.020972146058430664, 
0.0048826595758781031, 0.017139575787635506, 0.01763334127535475, 
0.03016462032917987, 0.069742150916884904, 0.011853823819412624, 
0.011503073807700636, 0.017716716574452687, 0.0077042591754159333, 
0.04182515103348923, -0.030854248215482872, -0.011350567440071712, 
-0.0074266681751774376, 0.040272279995337071, 0.019995035054599545, 
0.0026241120317502574, 0.018915678425435966, -0.054322541730015515, 
0.0097275975665305631, -0.02366238144364834, -0.017936148992959162, 
0.0061009295402794147, -0.0036077877665838206, -0.013741383739294602, 
-0.032713701327880325, -0.013894509276464202, 0.0014676718575346104, 
0.025656760824766953, -0.0062536404505870776, -0.032010662788306804, 
-0.013435942648899107, 0.024088575490230715, -0.011537008547427665, 
0.079171255571580404, 0.023565292281063788, 0.011716610525432028, 
-0.0092972060525645696, 0.019995035054599545, 0.0061958340546008316, 
0.0093682707312307337, -0.013775965869231606, -0.0074997934615136331, 
-0.0073921514602681608, 0.041473187138250822, 0.028800399798358838, 
-0.0029120528214846967, -0.0043489091631956633, -0.0094659134116342972, 
-0.00039485421686164055, -0.019666422115298204, -0.010100741264831221, 
-0.058367931995700839, -0.028717164165930783, 0.017033343084595146, 
0.017090819247219145, 0.0030301987568521209, -0.0039360881686692304, 
0.018741064734125186, -0.031125088708483784, -0.007360015616212091, 
-0.018513899410408399, 0.0026241120317502574, 0.0093682707312307337, 
-0.0086656044839121277, -0.0036841870734073924, -0.053082180033060991, 
0.0078375363846810622, -0.051630202473890961, -0.011365363478286081, 
0.0032570489403834801, 0.00078469242692026338, -0.006450957270955386, 
-0.0074045198309757795, -0.014182765053819156, 0.011632662855301837, 
-0.021523815614454041, 0.024788396349104954, -0.0072999885510886412, 
-0.0011876106430482589, -0.0068730212150423589, -0.021690846530834286, 
-0.014172844610536167, -0.038511303118830047, 0.0080757947437331019, 
-0.014094152679931301, 0.018915678425435966, -0.013775965869231606, 
-0.0036841870734073928, -0.029230210403037461, -0.01855808531354549, 
-0.018133697474266759, -0.044461092119756851, 0.010413096202686899, 
-0.0033550675250609554, 0.0027087778156302056, -0.0034007912892535476, 
-0.00044595143944475943, -0.017795148381104672, 0.0026318822455694093, 
0.13119278388021888, 0.019435086415162894, -0.0022848145335344697, 
0.017180645151550197, -0.0086615666707323975, 0.0038337341559158112, 
-0.13543909119266237, -0.10306699481343966, -0.0046189556906166291, 
0.024977013514466195, -0.054322541730015522, -0.0074997934615136323, 
-0.053082180033060991, -0.018558085313545487, -0.21946385616609887, 
-0.11052703603142097, -0.31704212269395282, 0.086665036718993602, 
0.0096166809286148229, 0.026235198018136792, -0.014218189659781963, 
0.021756030920003114, -0.022787403214434555, 0.061209052691201568, 
-0.15287206861072172, 0.19831517218735215, 0.078444101550632334, 
0.043796815977259304, 0.039235952325143458, 0.054033780417522603, 
0.015203583339337107, -0.064441956103239509, 0.013392861053683596, 
0.039127082873987688, 0.0097275975665305631, -0.0073921514602681617, 
0.0078375363846810622, -0.018133697474266759, -0.11052703603142097, 
0.057976618806639291, -0.1310608826824616, 0.033501010178201146, 
-0.015640429577752191, -0.01699254043150308, 0.00068836136410579864, 
0.0023732841463225546, -0.022757571180317657, -0.010147369845036917, 
0.20958792681690291, -0.027442974370143414, -0.03855528679342872, 
-0.0083385455523543248, -0.03257722340265342, -6.5263114755574375e-05, 
-0.099944594763994837, -0.16092634520991816, -0.0031213490398187406, 
0.018938719509452553, -0.023662381443648337, 0.041473187138250829, 
-0.051630202473890961, -0.044461092119756858, -0.31704212269395277, 
-0.1310608826824616, -0.30609685230696809, 0.042834787556404262, 
0.017808277774703805, 0.044807275668621159, -0.0080233755569107217, 
0.028339856064389924, -0.029104292372804434, -0.047296536689677038, 
-0.30893316278803656, 0.1478195978439614, 0.044704486118359629, 
0.0049599258865340229, 0.014448636148494056, 0.0051973489943115516, 
-0.012945056633401385, -0.021726554132119831, 0.013951366640020684, 
-0.030132897135956412, -0.017936148992959162, 0.028800399798358838, 
-0.011365363478286081, 0.010413096202686899, 0.086665036718993602, 
0.033501010178201146, 0.042834787556404255, 0.016528028135804208, 
0.0010271492884482796, -2.4758980671236219e-05, 0.0066604968400601717, 
-0.0059994053870554287, 0.014007867027971469, 0.0016228233644537322, 
0.090352076201802731, 0.047146072391661679, -0.021883816754777182, 
0.014343187262404029, -0.0019702890620361584, -0.014544326544808075, 
0.008609680103244791, 0.03393818006236609, -0.012776649731990442, 
0.0079653290407449163, 0.0061009295402794156, -0.0029120528214846972, 
0.0032570489403834797, -0.0033550675250609554, 0.0096166809286148246, 
-0.015640429577752191, 0.017808277774703805, 0.0010271492884482796, 
0.011863156305412067, 0.010993674750903673, -0.0036606129819737065, 
-0.018331562071166131, 0.0036400475362571693, 0.0024488769438535717, 
0.026667599690529356, -0.041721910572493498, -0.0012199972252013602, 
-0.0030322863182590484, 0.0019368865724895784, 0.0056703165526127584, 
0.025569236799180377, 0.022389774417144421, -0.011408383533848685, 
0.005880337585662955, -0.0036077877665838206, -0.0043489091631956633, 
0.00078469242692026338, 0.0027087778156302056, 0.026235198018136792, 
-0.01699254043150308, 0.044807275668621166, -2.4758980671236219e-05, 
0.010993674750903674, 0.013130474256332963, -0.008973891650793913, 
-0.0083877273078569424, 0.0017661291359875736, 0.0013746176217594426, 
-0.0015514076462572325, 0.0040140626846856542, -0.0021257775060807282, 
0.001243810233428977, 0.0043839482542463682, 0.010137198156572082, 
-0.013736830457696905, -0.017302090664886905, -0.010760728690916318, 
0.020972146058430664, -0.013741383739294602, -0.0094659134116342972, 
-0.0064509572709553868, -0.0034007912892535476, -0.014218189659781964, 
