structure(c(-0.019189216633611738, -0.022328931370445781, -0.027405003757112804, 
0.033759084784222536, -0.06091160432124388, 0.005752268586840548, 
0.032571824361402699, -0.0064779667159724592, -0.097930833265997594, 
-0.10101856146289401, -0.10380526024050789, -0.027165260824823383, 
-0.0012007913382531394, 0.021075179397750082, -0.026541033685101238, 
-0.030961398938691726, -0.017371178019710845, 0.012927021000258779, 
0.016456980247522398, 0.13906619585738772, -0.017013992279124666, 
0.013123787244955921, 0.021261429309829407, 0.011150560178574635, 
-0.022328931370445781, -0.082945876064799334, -0.013386647341796178, 
0.028932226491748557, -0.012209050122604479, 0.0085106443022398455, 
-0.016613372455390702, -0.009972777904950646, -0.046018185418331019, 
-0.025511137196001267, -0.047340264119280419, -0.018696439846222573, 
-0.012412482331095043, -0.0037251221522959588, -0.0054746549491394101, 
-0.021360531667066439, 0.00042474057007639148, 0.0034576758659220557, 
-0.0090102178195115134, -0.26340130554541047, -0.038413801823936521, 
-0.020015113616094822, -0.034958867638877601, -0.015227065461552128, 
-0.027405003757112804, -0.013386647341796178, -0.015719925700101764, 
0.011960803063321573, 0.016212197061639889, -0.0035561076672852476, 
0.0030247411098799468, 0.0063778689890584489, 0.0075662843567700392, 
0.0096547367450738799, -0.015273879367996252, -0.011477138016611143, 
0.01295802775290081, 0.010819676867002304, 0.00080704652079414269, 
0.00049606041539058292, 0.017935672485091727, 0.030292507405248102, 
-0.098886514431695952, 0.085051139418347549, 0.017095986971732681, 
-0.0019082687453936501, 0.010012266260428466, 0.016089958931771748, 
0.033759084784222536, 0.028932226491748557, 0.011960803063321571, 
-0.0020089914827149911, -0.023937575812945998, 0.0023756610587153033, 
0.009778017536011617, -0.0088315230060046941, -0.011053324567030344, 
-0.012724162131436902, 0.015805716286441614, 0.023137713551940088, 
-0.013419644307278726, -0.014372939364194304, -0.011709420385419325, 
-0.010013288499178527, -0.011592364711664414, -0.023602173755146078, 
-0.085108996733025202, -0.092347344300938161, -0.026085055874748464, 
0.0024047821726176288, -0.012933716445052288, -0.0096040332864483196, 
-0.06091160432124388, -0.012209050122604481, 0.016212197061639885, 
-0.023937575812946001, -0.011569833064235563, -0.012032613639059501, 
-0.025545324294060968, -0.020149048767573563, -0.074222613145649083, 
-0.020154883314706634, -0.035702017175917887, 0.0019399756427729801, 
0.0086743704011477372, 0.0067145461046898289, 0.0022556271399979295, 
-0.0096578713403654287, 0.00025521086449533292, -0.018901139929926477, 
-0.089370614686416286, 0.073489906600131369, -0.00063046582348564749, 
-0.010091277836282999, -0.038594313223377218, -0.0063286309572132392, 
0.005752268586840548, 0.0085106443022398455, -0.0035561076672852472, 
0.0023756610587153033, -0.012032613639059501, 0.0089096341231961786, 
0.0059220751046312244, -0.019727737787013797, 0.035496066235749912, 
-0.026219199179568449, -0.0012061012638741528, 0.011219530504595312, 
0.0005878334105029455, 0.0012861156206232425, -0.0085756979011179391, 
0.010601945169474665, 0.0043229775995899562, 0.00039080121798144867, 
-0.020077492008250927, -0.047909740609354587, -0.00067643360314577686, 
-0.0079984687205714566, 0.0098636918890620193, -0.0026649431357684715, 
0.032571824361402692, -0.016613372455390702, 0.0030247411098799472, 
0.009778017536011617, -0.025545324294060968, 0.0059220751046312236, 
-0.012468513874830937, -0.0086931235954523633, -0.016608373773806865, 
-0.010577244675286424, 0.010382124813493212, -0.0099543482691845462, 
0.0057532289653165992, 0.0079870651822056288, -0.010076487236446351, 
0.0099900604020366768, 0.0086190120613170926, 0.00052126098678189085, 
-0.019207927227948965, -0.0045307233738321019, 0.010686125661782946, 
0.0022693910370370444, 0.0025051874893991127, 0.013495732022798839, 
-0.0064779667159724592, -0.009972777904950646, 0.0063778689890584498, 
-0.0088315230060046941, -0.020149048767573563, -0.019727737787013797, 
-0.0086931235954523633, 0.0054873169566111808, 0.016625360866852144, 
-0.025354019122449244, -0.017776415862942478, -0.021070452292156299, 
0.0094887017596386302, 0.013397750034186657, 0.0093062503290601492, 
-0.017323200821009917, 0.0063553901269354195, 0.012932732095988489, 
-0.11558957618724226, -0.08741990609302755, 0.0088770642790957557, 
0.0010114979729928144, 0.00083741274211924317, -0.00039885268741316556, 
-0.097930833265997594, -0.046018185418331026, 0.0075662843567700392, 
-0.011053324567030344, -0.074222613145649083, 0.035496066235749905, 
-0.016608373773806865, 0.016625360866852144, -0.034640506271602416, 
-0.037083335191363948, -0.077255499292840854, 0.0099330869902790036, 
0.014050744276002638, 0.0083193237874922537, -0.0024189608398852516, 
-0.029083334676461348, 0.0059845020420404918, -0.011352913059640693, 
0.22408129746333047, -0.12390113765533192, -0.016490347869434319, 
-0.0022363643911593209, -0.038240139723409845, -0.0079060050596591394, 
-0.10101856146289401, -0.025511137196001267, 0.0096547367450738799, 
-0.012724162131436902, -0.020154883314706634, -0.026219199179568449, 
-0.010577244675286425, -0.025354019122449244, -0.037083335191363948, 
-0.025709478817964135, -0.07215088084582913, -0.013934690474169346, 
0.0086292555920697497, 0.012514464286589876, -0.0086273307681776247, 
-0.0052289779104459384, 0.0010099330476213721, -0.020302383361982569, 
-0.07030857975060846, -0.0017178929813302566, -5.4369188727364629e-05, 
0.0035206666072753303, -0.0048331690992406123, -0.0044530987261877228, 
-0.1038052602405079, -0.047340264119280426, -0.015273879367996252, 
0.015805716286441611, -0.035702017175917887, -0.001206101263874153, 
0.010382124813493212, -0.017776415862942478, -0.07725549929284084, 
-0.07215088084582913, -0.027278686156036392, -0.073002996460892949, 
-0.0084745856792920963, -0.02073299563396604, -0.0037605895345015983, 
-0.029016638703601581, 0.0219473326886085, 0.003031690936172558, 
0.1799884599511149, 0.05874001383051778, -0.039494245218147726, 
-0.013263644329734627, -0.017154395594622052, -0.01228670966818559, 
-0.027165260824823383, -0.018696439846222573, -0.011477138016611143, 
0.023137713551940088, 0.0019399756427729803, 0.01121953050459531, 
-0.0099543482691845445, -0.021070452292156299, 0.0099330869902790036, 
-0.013934690474169346, -0.073002996460892949, 0.00053023299642987877, 
0.0068438822207483804, 0.010547213178923646, 0.0041956260331233912, 
-0.0095242863640918624, -0.0028478539800880932, 0.01816082740397329, 
-0.14098888683531102, -0.03072336462722618, -0.01545028456485208, 
0.00070466148267208154, -0.015524280021805987, 0.012087614044663852, 
-0.0012007913382531391, -0.012412482331095041, 0.01295802775290081, 
-0.013419644307278725, 0.0086743704011477372, 0.0005878334105029455, 
0.0057532289653165992, 0.0094887017596386285, 0.014050744276002638, 
0.008629255592069748, -0.0084745856792920963, 0.0068438822207483804, 
-0.0022626225867805926, 0.00053942660111427996, -0.0015760689858306236, 
-0.0020625987054487633, -0.0073609791206181805, 0.0046666732035511929, 
0.019584965714175694, -0.044243407915002766, 0.0014305112664115065, 
-0.0046844942836998674, -0.0037376106705586686, -0.00082105563164134633, 
0.021075179397750082, -0.0037251221522959592, 0.010819676867002304, 
-0.014372939364194306, 0.0067145461046898298, 0.0012861156206232425, 
0.0079870651822056288, 0.013397750034186657, 0.0083193237874922537, 
0.012514464286589875, -0.020732995633966043, 0.010547213178923646, 
0.00053942660111427996, 0.0025025323066370847, -0.0015676429328076572, 
0.0021892687061688828, -0.003332210143638421, 0.006480992860607401, 
-0.018247962049570614, -0.037341685885891505, 0.0010815701174860881, 
0.00046927470741894736, 0.0053999892106410203, -0.0052979758968892251, 
-0.026541033685101238, -0.0054746549491394101, 0.00080704652079414269, 
-0.011709420385419325, 0.0022556271399979291, -0.0085756979011179391, 
