structure(c(-0.16771610358345615, -0.0015203198309231671, 0.0007991019594463006, 
-0.024247942147179572, -0.032037206210650197, -0.010227997409940881, 
-0.0039562867851790943, 0.01180396612329278, -0.047584526424765128, 
0.0059686073553474979, -0.18210134470666839, 0.025411481543255083, 
-0.014979013338369204, -0.032779227064711494, 0.036140481119465974, 
0.02237094592915603, 0.02195510634857608, 0.020573499563112892, 
0.11788409211545957, -0.046181386083369913, -0.0043379320712158484, 
-0.020616419884602694, -0.014035454270354656, 0.008758547608131214, 
-0.0015203198309231673, 0.0048069880837236087, 0.034963250835908129, 
-0.034436813340232769, -0.055514244335581511, 0.025587557475310479, 
0.0066406119375802325, 0.015784975494436963, -0.088382762811986731, 
-0.01699672686595954, -0.12266412456109181, 0.0058900398708856732, 
-0.0045403632972765371, -0.015727214292858911, -0.012771003170090096, 
0.026980778139550615, -0.023551791877570418, 0.012788448256047273, 
-0.065438497014362787, 0.17715280043849757, 0.027041892191789162, 
0.026086202834388755, 0.029608164241901484, 0.015520522608071038, 
0.00079910195944630071, 0.034963250835908129, 0.035931784327754547, 
-0.018351848575962806, -0.0022685824012530337, 0.0058801426180490552, 
0.0028539757088586479, -0.011444233154151813, 0.031072136176284144, 
-0.027366260768444232, -0.014323025077361738, 0.022162542979919566, 
-0.00080754345333212952, 0.0011522329496450648, -0.0054077297155717338, 
0.0099117853960547682, -0.0059207442255509411, -0.0093115408553758224, 
0.02485493691701355, 0.011318942030527648, 0.015315267850304647, 
0.010938711498927193, 0.0012124502910397167, -0.018595765619451039, 
-0.024247942147179569, -0.034436813340232762, -0.018351848575962806, 
0.0031375514147109918, 0.041092828141117956, -0.039557298486768991, 
-0.0062941991104990044, 0.012191202775554142, 0.012912305046930798, 
0.0099046792407411557, -0.026398496758869457, -0.025699787293061792, 
-0.0013861909447758587, 0.00027623495205686849, -0.0039591534701883596, 
0.001105741247779063, -0.0096218245727538159, 0.015333110906640723, 
0.149455065227972, -0.080832103847689643, 0.010736183217793394, 
-0.011019605085467602, 0.019896395167929001, 0.010837052875286237, 
-0.032037206210650197, -0.055514244335581504, -0.0022685824012530337, 
0.041092828141117962, -0.041606523311261509, 0.014010914607532817, 
0.015113929682019906, 0.0040242488101525017, -0.048985663224060082, 
-0.064048129740158208, -0.06163390219315526, -0.0069016743743950393, 
-0.0097679746920243948, -0.0022253788992396017, 0.0091254420053435998, 
0.016061525548605283, -0.007482946383405205, 0.033317040927094893, 
0.008816119806658201, -0.0484922259722496, 0.031635846727432228, 
0.024718315685765553, 0.055245590651105084, -0.0081052539977274993, 
-0.010227997409940881, 0.025587557475310475, 0.0058801426180490543, 
-0.039557298486768991, 0.014010914607532817, -0.032566244297038194, 
-0.0084072585799807309, 0.0027445819947637842, -0.014374183392389855, 
0.049654276990123168, 0.021974474939772178, -0.034526852839321928, 
0.0092212829733778045, 0.0040973032203186462, 0.0085680005637311703, 
0.0015092515170987014, 0.0053565743287902383, -0.0045747292281991501, 
0.087512374655755829, 0.060138149870271225, 0.0042108209336537651, 
0.020026872937172834, -0.011294540964029536, 0.013549255731539303, 
-0.0039562867851790943, 0.0066406119375802333, 0.0028539757088586479, 
-0.0062941991104990044, 0.015113929682019907, -0.0084072585799807326, 
0.023700952306167668, -0.00011617855068399145, 0.044416967079011611, 
0.0055338239699102088, -0.011030839222941239, 0.018906992105638867, 
-0.006498316337052429, -0.0052854350994414306, 0.0034766108029261676, 
-0.010061143104689616, -0.00038204131420411131, 0.010344820780867656, 
-0.018140371788830083, -0.046047159250297787, -0.019089326821589994, 
-0.0072864051875381388, 0.011655100039555966, 0.0027783640235560817, 
0.01180396612329278, 0.015784975494436963, -0.011444233154151813, 
0.012191202775554142, 0.0040242488101525017, 0.0027445819947637842, 
-0.00011617855068399146, -0.0016501635264613501, -0.011037839759915976, 
-0.0048369002518645239, -0.012573715060183477, -0.001184364021570508, 
0.010096020905769169, 0.0019126023811873449, 0.00041891152256604008, 
-0.005226245900707931, -0.0029246365044136718, 0.00052704264642130854, 
0.14093204503601492, 0.11074646112176313, 0.016692362139584815, 
0.0019766995789980385, 0.00458187995012262, 0.0070598395182289459, 
-0.047584526424765121, -0.088382762811986731, 0.031072136176284147, 
0.0129123050469308, -0.048985663224060082, -0.014374183392389855, 
0.044416967079011618, -0.011037839759915978, 0.020113879686382907, 
-0.053579815467820133, -0.036965120858683219, -0.071519499116954405, 
-0.034108027331904878, -0.032131614654413068, -0.030611610360467459, 
0.049340743331336416, -0.038491108877934908, 0.017737078838490881, 
-0.05259783339547712, -0.037073490156259124, -0.033981498517333474, 
0.00026919097025768126, 0.017542555887809039, -0.012025936517588813, 
0.0059686073553474979, -0.016996726865959544, -0.027366260768444232, 
0.0099046792407411557, -0.064048129740158208, 0.049654276990123168, 
0.0055338239699102088, -0.0048369002518645239, -0.053579815467820133, 
-0.012985785934673054, -0.010583700725034386, 0.019997618123170004, 
0.012735677240017684, 0.012419834055282688, -0.0022310015717330019, 
-0.00081464632894306076, 0.021170123296559779, 0.014527728445151815, 
0.056826683593289844, -0.029181663733831312, 0.043228265924267595, 
0.0025502127056108658, 0.024082273404943132, 0.013730997806982229, 
-0.18210134470666842, -0.12266412456109181, -0.014323025077361736, 
-0.026398496758869457, -0.061633902193155267, 0.021974474939772178, 
-0.011030839222941241, -0.012573715060183477, -0.036965120858683226, 
-0.010583700725034385, -0.24725486351070727, -0.024960078816996058, 
0.0006063093951700104, 0.010098601257584182, 0.0067163642708428783, 
0.015732075902586157, -0.012996541743946721, 0.018943925663541729, 
-0.20621295853396915, -0.038548020846402548, 0.042808965568029586, 
0.021945537716420882, 0.044164936444362639, 0.04636053225365501, 
0.025411481543255079, 0.0058900398708856732, 0.022162542979919569, 
-0.025699787293061792, -0.0069016743743950393, -0.034526852839321928, 
0.01890699210563887, -0.001184364021570508, -0.071519499116954405, 
0.01999761812317, -0.024960078816996058, 0.0049579090601755771, 
-0.030224842526566945, -0.015589728060780251, -0.00079328041066213542, 
0.021912555823235605, 0.0031943724410257611, 0.00071087165721191072, 
0.23393894691250794, -0.051338378959160318, 0.014112423529503726, 
0.00097901587289284716, 0.017475038280402349, -0.015852342329938165, 
-0.014979013338369204, -0.0045403632972765371, -0.00080754345333212962, 
-0.0013861909447758587, -0.0097679746920243931, 0.0092212829733778045, 
-0.006498316337052429, 0.010096020905769167, -0.034108027331904878, 
0.012735677240017684, 0.00060630939517001029, -0.030224842526566945, 
-0.0030691157279582599, -0.00058933491099022928, 0.0054826138332083624, 
0.012910278077296933, 0.015427444683217027, -0.0023501356798062054, 
0.01835524970698673, 0.038336331685614816, 0.0038800617204535833, 
0.0043131590545319983, 0.0069853542226321376, 0.0021914454988194109, 
-0.032779227064711494, -0.015727214292858911, 0.0011522329496450651, 
0.00027623495205686855, -0.0022253788992396017, 0.0040973032203186462, 
-0.0052854350994414306, 0.0019126023811873447, -0.032131614654413068, 
0.012419834055282689, 0.010098601257584182, -0.015589728060780251, 
-0.00058933491099022928, 0.0019984864336927807, 0.0045330001652644208, 
0.0059459306574009821, 0.0067831789783643634, 7.4028818314324102e-05, 
0.04604120692510931, 0.013879328439699905, 0.007447456363200277, 
-0.0011229546999257929, 0.0018555027745102673, -0.0029157608866107487, 
0.036140481119465974, -0.012771003170090096, -0.0054077297155717338, 
-0.0039591534701883596, 0.0091254420053436015, 0.0085680005637311703, 
0.0034766108029261676, 0.00041891152256604008, -0.030611610360467459, 
