structure(c(0.1544301561973864, 0.13751819449098762, 0.093427061761593391, 
0.018839863522045495, -0.059851836184445686, -0.049345005864693696, 
0.0087421812898913296, 0.021387876391479169, 0.050714150060578847, 
-0.0010208367817676504, 0.14767951127142578, -0.045901183538393953, 
0.038051759263476259, 0.053178475965149338, 0.036066006364909864, 
0.012612110233044167, -0.012085406452400371, -0.0063334018360702588, 
0.26423439541755689, 0.34483115740049552, 0.059451306398063945, 
-0.0043748980830794915, 0.046279209982960624, -0.0040576350554521363, 
0.13751819449098765, 0.017984211305563554, 0.011789304737877558, 
0.0011506659041725096, 0.028258251596672619, 0.013395319101545951, 
-0.014630196658049686, -0.014813691675966884, 0.077793281848556842, 
0.010737722617227321, 0.025197878092232673, 0.041616913956909175, 
0.017395271349207882, 0.019779185132165873, -0.017154336055750286, 
0.0039794468820190431, 0.0026653111306245967, 0.021747606322016451, 
-0.14710329680656811, -0.04313325043445717, -0.0016469647593099583, 
0.0093472639121078057, -0.024658844600916531, 0.014070293097022278, 
0.093427061761593391, 0.011789304737877556, -0.0088477014196221247, 
0.009225275476760773, -0.0083792993271774585, -0.00077351451344950676, 
-0.028746836557435478, 0.018944404601643525, -0.027439544985432818, 
0.017134290594767079, -0.032105479877843408, 0.0068004738598352096, 
0.0012283497163609236, 0.0027455974818064201, 0.0050041632522111017, 
-0.0023633021344001714, -0.015431684203543988, -0.007431090804319751, 
-0.054878642443484352, -0.061117745185359049, 0.0067002485170454696, 
-0.0033503120226523828, 0.0071140860932511771, 0.020974746017181408, 
0.018839863522045495, 0.0011506659041725098, 0.0092252754767607748, 
0.024859522664196179, 0.052498615425341517, 0.01901532500710218, 
0.014983929888768427, -0.018725856809004925, 0.03079129473280369, 
0.019324447725515406, 0.0064439635108151268, 0.0092365526460136994, 
0.014224510952650711, 0.0060902588711899295, -0.0032839894268926139, 
-0.012796963250344455, -0.0022956224702436619, -0.0025735652759984844, 
0.013819389871758767, -0.054414367928642557, -0.010524269789929954, 
0.0013233790111360371, -0.0053937665200161182, 0.00077798430084631282, 
-0.059851836184445686, 0.028258251596672616, -0.0083792993271774585, 
0.052498615425341517, 0.034405141144169447, -0.009370740505625693, 
-0.002388146893361631, 0.022421983751447477, 0.019537941867964252, 
0.0065779933202852643, -0.01432574794072472, -0.0046211126997508902, 
-0.015737289606568075, -0.0036825864526145065, 0.0167110225517028, 
0.0070538007917019026, -0.012144208358299722, -0.01363716752423841, 
-0.032462368865563855, 0.13432402767341831, -0.0062406525536597181, 
-0.0034518796539542685, -0.021047465711004347, 0.00045821032289198015, 
-0.049345005864693696, 0.013395319101545951, -0.00077351451344950676, 
0.01901532500710218, -0.009370740505625693, 0.0017747440519044213, 
0.01523936999830159, -0.00025877903456327807, -0.017899763822938879, 
0.0016095530076562722, -0.037745123368811355, 0.0012509066299100683, 
0.013684273665334699, 0.014449699930428734, 7.5529928203847864e-05, 
0.011677994704883239, 0.028758102118648599, -0.0033119916182354492, 
-0.075139819373753733, -0.00077031898497465965, 0.0077525075095433941, 
0.015775912328311308, 0.028261631797761255, 0.0093237094178438944, 
0.0087421812898913279, -0.014630196658049686, -0.028746836557435474, 
0.014983929888768429, -0.002388146893361631, 0.01523936999830159, 
-0.021773073007843053, 0.019187793269349895, 0.0056703578682207271, 
0.014689633194658786, 0.019797286247348181, 0.0059200207775858731, 
-0.0094964630441016426, -0.0081001492614468634, -0.0053158346754576865, 
-0.00024253247344282208, -0.018612866826963587, 0.0050842351730852643, 
0.055718457740465022, -0.02219184489954993, -0.013404038593393801, 
0.011152463707049393, 0.0067990750537396489, -0.0026392161471291875, 
0.021387876391479169, -0.014813691675966882, 0.018944404601643525, 
-0.018725856809004925, 0.02242198375144748, -0.00025877903456327807, 
0.019187793269349895, -0.012750806423533859, -0.062895271046121567, 
-0.023237957413418574, -0.057166155593433327, -0.0093015110725913307, 
-0.0038839685081767852, -0.0096070753475362147, -0.0090576308154280919, 
-0.0017523527165532204, 0.0023019982953680937, -0.006294912878399248, 
0.046029713829985587, 0.091125357119179906, -0.005473206216906625, 
-0.014635557932011902, -0.0034708055667597381, 0.0027482974935121528, 
0.050714150060578847, 0.077793281848556842, -0.027439544985432818, 
0.03079129473280369, 0.019537941867964256, -0.017899763822938879, 
0.0056703578682207271, -0.062895271046121554, -0.18263513594905359, 
0.0027166083303827417, 0.031800486186730439, 0.038432112630747077, 
0.021035120004862618, 0.0097899279645667775, -0.022542530568638808, 
0.034815063904447878, -0.046076725308768961, -0.00046907766350240973, 
-0.038617484885786577, -0.070411492904788944, -0.0075232454567754799, 
0.048652144067616095, -0.016049851711262799, 0.0053745890488806364, 
-0.0010208367817676504, 0.010737722617227321, 0.017134290594767076, 
0.01932444772551541, 0.0065779933202852652, 0.001609553007656272, 
0.014689633194658784, -0.023237957413418574, 0.0027166083303827417, 
0.025125647879695706, 0.17272029982047696, -0.018095026789468362, 
-0.0033049689884025171, -0.003904606331482134, 0.0058273885547849048, 
0.0044400167887221386, 0.0011652512522223601, 0.017386555769124696, 
0.096484375266990385, 0.10859753055023681, 0.00019141560118920108, 
-0.010739551186982456, 0.0062839516964086723, 0.0084844676036904439, 
0.14767951127142576, 0.025197878092232669, -0.032105479877843408, 
0.0064439635108151276, -0.014325747940724718, -0.037745123368811355, 
0.019797286247348181, -0.057166155593433327, 0.031800486186730439, 
0.17272029982047696, 0.00991166071569545, -0.012621558542307057, 
0.022182933616807298, 0.01918004778069525, -0.026334241644498841, 
0.047234234044334217, -0.022724437384293493, 0.0043519576416128497, 
0.01594660050216043, 0.14144287604099792, 0.017149605271596542, 
0.046457163739332341, 0.032495966532782986, -0.0047848441886194698, 
-0.045901183538393946, 0.041616913956909175, 0.0068004738598352087, 
0.0092365526460136994, -0.0046211126997508902, 0.0012509066299100681, 
0.005920020777585874, -0.0093015110725913307, 0.038432112630747077, 
-0.018095026789468362, -0.012621558542307057, -0.035508367108406443, 
-0.0039219109075769301, -0.0011828414822325991, -0.01139023915760747, 
0.011408359169449102, -0.010006842682603987, 0.011119269573455185, 
0.28819783784054792, 0.05698828271335242, -0.0058874923186514449, 
0.011286297505885704, 0.0091405314974462373, 0.01003816242288263, 
0.038051759263476259, 0.017395271349207882, 0.0012283497163609236, 
0.014224510952650711, -0.015737289606568075, 0.013684273665334701, 
-0.0094964630441016409, -0.0038839685081767847, 0.021035120004862622, 
-0.0033049689884025167, 0.022182933616807298, -0.0039219109075769292, 
0.0076205617445295488, 0.0065927408425414183, 0.00042767717187356828, 
-0.0053249395379015184, 0.0064314766285990862, -0.0032570756017155267, 
0.015128846365219851, 0.002126093845887622, 0.0035300631300491693, 
0.0049037824452409472, 0.011252159940936727, 0.0052254005332301482, 
0.053178475965149345, 0.019779185132165873, 0.0027455974818064196, 
0.0060902588711899304, -0.0036825864526145069, 0.014449699930428736, 
-0.0081001492614468634, -0.0096070753475362147, 0.0097899279645667758, 
-0.003904606331482134, 0.019180047780695247, -0.0011828414822325991, 
0.0065927408425414192, 0.0075193939681399806, -0.0018071100463897235, 
-0.0016211932936712132, 0.0015632542469761017, 0.0086821591778121297, 
0.027493129610445231, 0.031056786459682323, -0.001853144308642071, 
0.010312307771555283, 0.0074556840069680396, 0.0066562755329645333, 
0.036066006364909864, -0.017154336055750286, 0.0050041632522111017, 
-0.0032839894268926139, 0.0167110225517028, 7.5529928203847864e-05, 
-0.0053158346754576865, -0.0090576308154280919, -0.022542530568638808, 
