structure(c(-0.098492383115867208, 0.022750148343276509, 0.060813182207007599, 
-0.042548111004954425, 0.010045615126755386, -0.017664932254509227, 
-0.026671177852864429, 0.0044117623173646368, 0.17451293928519254, 
-0.029078435668605618, 0.059737129975965954, -0.023255953702121843, 
0.010610465153780958, -0.0034320700991083081, -0.0290349973782528, 
0.014650671742293299, 0.0021087168613726981, 0.005500784781510934, 
0.14488600095879289, -0.18993385080746927, 0.0062940655804456375, 
0.013839320967259325, -0.068622639862293583, 0.030974275888058449, 
0.022750148343276513, -0.12242030370181409, 0.043031780408455018, 
0.0045578791597984452, -0.045151847924425018, 0.026407530784898162, 
-0.0042830883209945261, -0.023331300697746069, 0.090540370075878729, 
0.015697466382889595, -0.032142527475730813, -0.040766325684295772, 
0.0014753351508980841, -0.0026489628189196143, 0.008318266369634477, 
0.0088808869901424899, -0.029784012359482224, 0.0080182755655172945, 
0.29827398595324695, -0.0050995751515979706, 0.0024001173198011068, 
-0.028732739225548209, -0.041164305820428349, -0.019925850257762352, 
0.060813182207007606, 0.043031780408455018, 0.003579949690468561, 
-0.0099505991697260519, -0.021842586440326633, 0.01342652046422154, 
-0.015850337676320249, 0.0034060766097757972, 0.057974920184578199, 
0.044312442222238159, -0.042201404883150342, 0.018273715541608379, 
-0.00060692270762758194, -0.010760407109088556, 0.00064658642104131389, 
0.0078478350262614956, 0.0060933909213856238, 0.0036250151845182038, 
-0.0062897999859054584, -0.0096147039546331681, 0.0024766041870984234, 
-0.0057413200996893681, 0.0010025292720456237, -0.0050829851507356288, 
-0.042548111004954425, 0.0045578791597984452, -0.0099505991697260519, 
-0.013315353609533412, 0.0012028251804364547, -0.0020580574953431583, 
0.0078279083057544163, -0.0055102620458683327, -0.0081604807745678659, 
-0.0046681676451422746, -0.025112717288732406, 0.014517372326832419, 
-0.012566710027167761, -0.0077040792957027314, 0.015155238627752731, 
-0.035878339072459076, -0.0025183877458447618, -0.015275318983775816, 
0.089816904753147575, 0.016513005454404591, -0.0153210746190759, 
-0.0017036073725512745, -0.02317174022408806, 0.019945382373369212, 
0.010045615126755388, -0.045151847924425018, -0.021842586440326633, 
0.0012028251804364547, -0.048196578826019451, 0.0048149880464830978, 
-0.0053624295784796636, -0.011410378736378186, 0.031133415419040803, 
0.047411965878598632, -0.065814097929712365, -0.011563977294660315, 
-0.0012011652602069598, -0.01054938550971431, 0.0085574510281500853, 
0.0022558816940885791, 0.0069507311315959415, 0.017822414502017343, 
0.0049415744172688209, 0.0093900106666236164, 0.0044188340188127031, 
0.015333957722491987, -0.0060796148624627294, 0.029595588646952529, 
-0.017664932254509224, 0.026407530784898162, 0.01342652046422154, 
-0.0020580574953431583, 0.0048149880464830978, 0.01798109155816208, 
0.0005354088120812264, 0.0065560883444884584, 0.0099148749284298076, 
-0.0029179406147713531, 0.036247078129370343, 0.032235545607479994, 
-0.016646119095184271, -0.018214112685578741, -0.0061604168265817025, 
-0.015187202978193835, 0.0013441909960974694, -0.0027379951579432214, 
0.060591057451576009, -0.046953479497719219, -0.0061975052680755651, 
-0.025500834821584915, -0.013531545092590852, -0.013098835868778115, 
-0.026671177852864426, -0.004283088320994527, -0.015850337676320252, 
0.0078279083057544163, -0.0053624295784796636, 0.0005354088120812264, 
-0.014655477196287603, -0.0086927525643671483, 0.027267566312323896, 
0.0099875801431563022, 0.021331216100181735, -0.0094493698442020026, 
0.0014140240735197214, -0.0016790297329171277, 0.0068890056306970104, 
-0.0028167973700808581, 0.0094363663113181551, 0.011117965487126425, 
-0.13411780551355248, -0.13835992523612137, -0.024526803786637026, 
-0.0059785311213379046, -0.025508370676990359, -0.0062390342720950367, 
0.0044117623173646368, -0.023331300697746069, 0.0034060766097757972, 
-0.0055102620458683327, -0.011410378736378185, 0.0065560883444884584, 
-0.0086927525643671483, -0.01858967777764646, -0.0030820114733323524, 
-0.0015569620010059077, -0.023361176678213521, 0.0097546984016557512, 
-0.013005583897350466, -0.013527200435953984, 0.0040234735174187151, 
0.0074896584233788499, 0.0046880652119987666, -0.0016954823959732422, 
0.016971843958484653, 0.064052879766623494, 0.011919671608531518, 
0.0032872873598937436, -0.0070951736000055251, -0.0026116212761909483, 
0.17451293928519254, 0.090540370075878729, 0.057974920184578199, 
-0.0081604807745678642, 0.031133415419040807, 0.0099148749284298076, 
0.027267566312323892, -0.0030820114733323529, 0.17031913573268326, 
0.11717071890909873, 0.15194317014856498, 0.042131555861850328, 
-0.015962940873252413, -0.017044367534636617, 0.017539780136698928, 
-0.013322295932516631, -0.027773089014889275, -0.018542953271608074, 
0.30086405549720957, -0.30927826846287748, -0.039654978417869725, 
-0.078167723231397035, -0.042738048814491066, -0.0023613270558301915, 
-0.029078435668605618, 0.015697466382889595, 0.044312442222238159, 
-0.0046681676451422746, 0.047411965878598632, -0.0029179406147713531, 
0.0099875801431563039, -0.0015569620010059074, 0.11717071890909872, 
-0.047161653285987946, -0.0018616450922867797, 0.053164978794305623, 
0.0022204286184715843, -0.0031447860777131693, 0.025407740691280989, 
-0.051563532464826686, -0.0065162015144332747, 0.040781813017670081, 
0.38015537895651519, -0.26542705921125648, -0.028119574934597717, 
-0.039545358450466521, -0.038860960021846427, -0.0022851030857644712, 
0.059737129975965947, -0.032142527475730813, -0.042201404883150336, 
-0.025112717288732402, -0.065814097929712365, 0.036247078129370343, 
0.021331216100181735, -0.023361176678213521, 0.15194317014856495, 
-0.0018616450922867797, 0.07349218052775737, 0.025545245793339812, 
-0.019405607064116502, -0.014525645136913588, 0.058796495846551812, 
-0.039523907215635118, 0.043075393593761752, 0.014245920196339239, 
0.21152263026070084, -0.24442603992624867, 0.031838464210120765, 
0.0013201038173852667, 0.01660255531282797, -0.0050335146133483237, 
-0.023255953702121846, -0.040766325684295772, 0.018273715541608376, 
0.014517372326832421, -0.011563977294660313, 0.032235545607479994, 
-0.0094493698442020008, 0.0097546984016557512, 0.042131555861850328, 
0.05316497879430563, 0.025545245793339812, 0.015254391860843999, 
0.001080697995578478, -0.0033782937900310017, 0.00030727026492625666, 
-0.0068298488684734576, 0.0044805564189333161, -0.010233929486138108, 
0.04597176839921862, 0.052469804543780356, 0.0018987475485664972, 
-0.0025643921957455621, -0.018867191166535142, 0.0084182488428160441, 
0.010610465153780958, 0.0014753351508980841, -0.00060692270762758205, 
-0.012566710027167761, -0.0012011652602069598, -0.016646119095184271, 
0.0014140240735197214, -0.013005583897350466, -0.015962940873252413, 
0.0022204286184715847, -0.019405607064116506, 0.001080697995578478, 
-0.007113587905769438, -0.0029260298063371764, 0.0043584612404826079, 
-0.0013406640378638406, -0.01122093893837006, 0.0004968762787492272, 
0.022971619304825618, -0.00025094251922566223, 0.0043174541042736662, 
-0.00034812803041944806, -0.00022235871896597901, -0.00023396128491918357, 
-0.0034320700991083081, -0.0026489628189196148, -0.010760407109088554, 
-0.0077040792957027314, -0.010549385509714312, -0.018214112685578741, 
-0.0016790297329171279, -0.013527200435953984, -0.017044367534636617, 
-0.0031447860777131693, -0.01452564513691359, -0.0033782937900310017, 
-0.0029260298063371768, -0.010476614537572711, 0.012460121543511629, 
-0.0047747442533249886, -0.0083776968981109524, -0.00062916125499540168, 
0.028292721370541715, -0.0041978928382365999, -0.0084349976077103921, 
-0.0046883743750042849, -0.006095486583221503, -6.2484717906329648e-06, 
-0.029034997378252797, 0.008318266369634477, 0.00064658642104131389, 
0.015155238627752731, 0.0085574510281500836, -0.0061604168265817025, 
