structure(c(-0.031852578514343886, -0.29308668213755229, -0.17682065545157383, 
-0.0064733511564212289, -0.025354412946109153, -0.14403774288556145, 
-0.059230167916329422, -0.10053536470605423, 0.027802415742789941, 
-0.22732605923837146, -0.21092659862754007, -0.068498420697831269, 
0.04960803441307203, -0.039443611052386168, -0.044387468951024515, 
0.070532129993032905, 0.10393192001588027, 0.063315087101456086, 
-0.58865922411885896, 0.3224070330888672, 0.036404994448542262, 
-0.034771786118984245, 0.072452435830176465, -0.087185518582347202, 
-0.29308668213755229, -0.1941031977137746, -0.072255062187247435, 
0.011491575226021131, -0.24522937454626417, -0.025876439808975082, 
-0.003384599680618969, -0.12328959803972529, -0.11345244331853981, 
-0.16831293979299258, -0.28009904436872024, -0.10828245812184108, 
0.033170119892318189, -0.010224117255568703, 0.045943878387236493, 
-0.028265701899668354, -0.023426386944277885, -0.033771146431726122, 
0.18729525274901396, -0.10515329227085451, -0.020803934721755263, 
-0.018450095963909747, -0.0096051790240481456, -0.054271882925959372, 
-0.17682065545157383, -0.072255062187247435, -0.034889130614930736, 
0.053390717184730679, 0.01523960527971855, 0.007510387056895205, 
0.056599203199518458, -0.017668208807353033, 0.12552185314557945, 
0.10238741517624897, 0.075034514881575642, 0.026515570909275345, 
-0.0033303619442834743, 0.0097809141463212033, -0.039761898105408353, 
0.021971899842508767, -0.0085366258924091006, 0.0050008798679684998, 
0.022134081279685247, 0.14541847080112244, 0.049794833417349936, 
-0.012262129945079621, -0.010075742734207048, -0.0085390904666095193, 
-0.0064733511564212289, 0.011491575226021129, 0.053390717184730679, 
-0.060259741949351152, -0.040347570985113011, 0.018623879663201642, 
-0.048561576311920672, -0.0069614754475484739, -0.10755438311485506, 
-0.034510351335029485, 0.056091816983759396, -0.047041711816921336, 
0.00015314055259662096, 0.0061605823934942619, 0.015892044197889563, 
-0.044923964186081439, -0.0048129969972531758, -0.035730210596115551, 
-0.29756288995000696, -0.26231929385733127, -0.00077737202117093374, 
-0.0040572057905546195, 0.028373229522722719, 0.030447646373109882, 
-0.025354412946109156, -0.24522937454626417, 0.01523960527971855, 
-0.040347570985113018, -0.061630537882774353, -0.032193427967047113, 
-0.031214080007888254, 0.0063218416512195374, 0.036259171420693834, 
0.0459657417064517, -0.057860345776698033, 0.045711541274049715, 
0.014456954769755032, -0.0037788234161975349, -0.0090765893404482333, 
-0.025495404524432188, 0.029822508092826296, 0.0083241669863580118, 
0.065426656804981553, 0.031444239348304613, 0.056010930315155173, 
-0.030033676783153485, 0.020378557560047316, -0.044112711387963251, 
-0.14403774288556145, -0.025876439808975082, 0.007510387056895205, 
0.018623879663201642, -0.03219342796704712, -0.025512310513614231, 
-0.030558188704481768, 0.011948304256668709, -0.015273822271960032, 
-0.096190691323820854, -0.058995689696888114, -0.048039354403463526, 
0.0024864563568706166, 0.0091933090037144751, 0.0091562214643049495, 
0.021427957373180206, 0.0066481645070793497, 0.026831692400994853, 
0.097493663246797438, 0.044151975510413076, -0.0027205335162185092, 
-0.0095332040593224653, 0.021221203176365264, -5.0762087154146326e-05, 
-0.059230167916329422, -0.003384599680618969, 0.056599203199518465, 
-0.048561576311920672, -0.031214080007888254, -0.030558188704481765, 
0.042153925878910918, 0.034063329432602735, -0.0095512763143390054, 
-0.056221325183463143, -0.014989869300261733, 0.0028470818897704396, 
-0.0097619919471650506, 0.022896191432599477, -0.016239236826670864, 
-0.009520140641432721, 0.015846806185896293, 0.0041248834523877316, 
-0.062895906109132149, 0.023884725759214496, 0.031140342798548985, 
0.015112643872405997, -0.021853350140055249, -0.028122800057264703, 
-0.10053536470605422, -0.12328959803972531, -0.017668208807353029, 
-0.0069614754475484739, 0.0063218416512195374, 0.011948304256668709, 
0.034063329432602735, 0.024629349395884854, 0.034967570703244362, 
0.085107851921767882, -0.0036685000740384597, 0.020466785935700157, 
0.026004641667138839, 0.021399203327540254, -0.0018629469715319509, 
-0.0055608950165593187, -0.0088534754987593545, -0.009073094789791512, 
-0.19899342722681448, -0.0089903423403439563, -0.014376619880231357, 
-0.033641867986396894, 0.010406018627540901, 0.0097322496201856876, 
0.027802415742789938, -0.11345244331853981, 0.12552185314557945, 
-0.10755438311485506, 0.036259171420693834, -0.015273822271960032, 
-0.0095512763143390054, 0.034967570703244355, 0.075968979834703368, 
0.012526764875496975, 0.087173015362451658, -0.047854516497141585, 
0.013978925284812304, 0.024687845375856741, -0.037662784003590161, 
0.048077511420929565, 0.0092322298980076142, -0.04563402636720934, 
0.37342955112275666, 0.61355067511473327, -0.079164377667410191, 
-0.0031182922885396366, -0.018357024015659647, -0.076167539381652244, 
-0.22732605923837149, -0.16831293979299258, 0.10238741517624897, 
-0.034510351335029485, 0.0459657417064517, -0.096190691323820868, 
-0.056221325183463143, 0.085107851921767896, 0.012526764875496976, 
0.025857073899822055, -0.2217900058286523, -0.029441076513282184, 
0.021802790120743633, 0.010863463762120565, 0.036796740170796711, 
-0.044353903178499722, 0.012526830525132664, -0.020493457664261489, 
-0.1731252303421266, 0.20287554255887622, -0.044797577926938947, 
-0.0065382934613250144, 0.0073732792984686751, -0.046190172158324251, 
-0.21092659862754007, -0.28009904436872024, 0.075034514881575642, 
0.056091816983759389, -0.05786034577669804, -0.058995689696888114, 
-0.014989869300261733, -0.0036685000740384597, 0.087173015362451658, 
-0.22179000582865233, -0.017848413278677661, 0.0069269745221250392, 
0.070148753848946047, 0.042184292716024842, 0.051741339609786136, 
-0.076388146758458356, -0.042330016516972394, 0.035090753108336099, 
-0.5743427186376433, 0.68272972033669799, -0.079541047186051775, 
0.014329994795005175, 0.00015287201126348314, -0.076503266650641846, 
-0.068498420697831269, -0.10828245812184108, 0.026515570909275345, 
-0.047041711816921336, 0.045711541274049722, -0.048039354403463519, 
0.0028470818897704396, 0.020466785935700157, -0.047854516497141585, 
-0.029441076513282181, 0.0069269745221250383, 0.033070026715601303, 
-0.019191744483730996, -0.00041522969825571446, 0.0057951989580434914, 
-0.01736420347164239, 0.032122174069449748, 0.012505343930054346, 
-0.0033386291401303341, -0.025823470297499526, 0.068870522350977792, 
-0.0039399171482421072, 0.028867004309849415, -0.049304649527904129, 
0.04960803441307203, 0.033170119892318189, -0.0033303619442834743, 
0.00015314055259662096, 0.01445695476975503, 0.002486456356870617, 
-0.0097619919471650506, 0.026004641667138839, 0.013978925284812304, 
0.021802790120743629, 0.070148753848946047, -0.019191744483730996, 
-0.00352775642675851, -0.0077843378776736314, 0.023047779922815516, 
-0.026170857199065638, -0.021667678991874773, 0.0045971897436268882, 
-0.25348938302353891, 0.093027286166540518, -0.022239054841935075, 
-0.018125282436887564, -0.01203908184844156, 0.0069247526741673116, 
-0.039443611052386161, -0.010224117255568703, 0.0097809141463212033, 
0.0061605823934942619, -0.0037788234161975345, 0.0091933090037144751, 
0.022896191432599477, 0.021399203327540254, 0.024687845375856741, 
0.010863463762120565, 0.042184292716024842, -0.0004152296982557144, 
-0.0077843378776736314, -0.010365692547331785, 0.012460470755122849, 
-0.021398063447346759, -0.015216636880743442, 0.00012705422499092976, 
-0.072330585734761879, 0.011765432282372534, -0.018944593096736885, 
-0.0031466826683475544, -0.011892690013781154, 0.014083134661449361, 
-0.044387468951024515, 0.0459438783872365, -0.039761898105408353, 
0.015892044197889563, -0.0090765893404482333, 0.0091562214643049495, 
-0.016239236826670864, -0.0018629469715319509, -0.037662784003590161, 
0.036796740170796711, 0.051741339609786136, 0.0057951989580434923, 
