structure(c(-0.322061664266315, -0.055613554063578444, 0.077320850478765066, 
-0.047542836567318378, -0.038004410538916608, -0.11749910109325062, 
0.07262983777595583, 0.047109835567604466, 0.0065785003419261447, 
0.064712825167644067, 0.22455677205501529, 0.033852140929173116, 
-0.0096549899942172026, -0.022372283354752599, -0.05568479254972282, 
-0.0070509285694653947, -0.06087147318368237, 0.042259500524555932, 
-0.23523191166223831, 0.38783438503952733, 0.056531649282010578, 
0.0012206737988580041, -0.036707285287872315, -0.032652178446057237, 
-0.055613554063578444, 0.17301737923879648, 0.052279605649257009, 
-0.052229392519346871, 0.10669014582145026, 0.005826850118137359, 
0.037728342901822594, 0.060908527929819524, 0.040198755672839127, 
0.050397525220955842, 0.15161545707334576, -0.022347376113699115, 
-0.043244410590163658, -0.0558951762619464, -0.039054666907365143, 
-0.011040369696923791, -0.031528724744077995, 0.0015829474054826374, 
-0.17875315730117444, -0.0347352056752444, -0.031381964098122023, 
-0.026334061563660974, -0.05885356363075156, -0.017561795305452283, 
0.07732085047876508, 0.052279605649257009, 0.031746149509615525, 
-0.05498465316976401, -0.018197397365604738, -0.012604459861953094, 
0.022504886501639714, -0.020459866099274332, -0.041139756734380674, 
-0.059752374046233764, 0.053630788943934242, -0.00018174168233469669, 
-0.024327000725360471, -0.011174346989299528, -0.0073823183756990107, 
-0.0011760160938229698, -0.0012463058032384856, -0.010214950903154768, 
-0.18355633317788717, -0.12232829216772455, 0.024328143047923693, 
0.008089716860662604, 0.0036301737354578717, 0.006542205722579816, 
-0.047542836567318378, -0.052229392519346871, -0.05498465316976401, 
0.050653040432058212, -0.011066551465796085, 0.015967893345841845, 
0.00033452350314966601, 0.051491940369476838, 0.021906222549233894, 
0.048959690272379404, -0.084819705931233794, 0.0019744486302033064, 
-0.0014836165169911943, 0.0056559465256048689, -0.0047252422207149977, 
0.0069607379643892488, -0.0046756238002572453, 0.011796200386487977, 
0.16692211134118329, -0.088243466557905423, -0.0099942077479044412, 
-0.014711854193211714, 0.0055457674469221859, -0.0099869584163021479, 
-0.038004410538916601, 0.10669014582145026, -0.018197397365604738, 
-0.011066551465796085, -0.045848457572314059, -0.028857185095789106, 
0.0060142905706818137, -0.011750770092951838, 0.044098199776459096, 
0.02758887040002081, 0.025332057718158503, -0.038569430328762394, 
0.0081884973000874838, 0.0049035688591694843, 0.0042076323475424811, 
0.0091123285063746343, 0.019548290236324716, -0.018520808474754621, 
-0.018844966288578492, -0.12679484126712834, -0.056245232721672318, 
0.0044442619557636363, -0.01984478596471179, 0.0091735948003184402, 
-0.11749910109325064, 0.005826850118137359, -0.012604459861953094, 
0.015967893345841845, -0.028857185095789106, 0.025511862474178089, 
0.032066854854056338, 0.016107539866464064, -0.049678603010232074, 
0.012225316331387161, 0.029253408972696807, 0.021934493717174607, 
-0.0049332245532907508, 0.010515275216802591, -0.00026343447689872331, 
0.0082697979233751356, 0.013221707672505119, -0.0004619861042431676, 
0.10760259612131874, -0.05354853252529445, 0.018658734054671413, 
-0.0010479836991277751, 0.015907187714123503, 0.011099186277179917, 
0.07262983777595583, 0.037728342901822594, 0.022504886501639711, 
0.00033452350314966601, 0.0060142905706818137, 0.032066854854056338, 
0.017334473787970657, 0.01891485741565967, 0.072340818931027479, 
0.053071604785520678, 0.02810413752795158, 0.024429412759771372, 
0.0021476467497200239, 0.0035657997298468606, 0.0024019180622315509, 
0.012993009023724768, -0.017375119915410134, 0.0031974804150110081, 
0.13102100891445917, -0.14099329202732416, -0.021550429581215072, 
-0.0052008520253204425, -0.00013212034925616102, -0.0021329696566653664, 
0.047109835567604459, 0.060908527929819524, -0.020459866099274332, 
0.051491940369476838, -0.011750770092951838, 0.016107539866464064, 
0.018914857415659674, 0.016326944253572801, -0.071058741716239937, 
0.020936561151703708, 0.040217203494508254, 0.020413428511902171, 
0.0098845093461095573, 0.01495789781574019, 0.0073845066790174741, 
0.0034169244334374483, -0.003781553406038125, -0.0012625140313234063, 
-0.0096267512272467295, -0.044959414013358158, 0.015676381230542501, 
-0.0033339382872762135, 0.0082239016366497456, 0.017481423041868258, 
0.0065785003419261447, 0.040198755672839127, -0.041139756734380674, 
0.021906222549233894, 0.044098199776459096, -0.049678603010232067, 
0.072340818931027479, -0.071058741716239937, -0.052906760484355969, 
0.0092960739153940316, 0.057817914615071048, 0.010622293665810549, 
0.0065316256911688618, 0.0075830458582792195, 0.012333445700241101, 
-0.037594960299602402, 0.010287539854876749, -0.010086953953286506, 
0.013200001183521914, 0.11017547514204672, 0.010164565484786427, 
-0.021763179545208032, 0.015269835482472405, 0.018178753062249833, 
0.064712825167644053, 0.050397525220955842, -0.059752374046233764, 
0.048959690272379404, 0.027588870400020813, 0.012225316331387161, 
0.053071604785520671, 0.020936561151703705, 0.0092960739153940316, 
-0.058657439996664812, 0.036414082524896939, -0.023971213928038939, 
0.035595150426678587, 0.028013412943761088, 0.0052016992055666294, 
0.03554695756609573, 0.020162150791209716, 0.014923890928506385, 
-0.14643207712478232, -0.062393106204530563, -0.019278664368767871, 
0.019155382696947824, 0.038176956156935463, 0.022415068188979162, 
0.22455677205501526, 0.15161545707334576, 0.053630788943934242, 
-0.084819705931233808, 0.025332057718158506, 0.029253408972696807, 
0.02810413752795158, 0.040217203494508254, 0.057817914615071048, 
0.036414082524896939, -0.038134285301677701, -0.009679475481775425, 
0.0057764257410564982, 0.0013658799976996082, -0.02846104365408797, 
-0.016679467412699586, 0.02562851005772887, -0.00079412882839817738, 
-0.053470717049424112, -0.029403479411224082, 0.016126030957207705, 
-0.0083972115907963944, 0.0077625241582919349, 0.02524171783319229, 
0.033852140929173123, -0.022347376113699118, -0.00018174168233469669, 
0.0019744486302033064, -0.038569430328762394, 0.021934493717174607, 
0.024429412759771375, 0.020413428511902171, 0.01062229366581055, 
-0.023971213928038939, -0.0096794754817754267, 0.029234730674932933, 
0.00065790543949230678, 0.01046436636095281, -0.019459145763527096, 
0.0061092683281250603, 0.015222223083416222, 0.012170824193174858, 
0.093991949718727361, -0.036314773198211012, -0.020822472867232072, 
0.011743662646631122, 0.0058072246138899846, 0.028672476156637622, 
-0.0096549899942172043, -0.043244410590163651, -0.024327000725360471, 
-0.0014836165169911943, 0.0081884973000874838, -0.0049332245532907508, 
0.0021476467497200239, 0.0098845093461095591, 0.006531625691168861, 
0.035595150426678587, 0.0057764257410564982, 0.00065790543949230678, 
0.030621513774162112, 0.017589156388456009, -0.010715205768916778, 
0.015442996444062052, -0.0090282659775677565, -0.003935631088411354, 
0.057665294641773723, 0.0086769429800325343, 0.01095905472198078, 
0.010369065009758854, 0.0023100881837525467, -0.00046910579746908707, 
-0.022372283354752599, -0.055895176261946393, -0.011174346989299528, 
0.0056559465256048689, 0.0049035688591694843, 0.010515275216802589, 
0.0035657997298468602, 0.01495789781574019, 0.0075830458582792195, 
0.028013412943761092, 0.0013658799976996082, 0.010464366360952812, 
0.017589156388456009, 0.0068202607308153161, -0.0071054196018627289, 
0.00048623751558760477, -0.0026184102349463725, -0.0016059898056173803, 
0.040854658973240428, -0.045804053622302908, 0.01343633715964004, 
-0.00080136270222070966, -0.0048448120451909165, 0.0050364942398951089, 
-0.055684792549722813, -0.039054666907365143, -0.0073823183756990107, 
-0.0047252422207149968, 0.0042076323475424811, -0.00026343447689872331, 
0.0024019180622315509, 0.0073845066790174741, 0.012333445700241103, 
0.0052016992055666303, -0.02846104365408797, -0.0194591457635271, 
