structure(c(0.51222071420527482, 0.050380058073535794, 0.15782960036148755, 
-0.083551067975997748, 0.13490374674988415, 0.22714316535355733, 
0.093193882773499631, -0.034253653658282597, 0.23968102006175401, 
0.035315623462193635, 0.055862204131719419, 0.086192111503098842, 
-0.13811336430507784, -0.0057656307538202917, -0.055807267239315624, 
-0.01521036337273274, 0.028231021547523376, 0.1166643245721629, 
-0.18815073484064238, -0.22452900128631539, -0.11288354781469054, 
0.0015209140467296561, -0.043366467311704696, 0.077302029844923639, 
0.050380058073535794, -0.10119731680016589, 0.23611465367521325, 
-0.045730602023123068, 0.15512968267474364, -0.0071194815834093317, 
-0.20484176978603041, 0.055287374734353037, 0.033066233759415857, 
0.12818609917317153, -0.062127282677717457, -0.10630958029843306, 
-0.025705825200688044, 0.014745584407848853, -0.078035479682290812, 
-0.0019729020649073888, 0.027036767498764176, 0.00028271408135054315, 
-1.343898464456649, 0.50419088792178879, 0.0079861502406883417, 
0.016639384457122298, -0.008844724476336701, -0.00028183970667324903, 
0.15782960036148752, 0.23611465367521328, -0.023854803980149671, 
0.078002094967550881, -0.019293069701968226, 0.052785130616755584, 
-0.016643194540669787, -0.02719919134391742, -0.0262026326996294, 
-0.030090312569228318, -0.0086644646647921295, -0.10499268956703593, 
-0.013620224416860272, 0.033459400977100977, 0.00084574196224662418, 
0.085505630542836372, 0.011430242629808171, 0.01699227993184222, 
-0.34874790288462298, 0.2750878886596288, 0.03666713673975712, 
0.015112709067394484, -0.067337236333285519, 9.3098194404173744e-05, 
-0.083551067975997734, -0.045730602023123068, 0.078002094967550881, 
-0.095784254260907725, 0.039478437562149742, -0.10213198694526396, 
0.0074558783166786772, 0.0033328035822712153, 0.11223141452287541, 
0.013916675198086642, -0.053585147331908389, 0.04942117007205879, 
0.038313576142051053, -0.0082418246251368156, 0.0011698890311401334, 
-0.062845801635462148, 0.0063286729843068717, -0.020003904651696783, 
0.32546271684709444, 0.16489173719179184, -0.042195932378127771, 
-0.014046682344996684, -0.0305351406201281, -0.032940647388656069, 
0.13490374674988415, 0.15512968267474361, -0.019293069701968226, 
0.039478437562149742, 0.081750506023582109, -0.0041412541488211061, 
-0.051044292080500139, -0.016404253731565534, -0.24452020806425101, 
-0.011429008596007552, -0.099802646027620651, 0.016083097825393407, 
-0.0063771000151529996, -0.026800662361858081, 0.012256466494792246, 
0.037868681738544088, -0.034984984066868792, -0.072305290397859032, 
-0.31648210864005827, -0.022657737316317195, -0.035293613966473042, 
0.0037867375814680019, -0.090606627917206681, -0.036090612073667927, 
0.22714316535355733, -0.0071194815834093317, 0.052785130616755577, 
-0.10213198694526396, -0.0041412541488211061, -0.044921422729607419, 
0.01747705376411696, -0.015066601828499636, 0.085467637214333744, 
0.17466922635279303, 0.15766630588839994, 0.051857898077555947, 
0.0007673335073318853, -0.006537562723488966, -0.061447418505388346, 
-0.032406330193472298, -0.023070757696881758, 0.026053204511457984, 
-0.25720870692448378, -0.052416780341264312, -0.028125671375319392, 
0.00022542943135159596, -0.061273483371634289, -0.0068803672244008079, 
0.093193882773499631, -0.20484176978603039, -0.016643194540669787, 
0.0074558783166786781, -0.051044292080500139, 0.017477053764116963, 
-0.073163055190482884, -0.02605065886041967, 0.0047495355686513483, 
0.10344943292105648, -0.090421059240493956, -0.060832688351518477, 
0.0056754011794290299, -0.031988075572711328, -0.014019679010163542, 
0.0060636112595646675, -0.018455507680122663, -0.034274912046041647, 
0.23277223343586342, 0.40468951724632041, -0.012484120141570082, 
-0.039206210639243587, 0.011924670341260716, 0.038347752824789472, 
-0.034253653658282597, 0.05528737473435303, -0.027199191343917423, 
0.0033328035822712153, -0.016404253731565534, -0.015066601828499636, 
-0.026050658860419674, 0.05253513100738906, 0.021663424461419258, 
-0.0029559352632916027, 0.034553622986050817, -0.068052688067368292, 
-0.0040085167918756416, -0.017115085589811372, 0.023394165261687624, 
-0.042735631712405429, -0.0058889104174346786, -0.090823205284007474, 
0.024184059285179197, -0.19701149237269253, 6.1582391872197799e-05, 
0.035110538103820026, -0.03028623841573019, -0.020664515087103322, 
0.23968102006175401, 0.033066233759415857, -0.0262026326996294, 
0.1122314145228754, -0.24452020806425098, 0.085467637214333744, 
0.0047495355686513483, 0.021663424461419258, 0.17541417245378552, 
0.056434805774784859, -0.23428170939548523, -0.040046364340010791, 
-0.05507926316116106, -0.075428228744193845, -0.057439819645522035, 
0.032301598329802714, -0.046482411108104547, 0.0040953200993859547, 
-0.30340616941605819, -0.85390386266427998, 0.017426643761403123, 
-0.0042158097936685918, -0.083399091911085507, 0.023862510628330273, 
0.035315623462193642, 0.12818609917317153, -0.030090312569228322, 
0.013916675198086642, -0.011429008596007552, 0.17466922635279303, 
0.10344943292105648, -0.0029559352632916032, 0.056434805774784852, 
-0.069376650191055503, 0.076209768668227706, 0.070481560878066521, 
-0.015990036832900796, -0.032833920797122121, -0.055423774377460724, 
0.082916413338608427, 0.026385473117408374, -0.025871305586215396, 
-0.47340466471468018, -0.30549446349320436, 0.06380566073152151, 
-0.047292645610461384, -0.0058639214807118603, -0.0018367931115665483, 
0.055862204131719419, -0.062127282677717457, -0.0086644646647921295, 
-0.053585147331908389, -0.099802646027620651, 0.15766630588839992, 
-0.090421059240493956, 0.03455362298605081, -0.2342817093954852, 
0.076209768668227706, -0.30216496700122797, 0.032198231678944846, 
-0.066713783011954297, -0.050977250022124325, -0.12270854949645126, 
0.0072763677321560907, 0.056016848033703472, -0.070911880474914285, 
0.71980453802648559, -0.93223078954133776, 0.084368170429878542, 
0.061501522878317734, -0.096485827313647368, 0.072139144964382382, 
0.086192111503098842, -0.10630958029843306, -0.10499268956703593, 
0.049421170072058797, 0.016083097825393411, 0.05185789807755594, 
-0.060832688351518477, -0.068052688067368292, -0.040046364340010791, 
0.070481560878066535, 0.032198231678944846, -0.070604244051944015, 
-0.020495731265999677, -0.030717363748425635, -0.029807777053041586, 
0.038096184047838211, 0.016864286063042105, -0.051804223705270359, 
-0.54733208145161849, 0.051667307663811161, -0.021611996760378938, 
-0.030989508975918154, -0.0090907209663330102, 0.037290986711089456, 
-0.13811336430507787, -0.025705825200688044, -0.013620224416860274, 
0.03831357614205106, -0.0063771000151530005, 0.0007673335073318853, 
0.0056754011794290299, -0.0040085167918756416, -0.05507926316116106, 
-0.015990036832900796, -0.066713783011954284, -0.020495731265999677, 
-0.0025959634869983186, 0.0066487374193166951, -0.010481403541110932, 
0.011522692662403878, 0.0030610189407989977, 0.020212666324230803, 
0.35273079711808536, -0.040237762944967982, 0.018763453031802529, 
0.023254339867584295, -0.010211563647300867, 0.020006575932433664, 
-0.0057656307538202917, 0.014745584407848854, 0.033459400977100977, 
-0.0082418246251368139, -0.026800662361858081, -0.006537562723488966, 
-0.031988075572711328, -0.017115085589811372, -0.075428228744193845, 
-0.032833920797122121, -0.050977250022124325, -0.030717363748425631, 
0.0066487374193166951, 0.0099650544573018605, 0.0041775079104714131, 
0.0073518792084169039, 0.012976701334569544, 0.022544375167777731, 
0.15598744471890996, -0.044534613023306593, 0.0084374703503266538, 
0.0048146237244594088, -0.011109640597226177, -0.0067325505107143635, 
-0.055807267239315624, -0.078035479682290798, 0.00084574196224662418, 
0.0011698890311401336, 0.012256466494792246, -0.061447418505388353, 
-0.014019679010163542, 0.023394165261687628, -0.057439819645522042, 
-0.055423774377460717, -0.12270854949645126, -0.029807777053041586, 
