structure(c(-0.033058907686814708, 0.23076378298226985, 0.13336723372374062, 
0.11378501026018141, 0.048621910062359851, 0.19517672940223965, 
0.078307252851790674, 0.10807398153597013, 0.020510579812959968, 
0.16853873481456141, -0.014339910153266267, 0.091944180624079747, 
-0.070825103618842172, 0.010457319888534988, 0.046841259919375301, 
-0.098355505312240174, -0.087844734503345442, 0.023821286600465674, 
0.83974321965219667, -0.76825032470111176, -0.10046854281561815, 
0.059137520718907204, -0.082791479244875163, 0.10132672226906032, 
0.23076378298226985, -0.097305480854112253, 0.059380240096440592, 
0.023813644998338511, 0.06841324377138476, -0.02278069727675051, 
0.032069834586785924, 0.042334726018981632, 0.27384796968528269, 
0.039763678677712577, 0.21616265413304425, 0.056384700221156603, 
-0.0033001218863140599, 0.044282064211579639, 0.013857787902431447, 
-0.067209295366017968, 0.037426377919771624, 0.016283322289174812, 
0.1489632748987206, -0.028109915016612738, 0.021262079078000668, 
0.12497601420447103, -0.0092282543266481772, 0.031512842481552436, 
0.13336723372374062, 0.059380240096440592, 0.14527740026492603, 
-0.028931493083898998, -0.049378406673870064, 0.02257774302780622, 
-0.01218205230100366, 0.0043928278544331833, -0.088437649783760258, 
-0.033230717387578497, -0.093747517338418629, -0.06416340986143608, 
-0.0043717041307025301, -0.0083470729039971225, 0.036608142060000619, 
-0.023629009495993055, -0.015202322491956423, 0.041008878339641619, 
0.029727007686006498, -0.16784057669411728, -0.040911242869806859, 
0.020773088605883994, 0.0052740521211255007, 0.0091304643747074452, 
0.1137850102601814, 0.023813644998338511, -0.028931493083898998, 
-0.064964142391894394, 0.082898792727871415, -0.048600301385416884, 
0.0083375541936507331, -0.036663235961238785, 0.1116241408342462, 
0.033020867342968226, 0.01653674874605968, 0.051997908495465213, 
-0.0082106073967409179, -0.0180120824201686, 0.012851367176668642, 
0.02019785186481193, 0.025958165730632088, -0.024860934651850103, 
0.37444657529256203, 0.13264776255135402, 0.0028048573941840977, 
-0.0167327980451265, 0.011191613980989458, -0.031810786683253885, 
0.048621910062359851, 0.06841324377138476, -0.049378406673870064, 
0.082898792727871415, 0.061286149681324759, 0.051442321030995782, 
0.026138649062693167, 0.044485836028041063, -0.014510502157288387, 
0.035194772473230593, -0.098141624143723849, 0.069981569231808413, 
-0.015796626758237349, -0.0036521001332112109, -0.0039485623956615722, 
0.015591790830756501, -0.050402849074994802, 0.027726619077747743, 
0.19298498218074309, -0.029189807135758326, -0.032242759033021859, 
0.010465783987117167, -0.014109517537810506, 0.046954448070413643, 
0.19517672940223962, -0.022780697276750507, 0.02257774302780622, 
-0.048600301385416877, 0.051442321030995788, -0.039440765404342805, 
-0.031291465562462435, -0.062874661170716661, 0.059073623402547966, 
0.083010461424749007, 0.038854249997748655, -0.017558676976100421, 
-0.014984653068277102, -0.024456584844679982, -0.034417610573557314, 
-0.054623336514611612, -0.031201505366180913, -0.064622362142371506, 
0.2361182459087322, -0.15871477649173107, -0.036929409773558491, 
-0.0036037207030481209, -0.076099960664610181, -0.024006514196772959, 
0.078307252851790687, 0.032069834586785924, -0.012182052301003662, 
0.0083375541936507331, 0.026138649062693167, -0.031291465562462435, 
-0.010398107964832409, -0.05864940144880447, -0.073258360337756637, 
0.033676969383097111, -0.010685532680930794, 0.025976529582663298, 
0.020290763081117661, -0.01505753958565424, -0.00030440715097228033, 
-0.019303739854237719, 0.019344648416070882, -0.0049987026161929238, 
-0.3448177375744092, 0.13358884025909984, 0.018351268905805962, 
-0.0029193759372741122, 0.010437312217697817, 0.026726074573350574, 
0.10807398153597013, 0.042334726018981625, 0.0043928278544331833, 
-0.036663235961238778, 0.04448583602804107, -0.062874661170716648, 
-0.058649401448804463, -0.043354669566473852, 0.064666319300728387, 
-0.044760958026892596, -0.013680232470366097, -0.027560189400039133, 
-0.0094454583669571473, -0.018895508104451612, -0.004744821452378885, 
-0.011040069477419102, -0.016846553063337547, -0.024076087758873502, 
0.25366843782111809, -0.18140383546107836, -0.038581647215043383, 
0.019957186538227072, -0.063172827158198191, -0.038969466814462984, 
0.020510579812959971, 0.27384796968528274, -0.088437649783760244, 
0.1116241408342462, -0.014510502157288387, 0.059073623402547973, 
-0.073258360337756651, 0.064666319300728387, 0.33091230786253095, 
0.054376810106584676, 0.17507542177271282, 0.16396252448320725, 
-0.030791998496356932, -0.044055123421371724, -0.0091960084278395159, 
-0.0065704737270864382, 0.0036139625077245799, 0.013558015129891157, 
0.047767054751193708, -1.0368392671355822, 0.075532310151584001, 
-0.0070181772404430626, -0.077301729770137023, 0.057702232314080823, 
0.16853873481456139, 0.039763678677712577, -0.033230717387578497, 
0.033020867342968233, 0.035194772473230593, 0.083010461424748994, 
0.033676969383097111, -0.044760958026892589, 0.054376810106584676, 
-0.099235923331658232, 0.11076108191524374, 0.051670165707414395, 
-0.042008344553052225, -0.042059408875919732, -0.015268471973235526, 
-0.012563715355630712, -0.051392435085635985, -0.015961654906653945, 
0.73659824844174915, -0.41550756372143527, 0.050608510647988741, 
-0.0245665735594446, -0.11941459594654733, -0.031294875970043948, 
-0.014339910153266267, 0.21616265413304428, -0.093747517338418643, 
0.01653674874605968, -0.098141624143723835, 0.038854249997748655, 
-0.010685532680930794, -0.013680232470366099, 0.17507542177271279, 
0.11076108191524375, 0.13647564609297666, 0.11736340425194719, 
-0.059605089376684621, -0.036432598831009654, 0.026022899171590879, 
0.043246175482848821, -0.021874070739111819, -0.11109109513739765, 
0.60727717346223098, -0.49395099463421505, -0.00067830654952524729, 
-0.064555160804091488, -0.042277415036161614, 0.025715853268558041, 
0.091944180624079733, 0.056384700221156603, -0.06416340986143608, 
0.051997908495465206, 0.069981569231808413, -0.017558676976100425, 
0.025976529582663301, -0.027560189400039136, 0.16396252448320725, 
0.051670165707414402, 0.11736340425194718, -0.067175721373316302, 
-0.0089454724827141285, -0.015906911185894886, 0.026783320701331263, 
0.010646104203686647, -0.037800851542347795, -0.034252409292301667, 
0.087421279839600699, -0.15542903364193694, -0.012068800820715533, 
0.026742323877200148, -0.065562479262709791, 0.0063100711526797885, 
-0.070825103618842172, -0.0033001218863140604, -0.0043717041307025301, 
-0.0082106073967409179, -0.015796626758237349, -0.0149846530682771, 
0.020290763081117661, -0.0094454583669571473, -0.030791998496356936, 
-0.042008344553052218, -0.059605089376684621, -0.0089454724827141268, 
-0.019422191869656741, -0.014036053192665088, -0.022613140262446704, 
0.0038655270994155024, 0.020091734155386794, 0.010199637608434977, 
0.16915748354517962, -0.076336087967031632, -0.0069705527774636296, 
-0.004168826230912916, -0.01122108359274309, -0.0075232722132109473, 
0.010457319888534987, 0.044282064211579639, -0.0083470729039971225, 
-0.0180120824201686, -0.0036521001332112104, -0.024456584844679982, 
-0.01505753958565424, -0.018895508104451612, -0.044055123421371731, 
-0.042059408875919725, -0.036432598831009647, -0.015906911185894886, 
-0.014036053192665088, -0.013622478777065914, -0.0079070741034303095, 
0.01083512347754109, 0.024285670418000362, -0.002687515482342342, 
0.12423437001912936, 0.015122782651793041, -0.0015673201479216086, 
0.00067587134291638581, -5.6054371483567942e-05, -0.020533065543190256, 
0.046841259919375301, 0.013857787902431449, 0.036608142060000612, 
0.012851367176668644, -0.0039485623956615713, -0.034417610573557314, 
-0.00030440715097228033, -0.004744821452378885, -0.0091960084278395159, 
-0.015268471973235527, 0.026022899171590879, 0.026783320701331267, 
-0.022613140262446704, -0.0079070741034303095, -0.050246320872708923, 
