structure(c(0.34573189876195293, -0.15491933390258872, -0.22635362921906743, 
0.05914107662344139, 0.093119389847989398, 0.024376819718738087, 
-0.0024795935381697431, -0.028205490903380169, 0.05157058112031785, 
-0.096752200954481865, 0.0050444389374378453, 0.11132803818416297, 
0.0038145673549293789, 0.046820694952356572, 0.067981427330959202, 
0.032509180839957186, 0.020910151738989174, -0.10016583867562046, 
-0.34134259182323068, -0.16672864257771747, 0.040901170075559733, 
-0.0037775903822298918, 0.048962735935984845, 0.03819959726226544, 
-0.15491933390258872, -0.050710934991020577, -0.13332373210219492, 
0.16789023742404002, 0.014982969344960949, -0.031607919735311268, 
-0.018207503544300868, 0.016709609636523196, -0.1289644280909289, 
0.16002236836605824, -0.18326659635434728, 0.068518124973780389, 
0.019240228111052547, 0.020835211378956092, 0.011408732599024881, 
-0.0953981368883009, 0.0021985861223992593, 0.056317610987577885, 
-0.30940617293864597, -0.39903812740521699, -0.044496719771710297, 
-0.0095687809848933759, 0.0011187121231006653, 0.038544980473340457, 
-0.22635362921906746, -0.13332373210219492, -0.15601475911402862, 
0.090585126134511529, 0.0055791698222277574, -0.0028221843236276708, 
0.024338995071448925, -0.0033091502522223596, -0.0013585688510156185, 
-0.080429894922333725, -0.020906819694670623, -0.0021365828688882063, 
0.0033067077114984434, -0.010055618276144138, -0.015498935984190313, 
-0.059079638018647254, 0.024498173392122954, -0.041312716229098351, 
0.069064429232736355, 0.21685190752933256, -0.085414593511474748, 
0.02745181634911981, 0.0094557348655289128, 0.010315282071186555, 
0.059141076623441396, 0.16789023742404002, 0.090585126134511529, 
0.011768973082938228, -0.062095082003919652, 0.038588124350471542, 
0.041035607921928369, 0.016027015146605331, 0.15328822836011149, 
-0.020866507591673484, 0.1480672176451118, -0.0094636297908996178, 
-0.0078577353030096758, 0.037475548035369198, -0.021674074018475882, 
0.10461988926954681, 0.016297935801672998, 0.03990993938725633, 
-0.50278512545802456, 0.30072456275579063, 0.019378896481271671, 
0.01376984119220994, -0.067196021261033301, -0.014174688072564161, 
0.093119389847989398, 0.014982969344960949, 0.0055791698222277574, 
-0.062095082003919652, -0.001513936105038123, 0.039754330257249511, 
-0.017645183023015255, 0.029286019120804838, 0.022446562663018747, 
-0.026893293331763456, -0.073476707404327837, 0.024557940661271337, 
-0.0016578991052912169, -0.01265746970213483, -0.011266663972303297, 
-0.11711406464288346, -0.038782411743242526, 0.037405659153724249, 
0.2613450303626636, -0.4666749554925852, 0.026678416754148011, 
-0.03103683743852708, -0.048282565334980057, -0.038436841882042348, 
0.024376819718738087, -0.031607919735311275, -0.0028221843236276708, 
0.038588124350471542, 0.039754330257249504, -0.05203950180465948, 
-0.0089790570148562954, 0.0060994706785106765, 0.068884373698787901, 
-0.095784731017283672, -0.10411608026848106, -0.057525138877004368, 
-0.0031556783663444291, 0.015017156318477092, 0.024928528044377871, 
0.021651885005761203, 0.0028056738578601335, -0.014954841881399021, 
0.039674390530741364, 0.17392091994677905, -0.047263378262244769, 
0.049923102158039856, -0.0085485605578490397, 0.0084564162309914287, 
-0.0024795935381697431, -0.018207503544300872, 0.024338995071448925, 
0.041035607921928369, -0.017645183023015251, -0.0089790570148562954, 
-0.067194560973974873, 0.045868075916263927, 0.028082261299313967, 
0.044383631463223633, -0.058890154801534249, -0.036937079353578775, 
0.009694344804532835, 0.012670468929075283, -0.0068981724920749348, 
0.025946500062974717, 0.024127502197246124, 0.0036807367393189671, 
-0.33136932182681306, 0.26261068091929968, 0.078676662603329339, 
0.046361386853047089, 0.034360716421591185, 0.045078661870167909, 
-0.028205490903380169, 0.016709609636523196, -0.0033091502522223592, 
0.016027015146605331, 0.029286019120804838, 0.0060994706785106765, 
0.045868075916263927, -0.033637361307210165, 0.079820620560311903, 
0.022795491787403119, 0.10177489662561617, -0.046545418228515031, 
0.0049957087869489884, 0.022661472792927434, -0.0047921514488170874, 
-0.0021881899727457001, -0.032788805415756496, 0.007641998430417022, 
0.65991116814825412, 0.16832948786794916, 0.03083489499895984, 
0.0175797725541126, 0.070049578356498179, 0.031149285215478904, 
0.051570581120317843, -0.1289644280909289, -0.0013585688510156183, 
0.15328822836011149, 0.022446562663018747, 0.068884373698787901, 
0.028082261299313967, 0.079820620560311917, -0.19725086812170101, 
0.078917864603758783, -0.42891014417830509, 0.15363653828031915, 
0.051862575426014454, 0.031100417602491184, 0.014557309109751133, 
0.044139944956846561, 0.044815397441748714, -0.043016086315913547, 
0.23887436900499159, 0.069743844090969884, 0.10203537714335327, 
0.087252735269435625, 0.074308957433372957, 0.040371943624146429, 
-0.096752200954481865, 0.16002236836605824, -0.080429894922333725, 
-0.02086650759167348, -0.026893293331763456, -0.095784731017283672, 
0.044383631463223626, 0.022795491787403119, 0.078917864603758783, 
0.051138511412474372, -0.073582766978151415, 0.06998175327519196, 
0.013811752618196534, -0.0032504935018183305, -0.035878604964656835, 
0.11016279413788983, 0.048334270072494988, -0.030930636799824437, 
0.014062959229274327, 0.43810355956483182, 0.052505473775580166, 
0.066074891925403542, 0.0053202213154738527, 0.026104613841324346, 
0.0050444389374378453, -0.18326659635434728, -0.020906819694670623, 
0.14806721764511183, -0.073476707404327837, -0.10411608026848106, 
-0.058890154801534256, 0.10177489662561617, -0.42891014417830514, 
-0.073582766978151415, -0.46691611123759391, -0.0001777199543355005, 
-0.0078819558132921051, -0.049860003958943196, -0.095213363339575308, 
-0.048160321721107784, -0.019414333278205586, -0.030181350989315583, 
0.91905996437080961, -0.44954603004180321, -0.04086959276564988, 
-0.0022819749979581063, 0.0098328016273438526, -0.043314422787591594, 
0.11132803818416295, 0.068518124973780389, -0.0021365828688882063, 
-0.0094636297908996178, 0.024557940661271337, -0.057525138877004368, 
-0.036937079353578775, -0.046545418228515031, 0.15363653828031912, 
0.06998175327519196, -0.0001777199543355005, -0.071508115931683255, 
0.018484136717129878, 0.0046299847291623843, 0.018669468032952961, 
0.012738303966958919, -0.010312249359953649, -0.042345016819757525, 
0.30746105088285847, 0.21354793370728348, -0.027268542102430383, 
0.0021979452112135989, 0.018875735586989472, 0.046726167409003309, 
0.0038145673549293789, 0.019240228111052547, 0.0033067077114984434, 
-0.0078577353030096758, -0.0016578991052912169, -0.0031556783663444295, 
0.009694344804532835, 0.0049957087869489884, 0.051862575426014454, 
0.013811752618196532, -0.0078819558132921051, 0.018484136717129878, 
-0.0036565216549850634, 0.010250999775445375, 0.031145005466734869, 
0.0076076674534478134, 0.049755406686605788, 0.01034055073430579, 
-0.16462829099391241, 0.064962149044732895, 0.020498084472418653, 
0.025877728654325877, 0.02634199020037813, 0.001600363817226342, 
0.046820694952356579, 0.020835211378956092, -0.010055618276144136, 
0.037475548035369198, -0.01265746970213483, 0.015017156318477092, 
0.012670468929075283, 0.022661472792927434, 0.031100417602491184, 
-0.0032504935018183305, -0.049860003958943196, 0.0046299847291623843, 
0.010250999775445375, 0.030876181044652992, 0.02417984353600899, 
0.019689998557459239, 0.049179589235457101, 0.015098490720269451, 
-0.04964077355093794, 0.024261470864126312, 0.024519532266580522, 
0.034732668700111026, 0.047275472229128201, 0.0024212074169651511, 
0.067981427330959202, 0.011408732599024881, -0.015498935984190313, 
-0.021674074018475879, -0.011266663972303297, 0.024928528044377875, 
-0.0068981724920749339, -0.0047921514488170865, 0.014557309109751133, 
-0.035878604964656835, -0.095213363339575308, 0.018669468032952961, 
0.031145005466734869, 0.02417984353600899, 0.012148572520003611, 
