structure(c(0.20827846847321313, -0.10142959660341991, 0.061122440736521323, 
-0.0077810526081447985, -0.074310509334631111, 0.0099497454570321008, 
-0.059255779480791838, -0.037126829692154049, -0.070200745066170911, 
-0.027681080949967497, 0.07353614457276407, -0.060840021542843667, 
0.016207407668264562, -0.012121436873853845, 0.00317606380201183, 
0.036671848514997031, 0.034761201800031033, -0.0066061050894657266, 
0.013831666546426064, 0.30117867608592264, -0.096633667177517008, 
0.0010117028097067471, 0.014859413283880548, -0.014795251123047793, 
-0.10142959660341989, -0.06951977174284639, -0.0028597472363511337, 
0.043992164791024635, -0.0052089339360078266, 0.096631150093482804, 
-0.041308149283973847, 0.00725541418555336, -0.29196178818235891, 
0.0099676379789218963, -0.052951169933589053, 0.032676745728056483, 
0.0046694253297334858, 0.016311302577474013, -0.010360163867997782, 
0.11297734889674418, 0.041290310242079742, 0.037847904848970743, 
-0.086714143368621377, -0.005705216292113984, 0.030418302518328392, 
-0.045524294984821523, 0.079691388091004622, 0.011961373976551322, 
0.061122440736521323, -0.0028597472363511337, -0.09476194002565537, 
0.0360414636253613, -0.0086011642471227542, -0.00093334038714189033, 
-0.016363548356713404, 0.041029116644328269, 0.051179276801940926, 
-0.0091383825692721212, 0.027537632451075985, 0.040704926702512405, 
0.012432989556441126, 0.0052157783282990346, 0.010412454051623794, 
-0.0030506117956293202, 0.0047994158584587325, -0.017746797001888918, 
0.28082258001821053, 0.076481976539397326, -0.011210958809900251, 
-0.013781638421428316, 0.0033263820559787101, -0.0048107124502742597, 
-0.0077810526081447976, 0.043992164791024635, 0.0360414636253613, 
0.046123047127556167, 0.019848028008343604, -0.0094019414190028242, 
0.027160430089435035, -0.0045191726669757308, 0.011313830647222748, 
0.013617723505425363, 0.047753527566983034, -0.030597927925687194, 
0.013608900069662715, 0.016983139363872895, -0.02172898492352205, 
0.01860464644673835, 0.0070885087628043963, 0.050423556777376553, 
0.017317910327079314, 0.032146412823603525, 0.036388473578068216, 
0.008991784421790024, -0.015182848128338648, 0.037513050571614519, 
-0.074310509334631111, -0.0052089339360078257, -0.0086011642471227542, 
0.0198480280083436, -0.051214004592442582, 0.025243050705575993, 
-0.019620255462000115, -0.051777366575865229, -0.020254127445962198, 
-0.12025663864598188, 0.031281890073942428, -0.083750130379219773, 
-0.01263420678610294, -0.0053975690216786307, 0.011550747641076921, 
0.02007864147742619, 0.031504693515405552, -0.0086603380313813698, 
0.00039672434796827116, 0.059886382917082551, 0.031301319138234959, 
0.015934207105976272, 0.049797892637237197, -0.017569700741444962, 
0.0099497454570321026, 0.096631150093482804, -0.00093334038714189044, 
-0.0094019414190028225, 0.025243050705575993, 0.0097607180613897906, 
0.0084583022988399172, 0.01279169249272083, -0.0031321280311211942, 
-0.0065433512187988525, 0.0036034332011343696, 0.026833426578552946, 
0.0091194561502772453, 0.0006730350532724985, 0.0072318878699383221, 
0.0076307819793151191, 0.0040247039577513619, 0.043969889938265776, 
-0.15709420057611523, 0.18372256173138013, -0.0022545149711241555, 
-0.0085318482605600092, 0.0095148568432422698, 0.0062243682131668115, 
-0.059255779480791845, -0.041308149283973847, -0.016363548356713404, 
0.027160430089435039, -0.019620255462000118, 0.0084583022988399155, 
-0.031099764335258212, 0.0055933925072778525, -0.069396502267937685, 
-0.017550094106188092, -0.022451594711198054, -0.020277956245799943, 
0.0090622334536570905, 0.004856338326455492, 0.013618971864031932, 
-0.016833532899835753, -0.0083283061967265558, -0.006666841262158326, 
0.25203207512706494, -0.013551193901709583, -0.028250681774408936, 
0.0035728400533084756, 0.013668903181278239, -0.0076993507030755142, 
-0.037126829692154056, 0.00725541418555336, 0.041029116644328269, 
-0.0045191726669757308, -0.051777366575865229, 0.012791692492720831, 
0.0055933925072778525, -0.002171543528445083, -0.029577635679262304, 
-0.041631423565833534, -0.055215325844760133, -0.0063815761288481777, 
-0.013845557256137921, -0.0042813027140333436, 0.0058678859917069759, 
-0.0028191362759631042, 0.011533228320487098, 0.028953713900397318, 
-0.14521660178960938, 0.16921194185687471, 0.021851389680244318, 
0.011754247728371874, 0.023678762091476593, 0.035222780511399016, 
-0.070200745066170897, -0.29196178818235891, 0.051179276801940919, 
0.011313830647222748, -0.020254127445962198, -0.0031321280311211942, 
-0.069396502267937671, -0.029577635679262304, -0.23223622390450652, 
-0.098239398548783594, -0.18462266774744115, -0.13228596621480168, 
-0.017803634561593281, 0.0017690558513262975, 0.021258140631061507, 
0.0080416127051807975, -0.0010220448936869196, 0.038624104124847708, 
-0.63096688436012749, 0.23072314624861306, -0.037921661833979027, 
0.03557687144984107, 0.053901318489891846, -0.029138348586560787, 
-0.027681080949967501, 0.0099676379789218963, -0.0091383825692721229, 
0.013617723505425363, -0.12025663864598188, -0.0065433512187988534, 
-0.017550094106188092, -0.041631423565833534, -0.098239398548783607, 
0.080834593723345574, -0.054666179260286975, -0.0052734045952776386, 
0.014704274646771227, 0.009999637776421327, -0.0096662978038009779, 
-0.011684889738086728, 0.024677238022494521, 0.020877021108067478, 
-0.24973371339154776, 0.13622465522790966, -0.02591676394859499, 
0.0071137014731370097, 0.054284472727797697, 0.029996567885169047, 
0.07353614457276407, -0.05295116993358906, 0.027537632451075988, 
0.047753527566983034, 0.031281890073942428, 0.0036034332011343696, 
-0.022451594711198054, -0.055215325844760133, -0.18462266774744115, 
-0.054666179260286982, -0.041927581347690833, -0.084557353540855293, 
-0.0049225349789556519, -0.019071014803778132, -0.026981656552495188, 
-0.028969190284979227, 0.016908511042820831, 0.082488779389561701, 
-0.45536636129665731, -0.10765460854757036, -0.074793756991815799, 
0.032837691608610352, 0.015295341117403223, -0.01680648286613879, 
-0.060840021542843667, 0.032676745728056483, 0.040704926702512398, 
-0.030597927925687191, -0.083750130379219773, 0.026833426578552949, 
-0.020277956245799943, -0.0063815761288481777, -0.13228596621480168, 
-0.0052734045952776386, -0.084557353540855307, -0.0099138715068409679, 
0.024960482627562872, 0.019216922560597101, -0.016242804369163359, 
0.019545799427440384, 0.013778001435249959, 0.049905521208751032, 
-0.22897156398474167, 0.046934747322660772, -0.041781447001431743, 
0.0053534179969581212, -0.0034709251337406151, 0.013823554571274908, 
0.016207407668264562, 0.0046694253297334858, 0.012432989556441126, 
0.013608900069662715, -0.01263420678610294, 0.009119456150277247, 
0.0090622334536570905, -0.013845557256137921, -0.017803634561593281, 
0.014704274646771227, -0.0049225349789556519, 0.024960482627562872, 
0.0048453358208770426, 0.0032153326802324294, 0.011092922462008433, 
0.0071177793465319892, 0.02696642400477442, -0.0027209815154795652, 
0.010342401458724417, 0.03424359288789601, 0.014042721976798704, 
0.011865439013700404, 0.022696720949192405, 0.0061718831866876345, 
-0.012121436873853846, 0.016311302577474013, 0.0052157783282990354, 
0.016983139363872891, -0.0053975690216786307, 0.0006730350532724985, 
0.004856338326455492, -0.0042813027140333436, 0.0017690558513262975, 
0.009999637776421327, -0.019071014803778132, 0.019216922560597101, 
0.0032153326802324298, 0.0087521801344970212, -8.2185047480513553e-05, 
0.013422081547814758, 0.014085687134705725, -0.00015193163177151328, 
-0.1493644756442829, 0.051210108290312674, 0.011566522968106058, 
0.0070129693243973102, 0.018400430021210119, 0.012806942392975886, 
0.0031760638020118304, -0.010360163867997782, 0.010412454051623792, 
-0.02172898492352205, 0.011550747641076921, 0.0072318878699383221, 
0.013618971864031932, 0.0058678859917069759, 0.021258140631061507, 
-0.0096662978038009779, -0.026981656552495188, -0.016242804369163359, 
