structure(c(-0.59580884308102855, -0.09015606491929902, 0.71337807877234916, 
-0.20042462560932711, 0.16558546794286877, -0.24455045984882057, 
0.014966319094268701, 0.28719512784145013, -0.97484553796629525, 
0.43352768726615265, 0.68514584256652167, -0.2026085071445706, 
-0.14249622818966334, -0.19619160044488215, -0.18560034278501383, 
0.1055804110857208, -0.30558824380330352, -0.06661758376373117, 
-2.071651309902296, -0.035157915584739151, -0.25359075367518691, 
-0.1664438261047943, -0.25487063342294419, -0.19674775624628166, 
-0.09015606491929902, 0.58977688113819693, 0.3785333033408444, 
-0.16780919410694919, -0.03603663265217924, 0.1591346637562969, 
0.52464896821614793, -0.24579535464524219, -0.52011296268146046, 
0.1072502888162345, 0.21910973636461176, 0.11435585626777939, 
-0.098844112864024308, -0.022889655871191076, 0.16871417564221641, 
-0.085851062400010517, -0.031235287640704271, -0.047029977805930302, 
-0.18088220679933056, 1.0433222700224551, 0.016277903708697798, 
-0.30497399142492115, 0.071616491085888495, -0.023123338403466746, 
0.71337807877234904, 0.3785333033408444, 0.12828770099867759, 
-0.12211046543256301, 0.082136677525224105, 0.046976650043335524, 
0.034446482983596219, -0.033992876814043373, -0.048429077671822286, 
0.029478353222103664, 0.37072133603228385, 0.21952986841382077, 
0.040915622943108826, 0.061523785943620478, -0.051117215542006447, 
-0.025416183356842623, 0.0047013665787314744, 0.15298461030028715, 
-0.88954926235229481, 0.2965305039360287, -0.090777858681405005, 
-0.025715592643884226, 0.0046586515080133117, -0.13108052313292262, 
-0.20042462560932711, -0.16780919410694919, -0.12211046543256303, 
0.047897778915804011, -0.18241676771716492, -0.089758522584334616, 
-0.042099523017659089, -0.065167293613486568, -0.43642836836131949, 
-0.20914575443369562, -0.56974706829318966, -0.10411643443828927, 
-0.0069140159327177432, -0.043179529029267236, -0.0090049300695292274, 
-0.059482081346233298, -0.14767310334856734, -0.014378492811936127, 
0.49952534990152914, 0.19211471000755653, 0.061083713381818228, 
0.047578715625717076, 0.057899619908626035, 0.092274440453389825, 
0.16558546794286877, -0.036036632652179247, 0.082136677525224105, 
-0.18241676771716492, 0.07526047293446346, -0.011072187232106812, 
0.081962844285868475, 0.077702910327966571, -0.22655744056853169, 
-0.17305418809906933, -0.14691722648477445, 0.099661268153983434, 
-0.094188624860821885, 0.040835544829914354, 0.098205431313764982, 
0.013090991445146968, 0.1460567139226836, 0.0036146619257866673, 
-0.38179619290828032, 1.2282027274886358, 0.058454629720924307, 
0.077482700508364699, 0.14953745419239264, 0.071885362342128181, 
-0.24455045984882057, 0.1591346637562969, 0.046976650043335517, 
-0.08975852258433463, -0.011072187232106812, 0.04191216357222579, 
0.081189525406161783, -0.14589345781722832, -0.20330821179917802, 
0.12276720191012626, 0.10278588949048235, 0.023708008698471991, 
0.010483700216999925, 0.037020619972910944, 0.049013575871177058, 
0.05148454191939094, 0.039281094928437101, 0.038312694586614127, 
0.35423384826533788, -0.39734400686016785, 0.058064195284903711, 
-0.019518064552442187, 0.16604012292701581, -0.0048449702809051417, 
0.014966319094268701, 0.52464896821614793, 0.034446482983596226, 
-0.042099523017659089, 0.081962844285868489, 0.081189525406161783, 
0.11445584529866559, 0.090704451519980633, 0.016054946038493136, 
-0.11669584113759436, 0.16188963348659921, 0.022892933918554015, 
-0.074417052181098106, 0.0084591085197372115, 0.03202148593925868, 
-0.066032456569180664, 0.056340652428189385, 0.048015524296499842, 
0.61505147136719129, -0.56923531340641564, -0.10289564794128926, 
-0.027972881622764734, -0.018177337170178779, -0.026908149283754672, 
0.28719512784145013, -0.24579535464524221, -0.033992876814043373, 
-0.065167293613486568, 0.077702910327966571, -0.14589345781722832, 
0.090704451519980633, 0.023259090947992139, -0.20731899229686912, 
0.16612327636662619, -0.025005108858065828, 0.074861568103555265, 
-0.010686297953646146, -0.004057513984226122, 0.096039290641444883, 
0.016379050115231567, -0.0067217163802132177, 0.088122463546813953, 
-0.74272507215526284, -0.38757917715929202, -0.01949105923690778, 
0.015289928815195229, 0.067241890104422136, 0.024963298896623104, 
-0.97484553796629525, -0.52011296268146046, -0.048429077671822286, 
-0.43642836836131949, -0.22655744056853172, -0.20330821179917799, 
0.016054946038493136, -0.20731899229686909, -1.5660751874190746, 
-0.39016100777537449, -0.99726006013142809, -0.24852393147056248, 
0.042366487500378434, 0.17921177014428299, 0.13355171447571912, 
-0.18144515984178089, -0.1351981433504405, 0.22869755928650617, 
-2.5631936135258773, 0.86945327704629238, 0.025488982769052423, 
-0.009796979323685619, 0.19315510448263021, -0.10483975148529584, 
0.43352768726615259, 0.1072502888162345, 0.029478353222103661, 
-0.2091457544336956, -0.17305418809906933, 0.12276720191012624, 
-0.11669584113759436, 0.16612327636662622, -0.39016100777537449, 
0.7008735673809634, 0.18034815823847966, -0.32655459703614675, 
0.010404740974756735, -0.015067163350074492, -0.27080393203140635, 
-0.071133575504949559, -0.13995005173396954, 0.13070251852424464, 
-0.62174324977727369, 0.08922856944894661, 0.037061370807767439, 
0.005267063047948526, 0.11750454620984319, 0.22241668562863798, 
0.68514584256652156, 0.21910973636461176, 0.37072133603228385, 
-0.56974706829318955, -0.14691722648477445, 0.10278588949048235, 
0.16188963348659921, -0.025005108858065828, -0.99726006013142809, 
0.18034815823847963, 0.19092165672314834, 0.063090770391448711, 
0.058138286822013725, 0.16307704248438587, -0.04425866884170495, 
-0.084177003521926488, 0.049175727736891932, 0.018598341016875936, 
-3.4299813707122215, 0.76172199433066967, -0.16431868772400904, 
-0.036160107241135026, 0.038975465216267255, 0.03612109749362296, 
-0.2026085071445706, 0.11435585626777939, 0.21952986841382074, 
-0.10411643443828927, 0.099661268153983434, 0.023708008698471991, 
0.022892933918554011, 0.074861568103555265, -0.24852393147056248, 
-0.32655459703614681, 0.063090770391448697, -0.096942197391944873, 
0.02740661901057331, 0.071024668800877572, 0.064829938395152234, 
-0.10461499215361227, 0.015545489484335937, 0.10617577436384239, 
0.75087296047280017, 0.78705208098139068, -0.1193725606977227, 
0.009247177301984209, -0.0028826793661030688, -0.052548518270642199, 
-0.14249622818966334, -0.098844112864024308, 0.040915622943108819, 
-0.0069140159327177432, -0.094188624860821885, 0.010483700216999925, 
-0.074417052181098106, -0.010686297953646147, 0.042366487500378441, 
0.010404740974756735, 0.058138286822013725, 0.02740661901057331, 
0.0043445892102796993, -0.017084738303396609, -0.023643694014716016, 
0.0044106263764463255, 0.0031710421375762557, -0.050038592312322258, 
-0.23544369509905388, 0.37070479016878055, -0.0078284793250008849, 
0.022681997507618189, 0.0063001514784995841, 0.0054696947023752801, 
-0.19619160044488215, -0.022889655871191076, 0.061523785943620478, 
-0.043179529029267236, 0.040835544829914347, 0.037020619972910944, 
0.0084591085197372115, -0.004057513984226122, 0.17921177014428299, 
-0.015067163350074492, 0.16307704248438587, 0.071024668800877572, 
-0.017084738303396609, 0.010382307431166882, -0.065944158145401152, 
0.022285926860291353, -0.081239120095050119, -0.058950360148955758, 
-0.38392370061680386, 0.45682817123533048, -0.018416469671005967, 
0.012616143513358897, 0.0099357334865226455, 0.030051756540570899, 
-0.18560034278501383, 0.16871417564221639, -0.051117215542006447, 
-0.0090049300695292257, 0.098205431313764968, 0.049013575871177058, 
0.03202148593925868, 0.096039290641444883, 0.13355171447571912, 
-0.27080393203140629, -0.04425866884170495, 0.06482993839515222, 
-0.023643694014716016, -0.065944158145401152, 0.046523117047486212, 
0.027203188961945776, 0.0028926206077821807, 0.015107244983613438, 
-0.14922685696817325, 0.13322964567288542, -0.073867971709210056, 
