structure(c(-0.29150881094214587, -0.19271254457603951, -0.44535477027699955, 
0.10557642492323206, -0.14664230176596799, -0.052211385686440993, 
-0.067998971209125403, -0.038068593358426224, 0.79047392686843176, 
-0.56095659292050815, -0.76186922847384519, 0.096140254701160333, 
0.17666108842243153, 0.23004820850766022, 0.20337691932603957, 
-0.05203501353418042, 0.18638947905012176, -0.061082487842881783, 
2.0080132979555336, 1.0643767871347343, 0.4254337302518616, 0.086374689513371822, 
0.019416095701688955, 0.16943273351876662, -0.19271254457603954, 
-0.51220146118375087, -0.51438489086480588, -0.021505463245143019, 
0.080596148843205456, -0.23336562481889475, -0.27999283016593274, 
-0.010315739135467973, 0.34770874662776835, -0.48940146211971636, 
-0.59155488286845193, 0.064827778358693328, 0.022307460042683452, 
-0.046043119470176905, 0.0072235657440533939, 0.039989702714530437, 
-0.06680670703371662, 0.021063854072518793, 1.4408971324566475, 
-0.64203465545163718, 0.13819061071720928, 0.25468060536935921, 
-0.16631493247791418, -0.021519900938406292, -0.44535477027699949, 
-0.51438489086480588, 0.048621795644370663, 0.018557865698367832, 
-0.13758927922490452, -0.078606952223441023, -0.035009799939318006, 
-0.11116085003378927, 0.07819271395207926, -0.019410072931215671, 
-0.37517665879643602, -0.070358518166956721, 0.016773194323263543, 
-0.075223180052916061, -0.051494567575963671, 0.041593300839048122, 
0.012574900332267267, -0.22438741478536378, 0.86879639100487882, 
-0.09644579397529518, 0.11566658432221075, 0.0089922280329799414, 
0.026989901534966231, 0.1118866005659019, 0.10557642492323209, 
-0.021505463245143019, 0.018557865698367832, -0.045465522558583438, 
0.065757432006197963, 0.14972000221400192, 0.029576546736718751, 
-0.018446982741006954, 0.049362860512529097, 0.12040651887917858, 
0.3664144191050635, 0.011902751135041637, -0.052346599931605037, 
0.009871114590776912, 0.030170941433630298, 0.043522230482280433, 
0.04926048307537189, 0.083279440417334913, -0.015103827730825737, 
-0.95027153684572652, -0.087262413157708413, 0.027137267056596005, 
0.070370996402202957, -0.11659453361158537, -0.14664230176596799, 
0.080596148843205456, -0.13758927922490452, 0.065757432006197963, 
-0.0045695663132597044, -0.097591406215716603, -0.0074604377468440982, 
-0.024137013008449452, 0.47510059717476205, 0.1628520608251264, 
0.25847991007293247, -0.070866550252076874, 0.16075258361502512, 
0.032342958369789031, -0.092729872328984927, -0.020297287907171245, 
-0.039969618279430671, 0.015686099651189191, -0.7475001890716646, 
-0.71978995746569752, 0.01496836391761259, -0.081424703888832328, 
-0.048167836830338324, -0.039654074766952166, -0.052211385686441, 
-0.23336562481889475, -0.078606952223441023, 0.14972000221400192, 
-0.097591406215716589, 0.063939937988339565, -0.06297495598093894, 
0.11920429874724665, -0.036437817602390718, -0.12408118263194881, 
-0.13830156470115987, -0.0083324067753709277, -0.067568923077867576, 
-0.057601704530169121, -0.047832869579348493, 0.018452927659699206, 
-0.0647490430836868, -0.043480994493736748, -0.3381054541294628, 
0.040957339489410036, -0.037947624953965281, -0.055898985310845709, 
-0.11195067666695133, -0.016296111834927594, -0.067998971209125417, 
-0.27999283016593279, -0.035009799939318006, 0.029576546736718754, 
-0.007460437746844099, -0.06297495598093894, 0.010055833217045125, 
-0.087475801959617974, -0.016019439695001525, 0.021256760774030839, 
0.030064916961986061, -0.0070431317308008333, 0.080435792846443657, 
0.04165491039320407, -0.07979272452942747, -0.0014609853741336563, 
-0.077508251269422346, -0.044305335115457485, -0.84230477244112223, 
0.16224412594992912, 0.0436324024880336, 0.059143728868115995, 
-0.020268168312066463, 0.00079982498929010467, -0.038068593358426231, 
-0.010315739135467973, -0.11116085003378928, -0.018446982741006958, 
-0.024137013008449452, 0.11920429874724665, -0.087475801959617974, 
0.051004870117868743, 0.14907356736614927, -0.21418516967869661, 
-0.10674022782591135, -0.029276076641508938, 0.026559019456701423, 
0.014792122147993534, -0.085458964319846328, 0.018731446654126054, 
0.071813310094638608, -0.052758672536881039, 0.089976684108063545, 
0.18545466771608909, -0.11142965708390389, -0.071636312934315688, 
-0.067842550380244074, -0.048922342535485733, 0.79047392686843188, 
0.34770874662776835, 0.078192713952079274, 0.049362860512529104, 
0.47510059717476211, -0.036437817602390718, -0.016019439695001525, 
0.14907356736614924, 1.3840928943456938, 0.044878368079910282, 
1.4666897915452941, -0.0049738195646302974, 0.035555161683952043, 
-0.10984441430896122, -0.10316157108132296, 0.071188349843878479, 
0.099237925916629346, -0.19134988008454418, 3.4391885694311424, 
0.19754281467074208, -0.082356185401578505, -0.081693409979710918, 
-0.12311802482851134, -0.10292122732986919, -0.56095659292050815, 
-0.4894014621197163, -0.019410072931215674, 0.1204065188791786, 
0.1628520608251264, -0.12408118263194881, 0.021256760774030835, 
-0.21418516967869661, 0.044878368079910275, -0.85641779623560899, 
-0.45066169315567933, 0.20630006244011242, -0.036714719966082901, 
-0.0032057246646548989, 0.3753313413806304, -0.11113309423511801, 
-0.013149505162878411, -0.19732564113129358, 0.6418545895570108, 
0.038417947592112325, -0.14814613625427328, -0.16814731257491569, 
-0.095848003166900481, -0.21699305384387071, -0.76186922847384519, 
-0.59155488286845193, -0.37517665879643597, 0.3664144191050635, 
0.25847991007293253, -0.1383015647011599, 0.030064916961986061, 
-0.10674022782591133, 1.4666897915452941, -0.45066169315567933, 
0.23516529582574983, -0.081780123090671827, 0.03450163845340376, 
-0.029815774355329189, 0.11224333468172817, 0.1010472810755608, 
-0.024561853008381734, 0.028171969727823386, 1.5225202491282868, 
0.27031039097905973, 0.23103436971072402, -0.10167558848630126, 
0.19416077018861591, -0.14432378978899879, 0.096140254701160333, 
0.064827778358693328, -0.070358518166956735, 0.011902751135041637, 
-0.070866550252076874, -0.0083324067753709277, -0.0070431317308008324, 
-0.029276076641508938, -0.0049738195646302965, 0.20630006244011242, 
-0.081780123090671841, 0.21772507243310538, -0.047284075226370445, 
-0.075992532068678453, -0.072665583220377819, 0.055076269664999185, 
-0.012051305812368756, -0.080115852434584703, 0.1653106484120809, 
-1.073320909994117, 0.14502170330993225, -0.06230809596387199, 
0.037328616103418769, -0.065877381029423948, 0.1766610884224315, 
0.022307460042683448, 0.016773194323263543, -0.052346599931605044, 
0.16075258361502512, -0.067568923077867576, 0.080435792846443657, 
0.026559019456701419, 0.035555161683952043, -0.036714719966082901, 
0.034501638453403753, -0.047284075226370445, -0.022256878557657168, 
-0.004864249477115389, -0.014408614012109144, -0.033032373785736292, 
-0.080211448805755606, 0.0075728616181577032, -0.10009170877692476, 
-0.39160253302441794, -0.021323397325612375, -0.071944263807275075, 
-0.050964963366776701, -0.032942770270151953, 0.23004820850766022, 
-0.046043119470176898, -0.075223180052916061, 0.0098711145907769103, 
0.032342958369789031, -0.057601704530169121, 0.04165491039320407, 
0.014792122147993534, -0.10984441430896122, -0.0032057246646548989, 
-0.029815774355329189, -0.075992532068678439, -0.004864249477115389, 
-0.04544231805255651, 0.042780822391968884, -0.049749750211543257, 
-0.008951352325136195, -0.01192899857009512, -0.066053980032105844, 
-0.3922020425634411, -0.021666596840185053, -0.042344799980453339, 
-0.074826046646704614, -0.023651769373440577, 0.20337691932603955, 
0.0072235657440533939, -0.051494567575963671, 0.030170941433630298, 
-0.092729872328984914, -0.047832869579348493, -0.079792724529427456, 
-0.085458964319846328, -0.10316157108132296, 0.37533134138063035, 
0.11224333468172819, -0.072665583220377819, -0.014408614012109142, 
0.042780822391968884, -0.018960043474972037, -0.041188664088201515, 
-0.05583893434271088, 0.038556905601098874, -0.22692744436640083, 
