structure(c(-0.39528905002384762, 0.082645582869650833, -0.14350471855621907, 
0.0078824621778662667, -0.033829786601631211, 0.073631539830456297, 
-0.034022263503910362, 0.19690103429965056, 0.31618670191388959, 
-0.092048149117372247, 0.24548823822305835, -0.068668930461001088, 
-0.054906460541535855, -0.079642399780553472, 0.10815095862783466, 
0.14907876474635728, 0.1196656499567515, -0.16161973422258977, 
0.79677776079791829, 0.34042365903747973, 0.060935369732185662, 
0.017348324629438465, 0.11443976933007816, 0.079788074027511008, 
0.082645582869650819, 0.42626320140320823, -0.014137006254728763, 
0.025658846337840938, 0.14851814717569956, -0.0010206108618409601, 
0.14255523958204239, 0.21661981920414933, 0.578632842476141, 
0.096165673260280651, 0.4501883881239428, 0.040758008780749803, 
-0.0021725421480523867, 0.025376424766331635, 0.066582846497056591, 
-0.098284951931174216, 0.074989404554127517, -0.04608718146435193, 
0.87521325584561316, 0.32937901523659907, 0.016764413274585718, 
0.021309237741105876, 0.069858081667254671, 0.015952100430011783, 
-0.14350471855621907, -0.014137006254728765, -0.023782736003037618, 
0.080758741276553997, -0.0039201988438391728, -0.014714063802435064, 
-0.0875490333258373, 0.040260856165520699, 0.02670915942353215, 
-0.12399775297348038, -0.03040981734596206, -0.18220506589601271, 
-0.00060179244967474631, 0.071834731664457835, 0.073918251276135119, 
-0.043807870558136057, -0.064641398926943983, 0.035104189448720013, 
0.058990017522188902, -0.055601013315028917, 0.047686049991073245, 
0.0068983744077929987, -0.022863555313466163, 0.045794006668099088, 
0.0078824621778662667, 0.025658846337840935, 0.080758741276553997, 
0.068135891330779769, 0.22857348087514534, 0.049406314216624503, 
0.07180689508848502, 0.1053073533638218, 0.071597204694012304, 
-0.083464726122197616, -0.066260982154625989, 0.054673214403498586, 
0.053889798024663579, -0.011224827927081127, -0.049891898776048049, 
0.027546543562589784, 0.038222055105541088, -0.020413065965458464, 
-0.2091245579739763, 0.38168110927400006, -0.0046149311658688005, 
0.033258011500742889, 0.048700377034699441, -0.018602394697866086, 
-0.033829786601631211, 0.14851814717569956, -0.0039201988438391736, 
0.22857348087514534, 0.12272612236037296, -0.070883547620007564, 
0.028015423429257797, 0.088208408277183792, 0.066791197841646194, 
0.18281726325617764, 0.395487041297022, 0.043675911205176145, 
-0.021400654066684302, -0.014945493650247915, 0.11399972820374767, 
-0.038118473406626358, 0.017833351023686345, -0.015980893570678032, 
-0.030145379157390101, 0.19442898943992004, -0.068840862660408814, 
0.021498206876752191, -0.11906010503247659, -0.022054167096410358, 
0.073631539830456297, -0.0010206108618409601, -0.014714063802435062, 
0.049406314216624503, -0.070883547620007564, 0.089389353550537093, 
0.062589441154077705, 0.053863907585618626, -0.087306027865630936, 
0.053126680433565818, -0.24095124779540764, 0.00094152680342699619, 
0.024286519176787372, 0.024833877263833438, 0.0057487394439842219, 
0.011011225445423517, 0.033813771450286426, 0.064302873791631715, 
0.16758329017874177, 0.26066372006850114, 0.054434970718194739, 
-0.026938332994718626, 0.023226554499208726, 0.053572536981745369, 
-0.034022263503910362, 0.14255523958204239, -0.087549033325837286, 
0.07180689508848502, 0.028015423429257801, 0.062589441154077718, 
-0.053453004592746871, 0.024022296569777012, 0.01033420004173996, 
0.018821089021120344, 0.054172256733474887, 0.030305455867723381, 
-0.013080946221121787, 0.013382482167311674, 0.034072184008593923, 
0.060110467013147574, -0.0090998529451252023, 0.035100999410506394, 
0.119422721843447, -0.16460084573604869, 0.0029686960961172533, 
-0.012974997520536687, -0.043098157496748737, 0.0063496881230652802, 
0.19690103429965058, 0.21661981920414933, 0.040260856165520699, 
0.1053073533638218, 0.088208408277183792, 0.053863907585618626, 
0.024022296569777012, 0.0067284843284736318, 0.17994657958561408, 
-0.024689169172079303, 0.021773500465496844, 0.067718518549183121, 
0.038278046994377785, 0.034884539478166186, -0.01320679848626242, 
-0.014901766598557631, 0.027029336814787874, 0.029282089814357683, 
-0.041683141651223013, 0.086398010266417691, -0.0358178386958359, 
-0.02013869984470253, 0.045628173408836098, -0.0080266694883479907, 
0.31618670191388959, 0.57863284247614089, 0.026709159423532153, 
0.071597204694012304, 0.066791197841646194, -0.087306027865630936, 
0.010334200041739959, 0.17994657958561408, 0.21112673300870366, 
0.24400966087492904, 0.23554930550294767, 0.065236251970931539, 
0.055743684720386127, 0.00021321108552183678, 0.025312651668100854, 
-0.0808751236205216, 0.027547676241048737, 0.034310705224984639, 
0.5738785519191163, -0.035412461124053649, -0.12987024455497714, 
0.037010736721234797, -0.17490234541240118, -0.021887749593303057, 
-0.092048149117372247, 0.096165673260280651, -0.1239977529734804, 
-0.083464726122197616, 0.18281726325617764, 0.053126680433565818, 
0.018821089021120344, -0.024689169172079303, 0.24400966087492904, 
-0.02285458253870858, 0.13441275740368117, -0.01669715971029723, 
0.10024154068154417, 0.073483111826078654, -0.054666276174457004, 
-0.04460973426935113, 0.059989125515810891, -0.040644362255626426, 
0.092158253611274374, 0.22879904000747467, 0.047459657837269922, 
0.063989547577629854, 0.031917530826210204, -0.078303639834602867, 
0.24548823822305835, 0.4501883881239428, -0.03040981734596206, 
-0.066260982154626002, 0.39548704129702195, -0.24095124779540764, 
0.054172256733474894, 0.021773500465496844, 0.23554930550294767, 
0.13441275740368117, 0.48086701244901425, -0.071261861222900499, 
-0.053796992075424419, -0.057302247726938302, -0.025088535189250413, 
-0.003148459883995214, -0.041783606934488814, 0.16625805335585186, 
0.92935569196536016, -0.16389999175210382, -0.027396599164113546, 
-0.052861784472933639, 0.050433163088253588, -0.027549770802606937, 
-0.068668930461001088, 0.040758008780749796, -0.18220506589601271, 
0.054673214403498586, 0.043675911205176145, 0.00094152680342699619, 
0.030305455867723385, 0.067718518549183135, 0.065236251970931539, 
-0.01669715971029723, -0.071261861222900499, -0.13592477726354724, 
-0.020906772727518542, -0.0029495070841009103, 0.01882236531234344, 
0.0035051990815386925, -0.0036230787348398535, 0.017801450080591676, 
-0.24822447738387546, 0.041119465339675206, 0.076417954531762686, 
0.023766211320883555, 0.026993529733459254, -0.028153737403505609, 
-0.054906460541535855, -0.0021725421480523867, -0.00060179244967474631, 
0.053889798024663572, -0.021400654066684299, 0.024286519176787372, 
-0.013080946221121787, 0.038278046994377785, 0.055743684720386127, 
0.10024154068154419, -0.053796992075424419, -0.020906772727518542, 
0.070619190015412253, 0.068504874329247276, 0.0062313588782323195, 
0.032939642377611843, 0.0017581887994020274, 0.012630371294226847, 
0.077842938034038356, 0.22991903023682322, -0.003126136562571275, 
0.023198373602813595, 0.012915357626969085, 0.0049622168042748509, 
-0.079642399780553472, 0.025376424766331632, 0.071834731664457835, 
-0.011224827927081127, -0.014945493650247915, 0.024833877263833435, 
0.013382482167311673, 0.034884539478166186, 0.00021321108552183681, 
0.073483111826078654, -0.057302247726938309, -0.0029495070841009103, 
0.068504874329247276, 0.056900569166367126, -0.0037113978844917398, 
0.03473136914611661, 0.0135925430864963, 0.0089476248330516255, 
0.20808687358930508, 0.088506196792175626, 0.011894563831388991, 
0.0035048926944044189, 0.0049136183251322473, -0.029882517978602582, 
0.10815095862783468, 0.066582846497056591, 0.073918251276135119, 
-0.049891898776048042, 0.11399972820374767, 0.0057487394439842228, 
0.034072184008593923, -0.01320679848626242, 0.025312651668100854, 
-0.054666276174457011, -0.025088535189250413, 0.01882236531234344, 
0.0062313588782323195, -0.0037113978844917398, 0.022750828491835542, 
-0.027225323549800222, 0.026899170099237518, 0.031992777391753664, 
