structure(c(0.028722104187126046, -0.017910707382872853, 0.047024634243420203, 
-0.041405788552830239, 0.053372552559835904, 0.031859855056658053, 
-0.06792058955115983, 0.017861108424985856, -0.12923656869315048, 
-0.098010021804203692, -0.15881015626241177, -0.077110852998915153, 
0.018508310699718974, 0.015008722491043744, 0.015021391888752251, 
0.014641625639202382, 0.083797767639886889, 0.014573079734739263, 
-0.35542988758021304, -0.13198566098752404, -0.026111465597466837, 
-0.048855498950966691, -0.0095641419363574152, -0.014963068411662917, 
-0.017910707382872853, -0.04615887771056916, -0.023294092257766914, 
0.047562501871224169, 0.026058485390632779, -0.018037586911487283, 
0.03969169144123625, -0.033788769523417278, 0.078808292210370862, 
-0.071382311706855758, 0.016511639659035189, -0.039585182896289428, 
-0.046105871346539269, -0.032481663830791818, 0.05272373618884154, 
0.013934086947524698, -0.015242802395618246, 0.016857009431203336, 
0.15221481995933817, 0.075685379094540178, -0.017511009070668441, 
0.053478300842854154, -0.011654044667765638, 0.043269789496870603, 
0.047024634243420203, -0.023294092257766918, 0.054777078362395586, 
-0.017846923721297883, 0.064407743218465041, -0.010917346261576378, 
-0.018533814701761679, -0.0034783346247935385, -0.065974997449935152, 
0.038630591956253568, -0.013980883578242464, -0.013334259699946721, 
0.015468186305070039, 0.021418982928864783, -0.024620718384527115, 
0.01675309889952984, -0.0066632389235200366, 0.0083648006503092894, 
0.0095047138520203186, -0.22125583026678025, -0.0047764379924153154, 
-0.02022167723258389, -0.016590397295614071, -0.0047528798503367548, 
-0.041405788552830239, 0.047562501871224176, -0.017846923721297883, 
0.015475437283322898, 0.015819684836028362, -0.029101724633068159, 
-0.011644945188791785, -0.014708213812395241, 0.066125181578642875, 
-0.0026653297949793884, 0.072133814434069535, 0.045376114363848342, 
-0.021181019495412283, -0.022916192461060251, -0.0021237951693689624, 
0.027418023367736997, 0.0012674275155270638, -0.00074415677285045588, 
-0.040556320464235608, 0.096900979151584438, 0.02025054096411813, 
-0.0056406996150665774, -0.010320707702662763, 0.0031794811629783292, 
0.053372552559835897, 0.026058485390632782, 0.064407743218465027, 
0.015819684836028365, 0.0037232680792200689, 0.01906964530111541, 
-0.034135679844853162, 0.0058766812094693498, -0.068266766031799181, 
-0.017099976310322472, -0.004863297200350265, 0.034475612017852299, 
0.01075970510545771, 0.008950555917568678, -0.01044862041210025, 
0.039435060629248377, 0.0061604249078550674, 0.0094388926610739152, 
0.084248131066697887, 0.02634633539021463, 0.033683625408254682, 
-0.0142972397269331, 0.043155376696764003, -0.01946412848511446, 
0.03185985505665806, -0.018037586911487286, -0.010917346261576377, 
-0.029101724633068159, 0.019069645301115414, -0.016431910821092268, 
0.0049932820770183482, -0.01602452246582118, 0.10392964219473805, 
0.011176511586611615, 0.030525917262871748, -0.016835792115402946, 
-0.011738897837606517, 0.0019463259377141841, -0.0086826570671678371, 
0.025620669148435086, -0.02447814734203043, -0.015671597019154472, 
0.044692202113865577, 0.10310404155536761, -0.01107268172328797, 
0.020456542398483192, -0.0072784196855809526, 0.0080347644781330295, 
-0.06792058955115983, 0.03969169144123625, -0.018533814701761679, 
-0.011644945188791785, -0.034135679844853162, 0.0049932820770183491, 
-0.0074899662740189549, 0.0066584123094925503, -0.042088349168604322, 
0.022428366181857212, -0.013525304778866492, -0.0044947417939362709, 
0.0017048764410387534, 0.0017128460792308214, 0.024542682182915668, 
0.0031126065944018207, 0.010332250098227795, 0.014918158992691288, 
0.099799543761181164, -0.031416233542799446, 0.0090428106861124014, 
0.014313959940789359, 0.010535948973655437, 0.006091126566886357, 
0.017861108424985856, -0.033788769523417271, -0.0034783346247935385, 
-0.014708213812395241, 0.0058766812094693498, -0.016024522465821183, 
0.0066584123094925503, -0.010556499435423194, 0.031077834996851891, 
-0.0096842970559457252, 0.038075679337845815, -0.013812782118396252, 
-0.002648193374686482, -0.0076853186993952553, -0.0096289757615862764, 
0.0094515631828618312, -0.013980634399595033, -0.016636146712553316, 
0.059027424601535372, -0.030352293864162379, 0.026119564464182805, 
-0.0065179072623024062, 0.001804630611376624, 0.027532078221495965, 
-0.12923656869315048, 0.078808292210370876, -0.065974997449935152, 
0.066125181578642875, -0.068266766031799181, 0.10392964219473806, 
-0.042088349168604322, 0.031077834996851891, 0.26832966361399402, 
0.033168024285554709, 0.062681123644441797, 0.021005717193868539, 
-0.0025872040695514571, -0.012859090306450922, 0.019439400295981686, 
0.06208509958294315, 0.011390568687309316, -0.016416685869915633, 
-0.11446831131205679, 0.12393096170613559, 0.0023313049967323618, 
0.014092460801027322, -0.032275065405711109, 0.027072131463778674, 
-0.098010021804203679, -0.071382311706855744, 0.038630591956253568, 
-0.0026653297949793884, -0.017099976310322472, 0.011176511586611615, 
0.022428366181857215, -0.0096842970559457269, 0.033168024285554709, 
0.11332962356316097, -0.0097620003603917562, 0.02289250523864363, 
-0.015659619118015958, -0.021420893512191976, 8.1992497926228742e-05, 
0.011549793609641998, -0.0028944329648546581, 0.027459955650749792, 
-0.039840971121855924, 0.10508331195180581, -0.0093537525447834197, 
-0.027343637601303709, 0.012950854013597093, 0.0020252194698212583, 
-0.15881015626241177, 0.016511639659035186, -0.013980883578242464, 
0.072133814434069521, -0.004863297200350265, 0.030525917262871748, 
-0.013525304778866492, 0.038075679337845808, 0.062681123644441797, 
-0.0097620003603917562, 0.15040069299376163, -0.0058997869562711696, 
0.012523564698825934, 0.013439504875322623, -0.00042628825457887326, 
0.030264620683314803, -0.0053277960245195939, 0.0011251916931807066, 
0.49946664800509605, 0.023242162888387659, 0.0023313678010814243, 
0.024093139927982635, 0.039515407296165761, 0.048595578659901238, 
-0.077110852998915153, -0.039585182896289421, -0.013334259699946721, 
0.045376114363848342, 0.034475612017852306, -0.016835792115402946, 
-0.0044947417939362709, -0.013812782118396252, 0.021005717193868536, 
0.02289250523864363, -0.0058997869562711696, 0.011034373546070845, 
0.00073387111597472351, 4.7289278413855522e-05, 0.017499278573379101, 
-0.021827386974725728, -0.00058239169327343673, -0.0063686999267892012, 
-0.31133179177199449, -0.019427864129996166, 0.040054139921355751, 
-0.011144228195971608, 0.035070829545671089, 0.031892763524511022, 
0.018508310699718974, -0.046105871346539269, 0.015468186305070037, 
-0.021181019495412286, 0.010759705105457712, -0.011738897837606517, 
0.0017048764410387534, -0.002648193374686482, -0.0025872040695514575, 
-0.015659619118015958, 0.012523564698825934, 0.00073387111597472351, 
0.0035057114572618893, -0.0021425972110442329, -0.010543014352431556, 
0.0026374249682021862, -0.010801222601904371, 0.0059710203236781638, 
0.061784492442048942, 0.021224411396169353, 0.0001240725845039501, 
0.0012549173517990514, -0.0060240761044179679, -0.0045850533046934115, 
0.015008722491043744, -0.032481663830791818, 0.02141898292886478, 
-0.022916192461060251, 0.008950555917568678, 0.0019463259377141841, 
0.0017128460792308216, -0.0076853186993952553, -0.012859090306450922, 
-0.021420893512191976, 0.013439504875322623, 4.7289278413855522e-05, 
-0.0021425972110442329, -0.0088994123529913382, -0.0084126348139177947, 
0.010504404307200232, -0.012603050741724841, 0.0070386272834760504, 
0.057612169305606552, -0.022183768888833014, -0.013200672941632983, 
-0.001964401950152319, -0.0037121819950022127, -0.010596032022876444, 
0.015021391888752251, 0.052723736188841547, -0.024620718384527115, 
-0.0021237951693689619, -0.01044862041210025, -0.0086826570671678371, 
0.024542682182915668, -0.0096289757615862781, 0.019439400295981686, 
