structure(c(0.23754611600470371, 0.0059644944256246821, 0.017143558748133794, 
0.015722615847725638, -0.0092184944584948452, -0.0052393793768184503, 
-0.022488286398552812, -0.057942290883611587, 0.013906176744429358, 
0.00018142914469378247, 0.10634437692555353, 0.076544501262767878, 
-0.05058002690154443, -0.042700513398561651, -0.0030611984701360449, 
-0.0020201614238227988, -0.028586713819396883, -0.0037257330559389078, 
0.41564776369253476, -0.015259022249378768, -0.022745933166820626, 
0.046325829892275211, 0.024959014777406117, -0.010136610960371169, 
0.0059644944256246812, 0.11961293209241831, -0.036543675345972595, 
0.0013033027593523066, 0.018252039847187498, -0.0039223654833594945, 
-0.00021364007722173798, 0.014614123698736726, -0.066131575043999039, 
-0.019978329173172858, 0.010638887810317531, 0.0056906489208594811, 
0.022924729296844269, 0.025225878525858857, -0.023017903005214189, 
-0.016001116984265734, 0.02420221653278469, -0.012609482620439035, 
-0.086152978672770122, -0.073734493353022082, 0.0086536333710448762, 
-0.031324918234200007, -0.025193391968395189, -0.012256457487640459, 
0.017143558748133791, -0.036543675345972595, -0.020642347142056504, 
0.033930601711918411, -0.040349104233301174, 0.0024795944093988884, 
0.0095273030813053904, -0.0079613666438228224, 0.011541510000580514, 
-0.014126769573994957, 0.0075432494416018932, 0.03048421468064481, 
-0.020627389931832441, -0.017432765108937757, 0.01501536079524267, 
-0.011460767726853106, 0.025798792762696643, -0.020481162207914082, 
-0.086074390836123463, 0.16101057444949055, 0.015010868102606956, 
0.0040245958109756041, 0.021956905394885946, 0.00099013510191773083, 
0.015722615847725638, 0.0013033027593523066, 0.033930601711918411, 
0.00097635969449811277, 0.0051610093842766117, 0.014959292185675752, 
0.015620096390679263, 0.029928275876144873, 0.029280179913744504, 
-0.0060562773696041143, -0.02252675864603881, -0.015609337831045627, 
0.0069503384226583123, 0.011290372013896609, -0.0058951509313297798, 
-0.014846088681925711, -0.013255664213786425, -0.010951270306109515, 
0.058846891676358183, -0.026310591353990106, -0.022970046395255943, 
0.0090595828157814737, -0.022930795956022293, 0.0086872970873310782, 
-0.0092184944584948452, 0.018252039847187495, -0.040349104233301167, 
0.0051610093842766125, 0.03426607219548098, -0.016739588238596434, 
0.028158100647101541, -0.01435611153520761, 0.061623611840247949, 
-0.0042559496542312987, -0.0095286306038723564, 0.024280450820727117, 
-0.021183406461197551, -0.017325664969784139, 0.017217575089762082, 
-0.029205889363714543, -0.018352887578269906, -0.031778831895311173, 
-0.15020951429065596, -0.084213141050384202, -0.013688083246990015, 
-0.0033937107996115014, -0.038858539325187492, -0.002248047448758604, 
-0.0052393793768184494, -0.0039223654833594945, 0.0024795944093988888, 
0.014959292185675753, -0.016739588238596434, 0.0047326686308374593, 
-0.0023159238093084012, 0.018225753648097608, -0.058413855274587818, 
0.021066593645534998, 0.024911255944812343, -0.011030035118689064, 
0.021964118461243607, 0.013270087075138982, -0.0011300479103311255, 
-0.0082806131566880697, 0.012638126322760261, 0.0048119217110329515, 
-0.065549433566265414, -0.017959883838455197, -0.008751564657954361, 
0.00073841118996040658, -0.0020170619684632906, 0.0061536589877837404, 
-0.022488286398552812, -0.00021364007722173798, 0.0095273030813053904, 
0.015620096390679263, 0.028158100647101541, -0.0023159238093084012, 
-0.0085630456315377267, -0.038230929299335741, -0.036497013564755897, 
-0.019920355089666084, -0.0089519146123623813, 0.023376935942424636, 
-0.0073791625976897561, -0.011026369065698538, -0.0057320397235491941, 
-0.014415615536862393, -0.011179660382727743, -0.010596800552666133, 
-0.13780015265128664, -0.025851665707057488, 0.0065803015836756714, 
-0.014070025797575035, -0.020108119250708191, -0.0011507459544398448, 
-0.057942290883611587, 0.014614123698736724, -0.0079613666438228224, 
0.029928275876144876, -0.014356111535207609, 0.018225753648097604, 
-0.038230929299335747, 0.038184254830506144, -0.0085178781136158802, 
0.037283746905692416, 0.0062636669418168339, 0.0055016004814563745, 
-0.0036882239342735093, -0.002253769045678717, -0.0031240697307668456, 
-0.00010965324876423996, 0.0063062476684057553, 0.0032847174829697761, 
-0.0035583552704446268, 0.047460480194320961, -0.023392916263190844, 
0.0058854422457105069, -0.0078722252399914972, -0.029262152321504031, 
0.013906176744429359, -0.066131575043999039, 0.011541510000580516, 
0.029280179913744507, 0.061623611840247949, -0.058413855274587818, 
-0.03649701356475589, -0.0085178781136158819, -0.088805577522390655, 
-0.010717859716366305, -0.044805854400745707, -0.025754036016110433, 
0.0075762637845825471, 0.015980683923210288, -0.0095765563507746818, 
-0.053036859628905815, -0.02801116805343357, -0.030877563739790066, 
-0.032708749036010502, 0.027582743793175699, -0.032782043200351788, 
0.011410834314817759, 0.034727569515935572, -0.04169449750175374, 
0.00018142914469378244, -0.019978329173172858, -0.014126769573994955, 
-0.0060562773696041143, -0.0042559496542312987, 0.021066593645534998, 
-0.019920355089666084, 0.03728374690569241, -0.010717859716366306, 
-0.084988330546112476, 0.0060273196315353645, 0.013720039684981844, 
-0.0061684364788612877, -0.021685492866448091, 0.0014478570219038148, 
-0.042166638825269005, 0.0069568021790069583, -0.017809644662589302, 
-0.16704427700119803, -0.22033982969317817, -0.015421187218455349, 
0.014677109413160942, -0.010881803809365499, -0.016556616990909667, 
0.10634437692555353, 0.01063888781031753, 0.0075432494416018932, 
-0.02252675864603881, -0.0095286306038723564, 0.024911255944812347, 
-0.0089519146123623813, 0.0062636669418168339, -0.044805854400745707, 
0.0060273196315353645, -0.1576143069012351, 0.012032871317159246, 
-0.015290690179061345, -0.0025788845906721237, -0.028993122851806181, 
0.0010828622544240593, 0.0062922043622059744, -0.020204210704432474, 
-0.4278848970940069, -0.047347735173056002, 0.0077987108963824712, 
-0.035713387344279583, -0.0064397998923517901, -0.042483888029008786, 
0.076544501262767878, 0.0056906489208594811, 0.03048421468064481, 
-0.015609337831045627, 0.024280450820727117, -0.011030035118689064, 
0.023376935942424636, 0.0055016004814563745, -0.025754036016110433, 
0.013720039684981844, 0.012032871317159244, -0.0133871862644278, 
-0.0030663543531722274, -0.0014718741877572279, -0.012732223778410129, 
-0.0020888272462436294, -0.0058700032526904922, -0.0028882474395049008, 
0.063423077410137335, -0.020666359420282006, -0.03603973764309526, 
-0.028438243088614191, -0.024204635333399786, -0.02890146128841942, 
-0.05058002690154443, 0.022924729296844269, -0.020627389931832441, 
0.0069503384226583132, -0.021183406461197551, 0.021964118461243611, 
-0.0073791625976897552, -0.0036882239342735093, 0.0075762637845825471, 
-0.0061684364788612877, -0.015290690179061346, -0.0030663543531722274, 
-0.0053797344266061694, -0.0056600393814096855, 0.0032167421573704763, 
-0.0082140132530830658, -0.0026269190371524982, -0.0034284646663854702, 
0.020757748005620486, -0.019246662142968381, -0.0087263911319894784, 
-0.0042704110918483414, -0.0081039093009744878, -0.0092814226241795701, 
-0.042700513398561651, 0.02522587852585886, -0.017432765108937757, 
0.011290372013896611, -0.017325664969784139, 0.013270087075138983, 
-0.011026369065698538, -0.002253769045678717, 0.015980683923210288, 
-0.021685492866448094, -0.0025788845906721241, -0.0014718741877572279, 
-0.0056600393814096863, -0.0063278597979832887, 0.00014124643903180867, 
-0.017537941323224913, 0.00097757212045716845, -0.0021415162680695379, 
0.04370463511965364, -0.017985259191660531, -0.0060738453530938289, 
-0.0041403089129835625, -0.0011657895463073498, -0.0085316205932725892, 
-0.0030611984701360449, -0.023017903005214189, 0.015015360795242672, 
-0.0058951509313297798, 0.017217575089762082, -0.0011300479103311255, 
