structure(c(1.225316146408423, 0.29015888905846438, -0.021888768810576144, 
-0.23155657346283953, -0.10474392025151583, 0.10123317888883021, 
-0.11034577228128077, 0.05399911764150242, -0.36897564005310901, 
0.17581775730372429, -0.23662238473096486, 0.1281762983186128, 
-0.0073989747448666267, -0.084673397223031216, -0.044938146406356252, 
-0.037361768103876987, 0.034127617913709683, 0.13581341273927949, 
0.10644540061378775, -0.44361897499857911, -0.011135280449652354, 
-0.10612907020074368, -0.049107874660018723, 0.0088094746532708136, 
0.29015888905846438, 0.090134994072589139, 0.1355400147508852, 
-0.027026248810936071, -0.13104130846860224, 0.071302785769722155, 
-0.0083354062851828999, 0.041465947418171181, -0.1210522546082597, 
0.19345469284608488, 0.0081015420483721151, -0.043530280662625903, 
-0.031599286987781965, -0.061507508771112551, -0.016245278722871372, 
-0.10864086260146583, -0.060965455300920929, 0.068249019334236216, 
0.24381155947180769, -0.52733567918170321, 0.13014056235100679, 
-0.11071121135878413, 0.011306421998569635, -0.0039240244344107816, 
-0.021888768810576147, 0.13554001475088517, -0.094530240283160233, 
0.063239948016717562, -0.20577811284755967, 0.049079338152169819, 
-0.030179762091090086, 0.019724804115387642, 0.0038464327490128417, 
-0.031899044313660467, -0.026265980656511482, 0.083145670904092098, 
0.0033749673464883423, 0.0025202358638132371, 0.027868928865265073, 
0.08093120876282002, 0.048426688475830239, 0.027122725467296195, 
0.19089535486274614, -0.17655008408346851, -0.010539588639143688, 
-0.036042115697158664, 0.073453279130111793, -0.0068813909169829126, 
-0.23155657346283953, -0.027026248810936071, 0.063239948016717562, 
-0.043885871815307662, 0.11884485022051645, 0.026028492710181945, 
0.041063849321430611, 0.014177858354529244, -0.24620352455204661, 
-0.061849687195379172, -0.037488815304355445, -0.011501074851312415, 
0.065822348949144058, 0.058972064590757302, 0.047409088377424753, 
-0.081942085588949179, -0.01333645064580812, 0.011346522105735274, 
-0.34565948694050663, 0.44191140495052333, 0.014397702215238617, 
0.074152097133631287, -0.019721122572587346, -0.01095775449900141, 
-0.10474392025151584, -0.13104130846860224, -0.2057781128475597, 
0.11884485022051645, 0.045477829219437702, 0.042274513439842287, 
0.024818417602474472, -0.042463030618144944, 0.067478896350635378, 
0.19259059302658327, -0.23884406450374165, -0.018728598535156828, 
0.017541643478739901, 0.0037130177713630302, -0.032126562552219295, 
0.0048315685246037611, 0.11013966377352989, 0.0082817522386906331, 
-0.13927805675438248, 0.13866897931205038, -0.017820473890003186, 
0.01710237281118316, 0.043777050942097648, 0.0022497548208025623, 
0.10123317888883021, 0.071302785769722155, 0.049079338152169819, 
0.026028492710181945, 0.04227451343984228, 0.11809400296116221, 
-0.034944042617452514, -0.013254937776296008, 0.094672574657695782, 
-0.044808876986042898, 0.13969287888116644, 0.011403944839942901, 
0.045699181833941324, 0.041372183800268726, -0.0031203547163874729, 
-0.018638946871820567, -0.0073940535875584726, 0.0167040261312905, 
-0.48551679306794482, -0.35345078995908857, -0.035630910258646752, 
-0.0072924130718886827, -0.021821186880698427, -0.032442371007385888, 
-0.11034577228128077, -0.0083354062851828982, -0.030179762091090086, 
0.041063849321430611, 0.024818417602474472, -0.034944042617452514, 
0.069336910574232122, 0.041791200559937826, -0.021590249504409798, 
-0.092478276070145249, -0.092468886522759919, -0.021450215303999542, 
-0.021510400586209032, -0.030497199363037655, -0.014521003058391317, 
-0.038021899618955822, -0.043064099880245892, 0.0035415444892097541, 
-0.072125366710046324, -0.12371970970368125, -0.011441870158660838, 
-0.011754175287419203, 0.016064730504819297, 0.01092945667945114, 
0.05399911764150242, 0.041465947418171174, 0.019724804115387642, 
0.014177858354529244, -0.042463030618144944, -0.013254937776296008, 
0.041791200559937826, 0.044563300064533601, -0.017014363599398154, 
0.088557209753040531, 0.21993837520043691, -0.014331201178313945, 
-0.035265921617956608, -0.0087469992102059049, 0.00082103608131558516, 
0.055842912945228987, 0.042150919036527366, 0.00017092112298959381, 
-0.083848766682870612, 0.22217383367347487, 0.018832719729505041, 
0.02836138790923361, 0.0030356573613301396, -0.0015032352667242767, 
-0.36897564005310907, -0.12105225460825969, 0.0038464327490128417, 
-0.24620352455204661, 0.067478896350635365, 0.094672574657695782, 
-0.021590249504409798, -0.017014363599398154, -0.35722844057799047, 
0.3135786517155611, 0.15588949950136718, -0.16390698393532144, 
0.044053969322247914, 0.053925274829834384, -0.10393325214730763, 
-0.030006493387808218, 0.1669431132369634, 0.040313383645232639, 
0.38637285144476691, -0.11350637233949896, 0.23562832627994906, 
0.061617627390042402, 0.20275836360748228, -0.04941011707295187, 
0.17581775730372429, 0.19345469284608488, -0.031899044313660467, 
-0.061849687195379165, 0.19259059302658327, -0.044808876986042905, 
-0.092478276070145263, 0.088557209753040531, 0.3135786517155611, 
-0.14354727490358804, 0.070798695784398416, -0.027216801471253764, 
0.033763280245357082, 0.012725919415543343, 0.025007731783819535, 
-0.012018206587749696, 0.030950088572066284, 0.058441443137167585, 
-0.029898900720702538, 0.48465785320892235, 0.019557907239794534, 
0.026313954166851911, -0.081194794774207574, -0.035005778389750337, 
-0.23662238473096486, 0.0081015420483721151, -0.026265980656511478, 
-0.037488815304355445, -0.23884406450374168, 0.13969287888116644, 
-0.092468886522759919, 0.21993837520043691, 0.15588949950136718, 
0.070798695784398402, 0.051299241487006396, -0.0069543452253668821, 
-0.013550327391610212, 0.052188200758874211, -0.071555651692338781, 
0.094138583060472347, 0.092715474212611976, 0.15356887358960547, 
-0.43007888969913671, 0.10051955304993132, 0.22072054385045173, 
0.015205899288748506, 0.20193110406064635, 0.064859692370598271, 
0.1281762983186128, -0.043530280662625903, 0.083145670904092112, 
-0.011501074851312415, -0.018728598535156831, 0.011403944839942901, 
-0.021450215303999542, -0.014331201178313945, -0.16390698393532144, 
-0.027216801471253764, -0.0069543452253668829, 0.033644019684561266, 
0.014789626074465354, 0.026772441661783924, -0.0012074215096259428, 
-0.0019007289040495036, -0.062148239125205174, 0.023599284440992931, 
-0.10500491862506602, -0.15587345462941707, 0.014318614203805461, 
-0.020972974275464903, 0.004194671112333145, -0.016552416937400359, 
-0.0073989747448666267, -0.031599286987781965, 0.0033749673464883423, 
0.065822348949144058, 0.017541643478739901, 0.045699181833941324, 
-0.021510400586209032, -0.035265921617956608, 0.044053969322247907, 
0.033763280245357082, -0.01355032739161021, 0.014789626074465356, 
-0.02062246969133967, -0.019657233379500795, -0.022489386623588153, 
-0.025078961222268985, -0.028643439290902854, 0.0075592035426536985, 
-0.074610025118546322, 0.12520680002123541, -0.015769037783471988, 
0.0078492320214222852, 0.004460419963530987, 0.010185796154743819, 
-0.084673397223031216, -0.061507508771112551, 0.0025202358638132371, 
0.058972064590757302, 0.0037130177713630298, 0.041372183800268726, 
-0.030497199363037655, -0.0087469992102059049, 0.053925274829834384, 
0.012725919415543343, 0.052188200758874211, 0.02677244166178392, 
-0.019657233379500795, -0.020972145056451834, -0.00054711262732736246, 
0.0060729003524704643, -0.028380780056739791, 0.00019430777634040365, 
0.092379050839100446, 0.37946198253412639, -0.024331178989413529, 
0.020510894212309387, 0.012379666628804022, 0.018876532243892435, 
-0.044938146406356259, -0.016245278722871376, 0.027868928865265076, 
0.04740908837742476, -0.032126562552219295, -0.0031203547163874729, 
-0.014521003058391317, 0.00082103608131558516, -0.10393325214730763, 
0.025007731783819535, -0.071555651692338781, -0.0012074215096259428, 
-0.022489386623588153, -0.00054711262732736257, -0.020554023791819056, 
