structure(c(0.43808106750117676, 0.45322195961131073, -0.01050283211941474, 
0.1884528008196287, -0.13423314531773345, 0.046850757001942286, 
0.18287746705326485, -0.042108556627748976, 0.32454480124207657, 
-0.34238702038239316, 0.59952765557837673, -0.096983480277424233, 
0.081565629885822943, 0.13015864368636915, 0.21950530505509316, 
0.017838536514762374, -0.13970947390608937, -0.30794582002815546, 
0.3454867089937555, -0.86210445473664932, 0.044894462141789583, 
-0.099536475020149895, 0.25208807440446995, -0.15846894124867583, 
0.45322195961131073, -0.085792160046758298, 0.030121060547500789, 
-0.18474949787268186, 0.22545954941447438, 0.041499826923882779, 
0.016985356762379094, -0.034729591418499954, 0.063201893281958507, 
-0.017162311149895994, 0.055106003700519456, 0.081091007076424693, 
-0.061944626342399826, 0.030367479881554804, 0.082642894302577541, 
0.0031541077342074359, -0.18355200796608023, -0.036556212322739139, 
-0.8961962687654943, -0.57698138127741649, 0.25120048009129381, 
0.021789509801236773, 0.17404658799118586, -0.03680599257648539, 
-0.010502832119414739, 0.030121060547500793, -0.018552489588780089, 
0.0060211169160825371, -0.028548282222752994, 0.088290771450483987, 
0.051368507969809254, 0.10581797771485094, 0.21050210537618336, 
0.28369787617602493, 0.13998761685297981, -0.043772425471815896, 
0.032389411278036316, 0.082759819367900209, 0.02436694833834423, 
0.010386772974915987, -0.026053406510836367, 0.045487197342300299, 
0.087780556851758521, 0.27158649169132898, -0.12245255094684428, 
-0.035808263119377931, -0.047801881288001183, 0.033483619616318648, 
0.18845280081962867, -0.18474949787268186, 0.0060211169160825379, 
-0.18477916720280077, -0.014160497591675933, 0.032291732337755896, 
-0.091674172438345095, 0.06215007060571319, -0.17244144004522968, 
-0.076262151089704591, -0.099238593440202472, -0.030870547788152007, 
-0.011072950712021464, -0.0054064725415724291, 0.123404622130755, 
-0.024485799921757995, 0.0076557587365080485, 0.029530486523485437, 
-0.25435553704180097, 0.23278502043580984, 0.11302143221620498, 
-0.037434432748025714, 0.087544785255986426, 0.0082881882230951207, 
-0.13423314531773345, 0.22545954941447435, -0.028548282222752994, 
-0.014160497591675933, 0.019013705561085479, -0.030258828079266241, 
0.030803892433361655, -0.0068297262370066742, 0.02656997722028075, 
0.025735056642333824, -0.078175875417953344, -0.11645281031437903, 
0.0076846821144549542, 0.054581017337385025, -0.00074293322968133513, 
0.026012998310123214, 0.035281448504661632, 0.17065676650568962, 
-0.14509953994852431, 0.059680910854595329, 0.20660523947032314, 
0.080832015162769152, 0.057959522785940958, 0.087547756885324138, 
0.046850757001942286, 0.041499826923882779, 0.088290771450483987, 
0.032291732337755896, -0.030258828079266241, -0.032533927563689391, 
0.069563148551839885, -0.12564196644064937, 0.086457399010163985, 
0.0097552442593601459, -0.0085476618714079734, -0.0012634887851903397, 
-0.045633668562298779, -0.032573233666758489, -0.040094967156752696, 
0.026344654964245626, 0.002047342160174004, -0.043308227036246864, 
-0.50109130006809921, 0.57030379797669239, 0.061701851762147701, 
-0.007321648881335443, 0.01880608406641877, -0.025324109643422237, 
0.18287746705326488, 0.016985356762379094, 0.051368507969809261, 
-0.091674172438345081, 0.030803892433361652, 0.069563148551839885, 
0.036003761324392328, -0.037234844414442823, -0.15973925725144592, 
0.23025788296514255, -0.12700734370533781, -0.017864599678056547, 
-0.037508128197433523, -0.0039956048873009903, -0.0044703170594377487, 
0.092250374668956692, -0.013480924249050574, 0.0039610500471784554, 
-0.42518926487331909, 0.26097083093602413, -0.036328372251899527, 
-0.038026648445784766, -0.071729329878064699, -0.02548086789996324, 
-0.042108556627748976, -0.034729591418499954, 0.10581797771485095, 
0.062150070605713197, -0.0068297262370066733, -0.12564196644064934, 
-0.037234844414442823, -0.011135592752921532, 0.11561034754623775, 
0.12862394061453308, 0.085045868925394022, -0.027627542781313748, 
0.031992535342940207, 0.020549200464923367, 0.017199135821343466, 
-0.012456459581143435, 0.014094965804498882, -0.0060019181441087017, 
-0.68240099980430513, -0.14884671788196227, 0.063397311486150937, 
-0.007891584299498761, -0.062406739037812617, 0.066925905867829219, 
0.32454480124207657, 0.063201893281958507, 0.21050210537618336, 
-0.17244144004522968, 0.02656997722028075, 0.086457399010163971, 
-0.15973925725144592, 0.11561034754623775, 0.9733142755993921, 
-0.25952574868171574, 0.41090976873425816, -0.006806686336096217, 
-0.088826059511171465, -0.076112654166200361, 0.073779333076240905, 
-0.032477110783955404, -0.0049129278122686925, -0.043757121846225516, 
-0.32609053987554026, -0.77535262076329992, 0.16129595774661312, 
0.058152956846446668, -0.14323952803293641, 0.0053041118233606976, 
-0.3423870203823931, -0.017162311149895994, 0.28369787617602499, 
-0.076262151089704591, 0.025735056642333824, 0.0097552442593601477, 
0.23025788296514257, 0.12862394061453308, -0.2595257486817158, 
-0.33491459389673706, -0.22013615462830094, -0.084749655319874717, 
0.016198925068028551, -0.00087804850457260189, -0.043811977951299617, 
-0.021685471769734857, -0.10546188991691957, -0.0031765891661341109, 
-0.16584244677780527, -1.2822634292664412, -0.067507736986431366, 
-0.036033721976530091, 0.0001347010326189429, -0.09147254646422813, 
0.59952765557837684, 0.055106003700519456, 0.13998761685297981, 
-0.099238593440202472, -0.078175875417953331, -0.0085476618714079734, 
-0.12700734370533781, 0.085045868925394036, 0.41090976873425811, 
-0.22013615462830094, -0.38348992891485389, -0.13824357327068201, 
-0.027648698734277711, -0.076270458074506275, 0.042036018391053871, 
0.19056776255398014, 0.21133069702798751, 0.030959826843141757, 
-0.25358079274330564, -0.55468430874878627, 0.2469833027404047, 
0.043923790055631615, -0.13561284593995951, -0.00028094125689593616, 
-0.096983480277424247, 0.081091007076424693, -0.043772425471815896, 
-0.030870547788152011, -0.11645281031437901, -0.0012634887851903399, 
-0.017864599678056543, -0.027627542781313748, -0.006806686336096217, 
-0.084749655319874703, -0.13824357327068204, -0.07355785429875776, 
-0.026943416996916162, -0.062490442609513447, 0.012052634935428023, 
-0.0069356535195298557, 0.053879275644723147, 0.045333355793959092, 
-0.50958739191318991, 0.21488633710537811, 0.025414376808532479, 
0.015342780380142191, 0.13287240751720503, -0.047132786750881513, 
0.08156562988582293, -0.061944626342399819, 0.032389411278036309, 
-0.011072950712021466, 0.0076846821144549542, -0.045633668562298779, 
-0.037508128197433516, 0.031992535342940207, -0.088826059511171465, 
0.016198925068028551, -0.027648698734277711, -0.026943416996916165, 
-0.0098872568867632796, -0.010792351955786539, 0.045975413121573779, 
0.014460659885022308, -0.0036639093359319796, -0.019185492060048877, 
-0.32936970321613945, -0.066763895724485642, 0.0046583753263617538, 
-0.016609148199470777, 0.038330899639748874, 0.014924269836910753, 
0.13015864368636915, 0.030367479881554804, 0.082759819367900209, 
-0.0054064725415724291, 0.054581017337385039, -0.032573233666758496, 
-0.0039956048873009912, 0.020549200464923371, -0.076112654166200361, 
-0.00087804850457260189, -0.076270458074506275, -0.062490442609513447, 
-0.010792351955786539, -0.025239840521148173, 0.030819110710633785, 
0.0074330103666330636, 0.017441355116648988, -0.028865192907051366, 
-0.092129528416037262, -0.18436979671505035, 0.012752205293978212, 
-0.015296633531258028, -0.01960688697461916, -0.0010360630400312021, 
0.21950530505509316, 0.082642894302577527, 0.02436694833834423, 
0.123404622130755, -0.00074293322968133513, -0.040094967156752696, 
-0.0044703170594377496, 0.017199135821343466, 0.073779333076240905, 
-0.043811977951299617, 0.042036018391053871, 0.012052634935428025, 
0.045975413121573785, 0.030819110710633781, 0.094668278300803307, 
