structure(c(0.48310017979391046, 0.12751370513292468, 0.41734279876140373, 
-0.048798826202892429, -0.056121148674207068, 0.13107094266621436, 
-0.14475087192749958, -0.012690409929718639, 0.45284896721176876, 
0.43186217558427359, -0.19504482263351844, 0.61515372668817259, 
0.17271156861061829, 0.20239821799591914, -0.27765208320256957, 
0.088118636458980534, 0.51561775673379029, 0.25793818432369159, 
-0.94774968002427762, -0.061995099363870189, 0.022568629434860873, 
0.18508264631279861, -0.01318485816873843, 0.21090206556681337, 
0.12751370513292468, -0.019743130829400841, -0.064049877465314015, 
0.0045883743884342389, -0.16994180297913755, -0.17756584448406015, 
0.040660617390193325, -0.064536568897188062, 0.0022109630477570278, 
0.1535706450607269, 0.42327140167709965, 0.069628167883362818, 
0.20168211605947634, 0.11663240201917834, -0.061039397518846489, 
0.1605505873593529, 0.26684507952425551, 0.16237992697361525, 
-1.5423582140358361, 0.094602606931885769, -0.068916759347188189, 
0.14422978917352622, 0.072191008750011193, 0.17070972715519644, 
0.41734279876140379, -0.064049877465314015, 0.23014248970712084, 
0.011003613732795297, 0.079645301337099905, 0.041143543056851029, 
-0.021181767299527469, 0.17044479309534591, 0.019715939541674315, 
-0.25352430707823759, 0.10555709061438283, -0.20507089345312596, 
0.02917376486196618, -0.023533159902720275, -0.016148190310730216, 
-0.019914804483187623, 0.018122642609429758, 0.014704359453314506, 
0.70135572613055108, -0.21564439107198524, 0.14132703414459052, 
0.022159587860572105, -0.012545312650747724, -0.024707881478801375, 
-0.048798826202892429, 0.0045883743884342389, 0.011003613732795297, 
-0.042719144045581102, -0.12478782453851757, 0.039809365314233555, 
0.056088953149031742, 0.00094701810896433061, 0.14634723608989347, 
0.13779340532119599, 0.073259828899436594, -0.0036921278861216191, 
-0.027061292094094962, 0.026662630994856582, 0.0013875016421511436, 
-0.011463636533506062, -0.082177288180590613, -0.0070387620283375672, 
-0.11347445594973035, -0.46316239573068946, -0.19074796869235583, 
0.025507009416022033, 0.10718589630840722, -0.013804626328397534, 
-0.056121148674207075, -0.16994180297913752, 0.079645301337099891, 
-0.12478782453851756, 0.12265526885140231, 0.018909094950509464, 
-0.044836314663579721, 0.064179228382392761, -0.090080525494238978, 
0.074874790949733969, 0.11045723543555881, 0.26631376167953208, 
-0.01366108423224314, -0.10050721188713199, 0.009668782323145832, 
0.021159527711021957, -0.13797238521081884, -0.072950343791888583, 
0.24403998716149741, 0.58676184441640478, -0.1466430020850707, 
-0.048463126374183665, -0.16757237473972195, 0.069857840473371596, 
0.13107094266621436, -0.17756584448406015, 0.041143543056851035, 
0.039809365314233555, 0.018909094950509464, 0.018635374475813322, 
0.016417852791991726, 0.02779369174510337, -0.0062969329540390273, 
0.0062612967246219176, -0.10252157496897057, 0.028310508555498829, 
-0.028376969336502637, -0.0076011668193694901, 0.03044871283155294, 
-0.096811087975205365, 0.00016006234249570117, 0.083120438425201129, 
-0.020546388490189062, -0.30010868145949504, -0.016431745880908843, 
0.019558621623852728, 0.05469239945069785, 0.012320357379930169, 
-0.14475087192749961, 0.040660617390193325, -0.021181767299527469, 
0.056088953149031735, -0.044836314663579721, 0.016417852791991722, 
0.0028208286113990326, -0.018291715300539427, 0.15388136097483388, 
-0.17973962316472494, 0.029370434726789248, -0.098563806506671514, 
0.068381351154716968, 0.043751615388903486, -0.051203000626940991, 
0.027796182822656796, 0.059115994689163905, -0.0010719653435316493, 
-0.57837954927121216, 0.1963574427570865, 0.029628427020135607, 
0.089514885728728358, 0.11993612575099491, 0.018816517177268156, 
-0.01269040992971864, -0.064536568897188062, 0.17044479309534591, 
0.00094701810896433061, 0.064179228382392761, 0.027793691745103367, 
-0.018291715300539427, 0.084769707368786223, -0.01243213484738249, 
-0.050953427249157447, -0.1239418771456042, 0.077250427340242608, 
-0.042888953911357351, -0.049015615342881992, -0.014513749201872183, 
-0.016053399852053656, -0.11562602535055282, -0.094753909351298252, 
0.35849340662629792, -0.53351336520259185, -0.049987911105626018, 
-0.062602059520052128, -0.074163867386078497, -0.010542943154957065, 
0.45284896721176882, 0.0022109630477570282, 0.019715939541674315, 
0.14634723608989347, -0.090080525494238978, -0.0062969329540390273, 
0.15388136097483388, -0.01243213484738249, 0.90436015100046274, 
-0.18476148128852898, 0.252125229681121, -0.099515140601898228, 
-0.018383380177927303, -0.051540793308966888, -0.074197047865407234, 
-0.0027720783155988529, -0.13346876956218939, 0.026278068605889219, 
-0.024134074210747408, 0.60497823432149656, -0.07019252683464125, 
0.061589618543554707, 0.0047300845331771802, -0.091895596500647325, 
0.43186217558427359, 0.1535706450607269, -0.25352430707823759, 
0.13779340532119599, 0.074874790949733983, 0.0062612967246219176, 
-0.17973962316472494, -0.050953427249157447, -0.18476148128852896, 
0.061796982930147036, -0.054558254020159694, 0.15183512301483731, 
-0.04925254918224746, -0.055658758383240553, -0.032459945570783383, 
-0.01165940943274363, 0.096721274892480807, 0.047265466516130658, 
-1.2586997290823996, 1.0854878759828801, 0.059192048483123705, 
0.054241762030062875, 0.11296709538061057, 0.055465670926711882, 
-0.19504482263351844, 0.42327140167709959, 0.10555709061438284, 
0.07325982889943658, 0.11045723543555883, -0.10252157496897056, 
0.029370434726789248, -0.12394187714560419, 0.25212522968112105, 
-0.054558254020159687, 0.032145075299384165, 0.2715413423033517, 
0.039662165754427339, -0.0015040235403285668, -0.14211166795453514, 
-0.17359401881818881, -0.11527963176138752, -0.14427721538120994, 
-0.84230528718673259, -1.0073159958610121, -0.4607635460983891, 
0.072781645967290851, -0.014662118661575112, 0.12014310099106207, 
0.6151537266881727, 0.069628167883362818, -0.20507089345312596, 
-0.0036921278861216187, 0.26631376167953208, 0.028310508555498829, 
-0.098563806506671514, 0.077250427340242622, -0.099515140601898228, 
0.15183512301483731, 0.2715413423033517, -0.070972702792679046, 
-0.02636765283683809, 0.022747020869752072, 0.034652734474489709, 
0.068482449503206838, -0.0558031141554182, -0.00021878290608043862, 
0.59364415143463256, -0.056016501970962598, -0.037369556238931324, 
0.096555754170667474, -0.044880233344146959, 0.042344984315314339, 
0.17271156861061829, 0.20168211605947634, 0.02917376486196618, 
-0.027061292094094958, -0.013661084232243142, -0.028376969336502633, 
0.068381351154716968, -0.042888953911357344, -0.018383380177927303, 
-0.04925254918224746, 0.039662165754427339, -0.026367652836838094, 
-0.033720404135488345, -0.017280683340972179, 0.040366399760094485, 
-0.034124727228983159, 0.012483798763382145, -0.0049570287511593132, 
0.31740004444029568, -0.41651477777946438, -0.091053801368750631, 
-0.020483060312477385, -0.012345682968054694, 0.020132435121076084, 
0.20239821799591914, 0.11663240201917835, -0.023533159902720275, 
0.026662630994856582, -0.10050721188713199, -0.0076011668193694893, 
0.043751615388903486, -0.049015615342881985, -0.051540793308966888, 
-0.055658758383240553, -0.001504023540328567, 0.022747020869752069, 
-0.017280683340972179, 0.0013810366086529991, 0.0041683854958511216, 
-0.039746591906496938, 0.015886093373796695, -0.05608000133106765, 
-0.20707979648729807, -0.11137537349107141, -0.016621870501151843, 
0.026400150773148216, -0.0061302557657356834, 0.034374047302472885, 
-0.27765208320256957, -0.061039397518846489, -0.016148190310730216, 
0.0013875016421511439, 0.009668782323145832, 0.03044871283155294, 
-0.051203000626940991, -0.014513749201872182, -0.074197047865407234, 
-0.032459945570783383, -0.14211166795453514, 0.034652734474489716, 
0.040366399760094478, 0.0041683854958511207, -0.039399793467353457, 
0.046218700957470833, 0.03261873614673106, 0.035642491690265739, 
