structure(c(0.72498730712710169, 0.088169068122882222, 0.28184944766698816, 
0.12438804120303397, 0.35357796432440641, 0.25980815323416867, 
0.014872797019436336, 0.048762607927092805, 0.036877590250410451, 
-0.12392309760872364, 0.21927231252811644, -0.44748741227499655, 
-0.2585238836596051, -0.14306960841007429, 0.01765811344973775, 
0.082447517379294732, -0.16662881921084513, -0.051783151304825331, 
0.24085288402074767, -0.78947428223265936, -0.020890209989980184, 
-0.045466616018441729, 0.00086579166823648381, 0.020468270196022667, 
0.088169068122882235, 0.075865272603456116, -0.083559153087290491, 
-0.30305533549765101, 0.35815720187772448, 0.21487896694911268, 
-0.18408037322071788, -0.011003660667391833, 0.060239646435847942, 
-0.12677490673907199, -0.23593307621703566, -0.31298418297168445, 
-0.070170411842998298, 0.026442576128548678, -0.0063956130434370045, 
-0.070314056319971147, -0.1456356830030156, -0.074862386762501579, 
0.74166521340363334, -0.021407972776573306, -0.014738140256278443, 
0.11913510205258182, 0.061626658374195453, 0.11718753474964874, 
0.28184944766698816, -0.083559153087290478, -0.11513680905733704, 
-0.24838469328801227, 0.14625439143030447, 0.033797776905284904, 
-0.076874041294549889, -0.042185769875281852, -0.055103456133185971, 
-0.15432892657829747, -0.20392876144392236, -0.12294154932846314, 
-0.067575450555891634, -0.066790079699832444, 0.096792137761299094, 
-0.14581798595164533, -0.02294561817685499, -0.033283199456244007, 
-0.018727196548254235, -0.1343556986509036, 0.07481258489444545, 
0.027482487593693219, -0.039617933862608784, 0.056506299566896089, 
0.12438804120303397, -0.30305533549765096, -0.24838469328801227, 
0.034952031233266866, -0.11385586604850316, 0.031480227760449717, 
-0.05520767072340977, 0.055775106883015749, 0.1307895873991218, 
0.18186054892311429, 0.055233868908798958, -0.038995666926213472, 
-0.043707402214565538, -0.022024593778350997, -0.12954442607900096, 
0.067669555084888769, 0.055002802361057618, -0.0024545244973721231, 
0.024139400341861975, 0.23767405005665224, -0.056464672161776502, 
-0.0067089655790896052, 0.040431404837134366, -0.018545230159815053, 
0.35357796432440636, 0.35815720187772448, 0.1462543914303045, 
-0.11385586604850316, 0.024572371645991471, -0.12079604513627654, 
-0.13211162531439485, 0.051584485550295517, 0.39147242291559309, 
-0.06795291968784492, 0.056559196787867354, -0.041536980646937664, 
-0.002683431543711496, 0.11824963809923264, 0.0027258546935326174, 
-0.01311991957548485, 0.039747699383956989, 0.049250086463440437, 
1.4677674185730751, -0.63246918382352202, 0.1295770100846233, 
0.10190892086764468, 0.085082894030674983, 0.028510571019216863, 
0.25980815323416867, 0.21487896694911268, 0.033797776905284904, 
0.031480227760449717, -0.12079604513627652, -0.12574763111176787, 
0.04885562714288802, 0.0051756613998058098, 0.079433845787758639, 
0.14235167675051424, -0.059770461093298179, 0.014161204466635838, 
-0.029725085836745206, -0.046553692950689424, 0.025583467186402462, 
0.015503919926260511, -0.082650826153403606, -0.01793215825048294, 
0.39242910265831116, 0.40989159364342082, -0.079377039102558139, 
-0.021305246273411765, -0.05623488000828681, -0.0067272016112463837, 
0.014872797019436338, -0.18408037322071788, -0.076874041294549902, 
-0.055207670723409777, -0.13211162531439485, 0.048855627142888026, 
0.04527320818700617, -0.061895083767489895, -0.18898711206152582, 
-0.094526296010053398, 0.15854961447448049, 0.077612087775590602, 
0.028584754703246652, 0.046499407289019246, 0.044419664168206439, 
0.086154254618297246, -0.049373862233061581, 0.085751207579639763, 
0.51757113966015666, 0.11370395582802093, 0.057986131876010205, 
0.044982116482826656, -0.042504294768354496, 0.0053671348754367309, 
0.048762607927092805, -0.011003660667391831, -0.042185769875281852, 
0.055775106883015742, 0.051584485550295517, 0.0051756613998058107, 
-0.061895083767489888, -0.056663399085672701, -0.025766566805024923, 
-0.067177104655300149, -0.17848486507244868, -0.030588219732382439, 
0.0058869580508727664, -0.019284272476457393, -0.052218289733400786, 
-0.0055390368132177785, -0.11937953208949219, -0.038145971436390563, 
-0.48574542045187247, 0.28989092083211265, -0.14347996317649367, 
-0.07176465358517943, -0.10073311187192706, -0.0043020435132038858, 
0.036877590250410451, 0.060239646435847949, -0.055103456133185971, 
0.1307895873991218, 0.39147242291559309, 0.079433845787758639, 
-0.18898711206152582, -0.025766566805024923, -0.17529633436433481, 
-0.18123439456312429, -0.1201640894654858, -0.1099006237851744, 
-0.08384209720425502, -0.039565316171620395, 0.122100360358329, 
-0.26900967369947554, -0.0057103806830244947, -0.032033176408377509, 
-1.5754552724047861, 0.53760330453425909, -0.078748310742389901, 
0.026239495232779644, -0.087460201077383601, 0.091895353575843094, 
-0.12392309760872364, -0.12677490673907199, -0.15432892657829747, 
0.18186054892311429, -0.06795291968784492, 0.14235167675051424, 
-0.094526296010053398, -0.067177104655300149, -0.18123439456312429, 
-0.33148777564542387, -0.28865571738636425, 0.14617905103938977, 
0.025073973609900491, 0.046568440418340136, 0.064608863210212489, 
-0.10388912415316849, -0.046821166280203053, 0.037341559287934256, 
1.2693183863686543, -0.87582369423589113, -0.12749555527423828, 
0.034439790697699389, 0.0085214665303653282, 0.15508516661539246, 
0.21927231252811644, -0.23593307621703566, -0.20392876144392233, 
0.055233868908798958, 0.056559196787867354, -0.059770461093298186, 
0.15854961447448052, -0.17848486507244865, -0.1201640894654858, 
-0.2886557173863642, 0.19361272195684492, -0.085259068054501022, 
-0.064822002694831835, -0.10244644989455001, -0.032800490656230662, 
-0.2238128842865478, 0.065761444980960093, -0.2160239501719837, 
1.7133904319578019, 0.19349504131172651, -0.29475108940951111, 
-0.010573124224240862, -0.040766640602037676, -0.085745781195695023, 
-0.44748741227499661, -0.31298418297168445, -0.12294154932846314, 
-0.038995666926213472, -0.041536980646937671, 0.014161204466635838, 
0.077612087775590602, -0.030588219732382436, -0.1099006237851744, 
0.14617905103938977, -0.085259068054501022, 0.17146263494866779, 
0.012487064791874067, 0.053805863648547267, -0.040904399399702029, 
-0.056042761191047306, 0.059193531137340438, 0.078755915835705473, 
0.035118905324123713, -0.13908183030096627, 0.024446252229354707, 
0.03794689685810642, 0.012221413886403939, 0.022824216813303332, 
-0.2585238836596051, -0.070170411842998284, -0.06757545055589162, 
-0.043707402214565538, -0.0026834315437114955, -0.029725085836745206, 
0.028584754703246656, 0.0058869580508727655, -0.083842097204255034, 
0.025073973609900491, -0.064822002694831835, 0.012487064791874065, 
-0.063002671952648262, -0.023400132894335311, 0.024202618380459218, 
0.01460468409725346, 0.030696070589148514, 0.0043727731141638485, 
0.051329824800956013, -0.54694007701165825, 0.05284734753941258, 
0.013240098853251251, 0.017101615037428724, 0.0081233045984439919, 
-0.14306960841007427, 0.026442576128548681, -0.066790079699832444, 
-0.022024593778351, 0.11824963809923264, -0.046553692950689424, 
0.046499407289019239, -0.019284272476457389, -0.039565316171620395, 
0.046568440418340136, -0.10244644989455001, 0.053805863648547267, 
-0.023400132894335315, 0.023427631649783585, 0.006534071932149557, 
-0.0070401607711072173, -0.02005643261267898, 0.03845076744658181, 
0.0092775938213539334, -0.49344206719941419, 0.035914511742177767, 
0.010572008262821295, -0.011176131026064646, 0.032211548581555838, 
0.017658113449737754, -0.0063956130434370045, 0.096792137761299094, 
-0.12954442607900096, 0.0027258546935326174, 0.025583467186402458, 
0.044419664168206439, -0.052218289733400786, 0.12210036035832898, 
0.064608863210212489, -0.032800490656230662, -0.040904399399702029, 
0.024202618380459218, 0.006534071932149557, 0.10492446032435226, 
-0.034530105810304669, 0.013052314759186166, 0.0030064736575209218, 
