structure(c(-1.672135136721014, -0.17914302655189676, -0.045627513481074453, 
0.046173906829522396, -0.0065608341261338401, -0.13526600464169278, 
-0.052481583638274279, 0.10565844508129016, 0.34307135243672027, 
0.10656545221559729, 0.37355011641754821, 0.22027804814260246, 
0.10902460885124295, 0.013415411339358561, -0.12737002431119668, 
0.24588490881212327, 0.15752781372711619, -0.02758565765190903, 
-0.016880211753193493, 1.1793297264401903, -0.13542223527452771, 
0.22490404804024644, -0.038359117217700023, 0.071995876573241094, 
-0.17914302655189679, -0.29824291332993114, -0.12286396819456982, 
0.28812582776790668, -0.083041250037268657, -0.10111428690781844, 
0.097810937857796348, -0.019949742827794333, -0.14240184002743644, 
0.17556000722364506, 0.49753095035012124, 0.26890734201548439, 
0.10271294548057067, 0.002579535472222989, 0.050622508255145096, 
0.14571912349827518, 0.048678248995032973, 0.038955177955384571, 
-1.5417911417278098, -0.029960404286549724, -0.12017670314143215, 
0.10153319133165283, -0.13095906051021283, 0.059612992054589579, 
-0.045627513481074453, -0.12286396819456982, 0.35183913216367052, 
0.15512371949973167, -0.046841916696963595, -0.12129868614943549, 
-0.009811429955257198, -0.029439827333591708, 0.1909265411048206, 
-0.011461940941740273, 0.23479592181501024, 0.082430938562315467, 
0.015244150691100421, 0.029155681118769535, -0.15302672862232911, 
0.15729572066645695, 0.0040646769073880915, 0.023666811240444605, 
0.36211567647241055, 0.00018899282098150776, -0.047619898990459916, 
-0.011157140874723252, 0.055598854244133307, -0.092572958347033954, 
0.046173906829522389, 0.28812582776790674, 0.15512371949973169, 
0.039231200052531986, 0.1031326460371696, -0.019616413123082856, 
0.085511079574494372, -0.007712754486130075, -0.16193496847438155, 
-0.14327846517958648, 0.12111859020092353, 0.048903973110559246, 
0.063116567138412225, 0.043453663713996525, 0.075854371375447011, 
0.01696641485449012, -0.089586351575877729, -0.01528290299182839, 
-0.21676851972124331, -0.34270579420936093, 0.011342722951325252, 
0.012974076763964656, -0.053320714053925251, 0.035289273276854063, 
-0.0065608341261338401, -0.083041250037268644, -0.046841916696963595, 
0.10313264603716958, 0.088844809332700392, 0.12101148279935961, 
0.080350070042472271, -0.053976449459662353, 0.044449656301497276, 
0.032845928379826562, 0.25236151751369068, -0.014103759713934723, 
-0.023308694494797673, -0.097803503405802475, 0.15579375034741716, 
0.0088458335443111196, -0.083604307542670689, -0.030582686196435956, 
-1.2944167229895365, 0.22903125976648139, -0.079370438351048067, 
-0.064492322495019613, -0.12326211759634198, -0.12286593510934149, 
-0.13526600464169281, -0.10111428690781844, -0.12129868614943549, 
-0.019616413123082852, 0.12101148279935961, -0.039140526873226944, 
-0.02537396812340845, 0.010843751345907681, -0.095044456367962632, 
-0.066690399695438232, -0.16063451770348591, -0.066113838471052955, 
-0.0091805037704569842, 0.0072223537832269268, -0.085259696359618789, 
-0.074244348356813969, -0.028281700507017216, -0.027300608976267283, 
0.49370540684695663, -0.085706231807360783, 0.12884859747106897, 
-0.077097269959359768, -0.021930921441513117, 0.054337386917495172, 
-0.052481583638274272, 0.097810937857796348, -0.009811429955257198, 
0.085511079574494372, 0.080350070042472271, -0.025373968123408454, 
-0.23264641917048762, -0.0036588863467900924, -0.078505218242018934, 
0.16484853280204537, -0.17397064804730611, -0.0076580617934040324, 
0.016295674704589751, 0.02540151332014071, -0.0012570867457465512, 
-0.091524892513142109, 0.035429330032358146, -0.01237482772220632, 
-0.10088715565522788, 0.17241044420759524, -0.056445852674842076, 
-0.081533133595148619, 0.027024786792452678, -0.040245709694675343, 
0.10565844508129016, -0.019949742827794329, -0.029439827333591708, 
-0.0077127544861300742, -0.05397644945966236, 0.010843751345907681, 
-0.003658886346790092, 0.050726732205799492, 0.16708026687880129, 
0.010864684353880133, 0.37112686603637973, 0.028661608796591978, 
0.011421941944056263, -0.021938595185380824, 0.020466761388487666, 
-0.06056358601609925, -0.01355731316583242, 0.023759693103391013, 
0.78947211433533515, -0.24768017033975642, 0.062818554927729905, 
0.052371631387263244, 0.058010602091427603, -0.016159817757654737, 
0.34307135243672027, -0.14240184002743644, 0.19092654110482057, 
-0.16193496847438157, 0.044449656301497269, -0.095044456367962618, 
-0.07850521824201892, 0.16708026687880129, 0.076170754387974812, 
0.088125191121535995, 0.45253313887854923, 0.39764652613555557, 
0.19992272077676618, 0.12755503255412928, -0.26277359022184293, 
0.31101095112365196, -0.19633124081287476, 0.091164390752579427, 
1.0487664709876723, -0.13788840356702856, -0.0076187131290576318, 
-0.0073920569273887094, -0.076785122809167092, 0.012152015423851175, 
0.10656545221559729, 0.17556000722364509, -0.011461940941740273, 
-0.14327846517958651, 0.032845928379826556, -0.066690399695438232, 
0.16484853280204539, 0.010864684353880133, 0.088125191121535995, 
0.40637778597135366, 0.4742509757002274, -0.16981093871817879, 
-0.050635128395413648, -0.037924102019164012, -0.20689254880760574, 
0.15680571831155624, -0.058108728203402196, -0.15570753304544324, 
-0.3178538414574234, 0.7735996619967459, 0.13281027794091613, 
-0.00029665968850406572, 0.10054064552650692, -0.14702839693476669, 
0.37355011641754815, 0.49753095035012124, 0.23479592181501024, 
0.12111859020092353, 0.25236151751369063, -0.16063451770348589, 
-0.17397064804730614, 0.37112686603637973, 0.45253313887854923, 
0.4742509757002274, 0.1863436890298712, -0.18489220189447644, 
-0.015457536034521943, 0.088992293150349233, 0.039831556557738901, 
0.18533929573487523, 0.085395177832985364, 0.018639594501152441, 
-0.26550621766569943, -0.86810366349053847, -0.028555958731978338, 
0.16291336990140601, 0.086286751902350065, -0.013203263181219078, 
0.22027804814260249, 0.26890734201548439, 0.082430938562315453, 
0.048903973110559246, -0.014103759713934723, -0.066113838471052955, 
-0.0076580617934040316, 0.028661608796591978, 0.39764652613555557, 
-0.16981093871817879, -0.18489220189447642, -0.21985643907312366, 
-0.11857573318749706, -0.11942400980055609, -0.031040369005662611, 
0.039087352270657134, 0.068272199941178155, -0.11315908001447386, 
-0.50663260723375236, -0.0064619745024168491, -0.031776545033316617, 
-0.10345322046508801, -0.063793779533887124, -0.020713620122095468, 
0.10902460885124295, 0.10271294548057065, 0.01524415069110042, 
0.063116567138412225, -0.023308694494797673, -0.0091805037704569842, 
0.016295674704589751, 0.011421941944056263, 0.19992272077676618, 
-0.050635128395413648, -0.015457536034521942, -0.11857573318749706, 
0.039681176447578674, 0.0081047128670927726, -0.0059186450778305729, 
0.006700586935637548, 0.013930874623345914, -0.06289025191684755, 
-0.032940961276205195, 0.50680288370568749, -0.05392600112551494, 
-0.015038917462841011, -0.018256692581410279, -0.054851205587579083, 
0.013415411339358561, 0.002579535472222989, 0.029155681118769535, 
0.043453663713996525, -0.097803503405802475, 0.0072223537832269277, 
0.025401513320140706, -0.021938595185380824, 0.12755503255412928, 
-0.037924102019164012, 0.088992293150349219, -0.11942400980055609, 
0.0081047128670927709, -0.029286800132821391, 0.023016341358910456, 
0.0098670590512245221, 0.047982353040684426, -0.097105822369765407, 
-0.072813635952943961, 0.35970912170587954, -0.023664587916279619, 
-0.025784655027697632, 0.0084521580618049132, -0.091140893670393394, 
-0.12737002431119668, 0.050622508255145096, -0.15302672862232911, 
0.075854371375446997, 0.15579375034741719, -0.085259696359618803, 
-0.001257086745746551, 0.020466761388487669, -0.26277359022184293, 
-0.20689254880760571, 0.039831556557738901, -0.031040369005662611, 
-0.0059186450778305729, 0.023016341358910453, -0.046836308007751272, 
0.079473929700336413, 0.023146822957818339, 0.04341510279328889, 
