structure(c(-0.33141135288446194, -0.16276335002338468, 0.04199215372771424, 
-0.014316697737184579, -0.017921527969021033, -0.03696136256063387, 
0.072388932467646258, -0.02935913108211528, -0.097879386714308528, 
-0.11918584557815377, -0.177704440521849, -0.010164674389292219, 
-0.023911145906952834, -0.0059697801659329246, 0.054389682885025062, 
0.015549528659877406, 0.016904000237273856, -0.0097902618898975322, 
0.17054726587374777, 0.20698119257842409, -0.025104729439811166, 
-0.013278320574606529, 0.025316660396400688, 0.030524464450557069, 
-0.16276335002338468, 0.076264296585344948, 0.077285375903200906, 
-0.034146871705378563, 0.052168906608198, 0.0022055236631522671, 
0.060271033190812472, 0.011270424795181925, 0.069818676878236022, 
-0.032678807100556789, 0.10589461168331134, 0.034299151791131903, 
0.00067975141128531313, -0.03227295040433692, 0.011646570610319403, 
-0.014952064869628218, 0.017949862876764658, -0.029764350514020165, 
0.34876689210614081, 0.052933033318395925, -0.0061857926165246099, 
-0.021413660050011218, -0.0070681424079558396, -0.04192702794390548, 
0.041992153727714233, 0.077285375903200892, -0.013935859483698892, 
0.0070388146062706691, -0.012668081388946276, 0.0042363423772659716, 
-0.012388175771219824, 0.020348898855248359, 0.041962198260507573, 
0.005171839272176011, -0.017721552685234107, -0.0039543669598899878, 
-0.012206259137063491, -0.0063115439506521414, -0.0098823879170996318, 
0.0078629634366234619, -0.0056124918420140477, 0.0029856440503166831, 
-0.0012134418330962712, 0.13175089684443689, 0.023512322816712863, 
0.003896619363373786, -0.0093792507461237448, 0.0029547519036956546, 
-0.014316697737184577, -0.034146871705378556, 0.0070388146062706691, 
0.012278840631332787, 0.053387701527264811, -0.02386054978913299, 
0.020171612500730355, 0.0044224588934046825, -0.052491900152337685, 
-0.0075301193529365056, 0.036582475775615624, -0.010910546296300713, 
0.0040333646145384889, -0.0096735173979417242, -0.0077373618684982099, 
-0.017337029818176638, 0.00085050185703761702, 0.021581629545352338, 
-0.0063992264644649795, -0.090977373755258703, -0.02517629963777214, 
0.0019914433904032109, -0.027013304935909466, -0.012324271212450657, 
-0.017921527969021033, 0.052168906608198007, -0.012668081388946276, 
0.053387701527264811, 0.047960866324013245, -0.008419054591257304, 
0.018126592864971505, -0.016706278285986167, 0.038049191988481765, 
0.053278499032815341, 0.038569683689443794, 0.0017544037364463254, 
-0.0087908267321240643, 0.0063018817965220311, -0.0090841359131459791, 
0.032819128393251448, 0.0044146364303276966, 0.038882589709653519, 
0.24826700725995501, -0.037121297941549877, 0.0077236923528122897, 
-0.015945404159951999, -0.0021226722420774969, -0.035710826076684771, 
-0.03696136256063387, 0.0022055236631522671, 0.0042363423772659725, 
-0.02386054978913299, -0.008419054591257304, 0.018905422449808404, 
0.016985440089980382, 0.02862417376188324, 0.049232142698369091, 
-0.01105866967692222, -0.037792338154659037, 0.0011681678781966705, 
0.00084442651835487791, -0.0041915268867084377, -0.0097424012703457488, 
0.010841785296954979, -0.0075083402732379536, 0.019929581017809613, 
0.10274303790489966, 0.013443576864501483, -0.0043067526095227592, 
0.015131003598556328, 0.022116948996611461, 0.016547158990848392, 
0.072388932467646258, 0.060271033190812465, -0.012388175771219824, 
0.020171612500730355, 0.018126592864971505, 0.016985440089980382, 
-0.024506920640211847, 0.018003359029740661, 0.021179503300562116, 
-0.041902269851783254, 0.033145945353170357, -0.0086780403144708553, 
-0.0071365859146680288, -4.2116730537636862e-05, 0.00299845839789953, 
0.012681627801821369, 0.0085652202376522105, 0.026588534967874358, 
0.17713190780665616, -0.056054461685263034, 0.0039391540838246584, 
-0.0034675797379830082, 0.0037383441944602901, -0.0011391854299316396, 
-0.02935913108211528, 0.011270424795181925, 0.020348898855248359, 
0.0044224588934046825, -0.016706278285986167, 0.028624173761883243, 
0.018003359029740661, 0.015752985469006595, 0.00029558042953588292, 
0.064323410640706472, -0.054011453755747632, -0.019754488158841732, 
0.011015756211584654, 0.0054009929839900304, -0.0012670078502129301, 
-0.0095721556917599069, -0.009992269340547243, 0.0089385175333659504, 
-0.069162225596186927, -0.06518449240600388, -0.03577201956077606, 
-0.012214341397334506, -0.016518308510250563, -0.018376820071681923, 
-0.097879386714308528, 0.069818676878236036, 0.041962198260507573, 
-0.052491900152337692, 0.038049191988481765, 0.049232142698369091, 
0.021179503300562119, 0.00029558042953588287, 0.08524566691236117, 
0.0048395643359514656, -0.13782043121503809, 0.055638809384750125, 
0.034880311857041851, 0.028055405297508194, 0.065760981297336693, 
-0.043659891541158277, 0.058675398723177521, -0.014966078683321919, 
0.10937572741873011, -0.037079467486931333, -0.045534733692177379, 
0.0033980533996716298, 0.019077779642828196, -0.0078870647149651488, 
-0.11918584557815377, -0.032678807100556796, 0.0051718392721760119, 
-0.0075301193529365047, 0.053278499032815341, -0.011058669676922222, 
-0.041902269851783254, 0.064323410640706472, 0.0048395643359514656, 
-0.12419051740714218, -0.022012356464048324, -0.037165628125149501, 
0.011544502204504314, -0.013852428446579584, -0.0013214427033963231, 
-0.046401918810662128, -0.011449978644897404, 0.034595935186622968, 
-0.10435474569025278, -0.12168144066515488, -0.076244353164241108, 
-0.039356063006819951, -0.021360619891287663, -0.0097397963672564009, 
-0.177704440521849, 0.10589461168331134, -0.017721552685234111, 
0.03658247577561563, 0.038569683689443794, -0.037792338154659044, 
0.033145945353170357, -0.054011453755747632, -0.13782043121503809, 
-0.022012356464048324, -0.20519780587887851, -0.014156566286545052, 
-0.0070530943190725073, -0.017844773306363741, 0.010271039428378747, 
-0.00076094143548256711, -0.002160793895773686, 0.0481308207586537, 
0.10033520813702211, 0.064497279396116713, 0.026318091995921656, 
-0.016269594513287976, 0.015208519026609761, -0.0087053232268586803, 
-0.010164674389292217, 0.034299151791131903, -0.0039543669598899878, 
-0.010910546296300712, 0.0017544037364463254, 0.0011681678781966705, 
-0.0086780403144708553, -0.019754488158841732, 0.055638809384750125, 
-0.037165628125149501, -0.014156566286545054, -0.070919573802970592, 
0.017888640040344645, 0.011494662692722217, -0.0096033290881651356, 
0.0114506742085882, 0.011630280587519325, -0.0021064262986478792, 
-0.12970544571493317, 0.027817548080700229, 0.021861144363969409, 
0.0031029817581165247, 0.010437991885291847, 0.0041498037611788592, 
-0.023911145906952834, 0.00067975141128531324, -0.01220625913706349, 
0.0040333646145384889, -0.0087908267321240643, 0.00084442651835487791, 
-0.0071365859146680297, 0.011015756211584654, 0.034880311857041851, 
0.011544502204504313, -0.0070530943190725065, 0.017888640040344649, 
-0.0055926933899398436, 0.002703578364172364, -0.0053298113419452424, 
-0.0019816067974804084, 0.0038075576449182894, 0.0024359168227876212, 
0.025219563883816905, 0.093967494056809611, 0.006224537994100417, 
0.0033319565434707103, 0.008046509488869702, 0.0084660853271230473, 
-0.0059697801659329246, -0.03227295040433692, -0.0063115439506521414, 
-0.0096735173979417242, 0.0063018817965220303, -0.0041915268867084368, 
-4.2116730537636868e-05, 0.0054009929839900295, 0.02805540529750819, 
-0.013852428446579582, -0.017844773306363745, 0.011494662692722217, 
0.0027035783641723636, 0.006120559664025675, 0.002212206522681984, 
-0.003271052681300212, 0.0062997424009726705, 0.0027563511538162846, 
0.040329210591663327, 0.051279225342850267, -0.0033578634293409131, 
0.0060434400347326184, 0.0071436351270110993, 0.011314511252691725, 
0.054389682885025055, 0.011646570610319405, -0.00988238791709963, 
-0.0077373618684982099, -0.0090841359131459808, -0.0097424012703457488, 
0.00299845839789953, -0.0012670078502129301, 0.065760981297336693, 
