structure(c(0.086723614660165552, 0.11705226023418659, 0.0086816255452104151, 
-0.04651769819852767, 0.097287091566191988, 0.078260344085268288, 
-0.068618030952729475, 0.047680094154207486, 0.17436525975181646, 
0.12694944141018513, 0.1103039264911788, -0.00017522098482344615, 
0.08379156908151178, 0.067028711019256587, -0.09867562413221867, 
0.06113485087480558, 0.028741376827058077, 0.070345992865184351, 
0.02097600014876197, -0.1290031045900451, 0.021524392325795318, 
0.038529755585683612, -0.04089150589344541, -0.039985694338036483, 
0.11705226023418659, -0.0082223154437682348, -0.015983060662479946, 
0.0079559417247762696, 0.11825302309012307, 0.026069972541070723, 
-0.018480657187120032, -0.03563598964820059, -0.059363213587632045, 
-0.048637470255499617, -0.20599774119983685, -0.010273030708701215, 
0.019366310317882784, 0.020431792437618567, -0.009287328575988605, 
0.048090013814664545, 0.047165443768832215, 0.054489393998947179, 
-0.35340300416796816, 0.10011953346702258, 0.0022824930879832193, 
0.04010612383795352, -0.086832630149226583, -0.0074346335766279003, 
0.0086816255452104151, -0.015983060662479946, 0.022021680208213667, 
-0.041414906482993723, 0.031323149289098989, 0.0082109391315929366, 
-0.0018466542845007631, 0.024097520080659716, -0.0092336757438005682, 
-0.017040410493053861, 0.012299045050827215, -0.016663381524994348, 
0.00070529772422606629, 0.013911354318460304, 0.0027675974660807678, 
-0.012055879775867657, -0.0070745180448692074, 0.01193381893579348, 
0.018110580845601968, 0.096210280144502613, 0.029734200972517146, 
0.011610027264574652, 0.015350198695002188, -0.025626944676475881, 
-0.04651769819852767, 0.0079559417247762696, -0.041414906482993723, 
0.064710697061395317, -0.064621195464607276, 0.018324073309896036, 
-0.011842375912748395, -0.014614621293274198, 0.12601621848412722, 
0.051531502039954685, -0.048047665339793717, 0.087172155333663251, 
-0.019593434309878366, -0.015717413557058683, -0.021749243049915785, 
0.0069417921742101615, 0.0016267370387715991, 0.020032613983267351, 
0.11461181741955112, -0.16835515424902925, 0.0077268044998950293, 
0.00057715326144829884, 0.013901401138759224, 0.02443718832931779, 
0.097287091566192002, 0.11825302309012307, 0.031323149289098989, 
-0.064621195464607276, -0.077650900217939495, 0.050112863381114127, 
-0.036732883461041983, 0.03149342715966176, 0.070295006121838879, 
-0.023050510389256804, 0.10276972286559627, 0.0036662023307284975, 
0.0092048491012018275, -0.011465856927588974, 0.0012058515007228308, 
-0.013338346066153689, -0.042762360986334381, -0.012748928908843349, 
-0.20627350861678315, 0.03731807467511164, 0.027551716202354082, 
0.038602703880389888, -0.010641743935409682, -0.0039674983944851371, 
0.078260344085268302, 0.026069972541070723, 0.0082109391315929366, 
0.018324073309896032, 0.050112863381114127, 0.01115516207078397, 
0.014243205771529094, -0.030610486726579927, -0.026534540607807317, 
0.08509978516427591, 0.030380724469416975, 0.031268518581568268, 
-0.0011833460232995455, 0.0023460390799000287, 0.0051377458960434391, 
-0.012155511407763105, 0.0096541355230576782, -0.013402360987198842, 
-0.094183512416359888, 0.15431553726553635, 0.023317011011203204, 
0.0069545327204131495, -0.012795033071041953, -0.00067759106060005661, 
-0.068618030952729475, -0.018480657187120036, -0.0018466542845007629, 
-0.011842375912748395, -0.036732883461041983, 0.014243205771529092, 
0.025990364245731656, -0.024687529235884739, 0.0020573875581851499, 
0.0034313239850302241, 0.0059667348533114801, 0.014966775308270241, 
0.0015654941338757917, 0.0068445053523480881, 0.010291034494791828, 
0.030874795386976562, -0.030305380736185272, 0.011276943469124305, 
-0.15262408400473951, 0.12228282956826489, 0.008864205867021125, 
0.027046257365216524, -0.0097073404406690603, -0.013867475746252928, 
0.047680094154207486, -0.03563598964820059, 0.024097520080659716, 
-0.014614621293274198, 0.03149342715966176, -0.030610486726579931, 
-0.024687529235884739, -0.032725536327339363, -0.0056462716309353062, 
-0.082785319392463808, 0.0056306117656759703, 0.0074422302596023676, 
0.0036660599835579549, -0.0063835450835589462, -0.0095138606390553337, 
0.0082811471508061497, -0.0016402124811607951, 0.011142506587315174, 
0.048730641489705129, 0.060067413252895295, 0.052064130420357249, 
0.01961976599071967, 0.02648473600174428, -0.0015056080105648999, 
0.17436525975181644, -0.059363213587632045, -0.0092336757438005665, 
0.12601621848412725, 0.070295006121838879, -0.026534540607807314, 
0.0020573875581851495, -0.0056462716309353062, -0.20912229364953255, 
0.045372673462847339, 0.088407248393883628, -0.019559828586569763, 
0.033244699868235486, -0.0064416116249559532, -0.03026282458459556, 
-0.0014287973581732652, -0.055838694047327893, -0.00017622307316912374, 
-0.023504537764168582, -0.10147892637212594, 0.058214232663346306, 
-0.0012252885269280953, 0.0081833316746141253, -0.024596184370892622, 
0.12694944141018513, -0.048637470255499617, -0.017040410493053864, 
0.051531502039954678, -0.023050510389256804, 0.08509978516427591, 
0.0034313239850302241, -0.082785319392463808, 0.045372673462847346, 
0.064890749063842817, 0.060977907779244701, 0.042554256782069359, 
0.024195931385564869, 0.032918184107879396, -0.0035244016599334073, 
0.022049778436911902, 0.024241266836717432, -0.047552190488985388, 
0.45869149981167467, -0.070473769171064043, 0.049859593836178037, 
0.016348750532724651, -0.03694586870699678, -0.02493772726357214, 
0.1103039264911788, -0.20599774119983685, 0.012299045050827215, 
-0.048047665339793724, 0.10276972286559627, 0.030380724469416975, 
0.0059667348533114801, 0.0056306117656759712, 0.088407248393883628, 
0.060977907779244694, 0.022310987424345612, -0.0048411179117771102, 
0.0212416242609091, 0.022381005641480642, -0.036178004049887739, 
0.0050167468734422099, -0.032999672671211136, 0.0014654783712278975, 
-0.12803555340290484, -0.22788728598295624, 0.050631981012848638, 
0.0025308318374074306, 0.0072510115620430127, -0.051737024339695487, 
-0.00017522098482344615, -0.010273030708701216, -0.016663381524994345, 
0.087172155333663251, 0.0036662023307284975, 0.031268518581568275, 
0.014966775308270241, 0.0074422302596023667, -0.019559828586569759, 
0.042554256782069352, -0.0048411179117771102, -0.00061815565464478999, 
-0.01182070762746153, -0.0043494025984027688, -0.010728135612159318, 
-0.0046618589061720693, 0.010249508897208314, -0.0085825025106798045, 
0.21646198601996974, -0.16573583457514179, 0.050274709670494619, 
0.0011558596572761499, 0.017640449980808135, 0.0028869491514434097, 
0.08379156908151178, 0.019366310317882787, 0.00070529772422606629, 
-0.019593434309878369, 0.0092048491012018275, -0.0011833460232995455, 
0.0015654941338757917, 0.0036660599835579549, 0.033244699868235486, 
0.024195931385564869, 0.021241624260909104, -0.01182070762746153, 
0.016933908220768762, 0.0060550638133011047, -0.001745623610394491, 
0.0061314768775780522, 0.0014396630174920687, 0.00066752745591436616, 
-0.0035562914253673395, -0.072854301005365635, -0.011662344174370395, 
-0.01351791193944534, -0.0070035828172207385, 0.0044249930178939011, 
0.067028711019256587, 0.020431792437618564, 0.013911354318460302, 
-0.015717413557058687, -0.011465856927588974, 0.0023460390799000287, 
0.0068445053523480889, -0.0063835450835589471, -0.0064416116249559532, 
0.032918184107879396, 0.022381005641480642, -0.0043494025984027688, 
0.0060550638133011047, 0.0056365647857145327, -0.0083455091095515476, 
0.012902889039735318, 0.00031392415090392866, 0.0059051626783112052, 
0.04047489736195365, -0.02104349831788532, 0.0025304413661543066, 
-0.01161889275897175, -0.0060240416050502243, -0.0050290557038038079, 
-0.09867562413221867, -0.0092873285759886032, 0.0027675974660807683, 
-0.021749243049915781, 0.0012058515007228306, 0.00513774589604344, 
0.010291034494791828, -0.0095138606390553337, -0.03026282458459556, 
-0.0035244016599334073, -0.036178004049887739, -0.010728135612159316, 
