structure(c(0.064702915865667329, 0.07965451106475939, -0.018768174513250576, 
0.060668918895233702, 0.013127864101882899, 0.048935264730537623, 
0.030873691078878253, 0.019808616744197479, -0.0088749695093363282, 
0.037145990284746667, -0.0043316887547994896, 0.046310670934131423, 
0.026767197090413728, 0.012183169621243418, -0.035930990466762604, 
0.023168032443322818, 0.018230324245151443, 0.014919587232853198, 
0.066070274599559539, 0.020588232259523869, -0.027993388780792414, 
-0.0095890990946401432, 0.014222792216828224, -0.0025439740008610795, 
0.07965451106475939, 0.025593733723311394, 0.0082694067079203404, 
-0.016643463685212401, -0.013192412243980583, 0.048664232251085134, 
0.058302359586167703, -0.022469131806437882, -0.007110746979654939, 
0.0083295922263832631, -0.032830825630417407, 0.0088450814670296748, 
-0.010847716296521415, -0.0040188648884568615, -0.015420434901353185, 
0.0065148840661831591, 0.016148026632407858, -0.0029069333996310214, 
0.08915278670844487, 0.07796028209901544, -0.0011616508375485233, 
0.0095431261921277606, 0.020389627836245164, 0.028310480643662112, 
-0.018768174513250576, 0.0082694067079203404, -0.017189097013149073, 
0.025204094848148235, 0.016222219176788493, 0.0087285277800291262, 
0.0069741425996842901, 0.002809083459731188, 0.0077479681494049052, 
0.065227836327300295, 0.046480604606319545, 0.013485949751145532, 
-0.00062138644805750075, 0.0071263809069331621, -0.00057818406154935072, 
0.011447416191247763, 0.0080811074840607226, 0.0081706167494785733, 
0.015115763827941005, 0.024509203677659994, 0.010901830527326652, 
0.00062311536117924866, 0.0039624944905461874, 0.0084118312902783411, 
0.060668918895233709, -0.016643463685212405, 0.025204094848148235, 
-0.032004191092054539, 0.0096646027340204586, 0.0052388385263229939, 
0.010800677759343029, 0.01247007596896677, 0.011168225107541497, 
-0.0011783687878848016, -0.0084803813109413286, 0.0028930924535314835, 
0.0084512922800810495, 0.0081739215220808844, 0.014292396069254558, 
-0.017505291618189835, -0.013634031693146057, -0.0057069090139375564, 
-0.053200393210627757, 0.074168449857326083, 0.0027643308915397415, 
0.0088212127917119548, -0.0020675561577390813, 0.0010453557993297844, 
0.013127864101882897, -0.013192412243980583, 0.016222219176788493, 
0.0096646027340204586, 0.007713135960427539, -0.0072135510906053526, 
0.012293215251769751, 0.013923438457996866, 0.02209938651185591, 
0.013251479797783178, 0.040823323661255288, -0.021985767321526597, 
-0.0055501028946259665, -0.0034884460885286064, 0.0053027781314618772, 
-0.0017804119940757204, 0.020509991834232508, -0.0088491058818612467, 
0.0023201999384579548, 0.0362715771006984, 0.005609820518851151, 
0.010093355908371711, -0.006373163265295495, 0.0050875893477368411, 
0.048935264730537623, 0.048664232251085134, 0.0087285277800291279, 
0.005238838526322993, -0.0072135510906053526, -0.012131676644306793, 
-0.019791405259786989, 0.010767588497327155, -0.0088699293945727654, 
0.020763193856951197, -0.0027600366810115692, 0.0043263245420910104, 
0.001958323338030761, -0.0016774688495617238, -0.0081344697832932897, 
-0.01191209685400862, -0.0072470386587184261, -0.018276390973503982, 
-0.0072856748525853996, 0.045775834196128268, -0.0084436164678672702, 
-0.0042351103484397686, 0.0030887349696396369, 0.0022477524273359865, 
0.030873691078878253, 0.05830235958616771, 0.0069741425996842901, 
0.010800677759343028, 0.012293215251769749, -0.019791405259786985, 
0.021791346548589635, 0.010000786140464207, 0.0059681908677455542, 
0.030929896573413416, 0.044203007124120182, 0.01308979536391032, 
0.001525205057627259, 0.0085329101944485852, 0.012514775297315301, 
0.011452293735066713, 0.010148845605639971, 0.0014190735732578258, 
0.0074034396561126438, -0.019591251437533111, 0.0027262251778442585, 
0.005217354142971203, 0.011458662365203452, 0.019249417600879636, 
0.019808616744197479, -0.022469131806437882, 0.0028090834597311876, 
0.01247007596896677, 0.013923438457996868, 0.010767588497327153, 
0.010000786140464207, 0.016899138015769127, 0.0093274821431891565, 
0.0284059578422565, 0.029378078235629029, -0.0036771765496073799, 
0.0017971826219319697, -0.0039937738189772436, -0.017417253464702635, 
0.012898406338795063, -0.0098851012286247392, -0.0019569774516388578, 
0.02002208228760358, 0.018960154831857434, -0.0001186115921160214, 
0.0013916990363136738, 0.001518346570023682, 0.0012039101502125673, 
-0.0088749695093363282, -0.007110746979654939, 0.007747968149404906, 
0.011168225107541499, 0.022099386511855914, -0.0088699293945727654, 
0.0059681908677455542, 0.0093274821431891565, -0.0040813902250124729, 
-0.02259067327892365, 0.10097054008874214, 0.024526561623819852, 
-0.011132376314371443, -0.0086786290200668147, 0.025914310399328833, 
0.0032416332541185576, -0.014994296176355143, -0.0028331933987854941, 
0.14581100688372858, -0.079047594345542357, -0.0089241178172534495, 
0.010967918546491403, 0.0012884193105701194, 0.021324734179545658, 
0.037145990284746667, 0.0083295922263832648, 0.065227836327300295, 
-0.0011783687878848016, 0.01325147979778318, 0.020763193856951197, 
0.030929896573413416, 0.028405957842256496, -0.022590673278923647, 
0.0035565162544161188, 0.022676797675224691, 0.0076026616027231684, 
0.014867559079378864, 0.014427326912004204, -0.010407565125534103, 
0.010437428010130444, -0.0022422696234166723, -0.014519969258959344, 
0.045111066124470238, 0.025050575752637715, -0.010111279997712398, 
0.0089025578620601942, -1.5360430575498055e-07, -0.0083926813369622211, 
-0.0043316887547994896, -0.032830825630417407, 0.046480604606319552, 
-0.0084803813109413286, 0.040823323661255288, -0.0027600366810115692, 
0.044203007124120175, 0.029378078235629032, 0.10097054008874212, 
0.022676797675224691, 0.059205261679988075, 0.065118139974978534, 
0.011477182343265474, 0.0094435286236788669, -0.02181099598394377, 
0.009025214947304917, -0.01171919763634997, -0.031810298277267016, 
-0.07044878637498235, 0.066553044174153489, -0.020975333737408695, 
0.011204953745581213, -0.031415139265280084, -0.0016359707208600954, 
0.046310670934131423, 0.0088450814670296748, 0.013485949751145532, 
0.0028930924535314835, -0.0219857673215266, 0.0043263245420910104, 
0.013089795363910318, -0.0036771765496073795, 0.024526561623819856, 
0.0076026616027231693, 0.065118139974978534, -0.010731466795743605, 
0.0047267272943527826, 0.00015736485395769677, -0.0075577075633301684, 
0.0051700440571175281, 0.01914294202850992, 0.0068657512439204852, 
-0.05795508797178936, -0.065302869333940347, -0.0078544235508151098, 
0.010801381249641315, 0.0033773129277341859, 0.0096474332771972118, 
0.026767197090413728, -0.010847716296521414, -0.00062138644805750075, 
0.0084512922800810495, -0.0055501028946259648, 0.0019583233380307615, 
0.0015252050576272593, 0.0017971826219319695, -0.011132376314371441, 
0.014867559079378865, 0.011477182343265474, 0.0047267272943527817, 
0.00061308710904133055, -0.0035685207024123713, 0.0023608738043398537, 
0.00013153957187250626, 0.0014548931092589785, 0.00052232870927285417, 
0.02203259205275775, -0.021921753822189631, -0.0055420548993260887, 
-0.0062060843537399234, -0.002485804376341143, 0.00081832490807057603, 
0.012183169621243418, -0.0040188648884568615, 0.0071263809069331621, 
0.0081739215220808844, -0.0034884460885286068, -0.0016774688495617238, 
0.0085329101944485852, -0.0039937738189772436, -0.0086786290200668147, 
0.014427326912004204, 0.0094435286236788669, 0.00015736485395769677, 
-0.0035685207024123713, -0.0057591646266312961, 0.0025811169671837038, 
-0.00022057465211452611, 0.0013373745639080916, 0.0021175989342345374, 
0.03510356632183502, -0.027921937006488897, -0.0013492544237915371, 
-0.0069170187575687677, -0.0012426044343703004, -0.0040511398660163893, 
-0.035930990466762604, -0.015420434901353183, -0.00057818406154935072, 
0.014292396069254556, 0.005302778131461878, -0.0081344697832932897, 
0.012514775297315301, -0.017417253464702635, 0.025914310399328837, 
