structure(c(-0.011132583149674653, -0.018242100732744723, 0.0080044923947753619, 
-0.013859037632989969, -0.057066740830871487, -0.032904167352514453, 
-0.012123162267466181, -0.0095801880165568599, -0.08702264227338799, 
0.012486951189678304, 0.032298890184639543, -0.022404103012596214, 
-0.017602291580506642, -0.0062283784066864602, 0.028517468579285075, 
-0.040766816655461842, -0.013817273112594276, -0.010457059535998342, 
0.038923551750997411, 0.027070127683597948, 0.0058748223060874462, 
0.0034742021566117678, -0.019841938408898949, -0.0035474595729503857, 
-0.018242100732744727, 0.0017082493013758282, 0.0056484467350578485, 
0.01972096670802757, -0.032117531768438769, -0.019828473557748125, 
-0.018111071800929964, -0.0047913917113012756, -0.01093186129847303, 
0.024733674260419038, 0.0003664134481221833, -0.0011679195959612225, 
0.0032263206046615743, 0.010280089056777859, 0.0084692362456189295, 
-0.019686703912951884, 0.0049304501494938664, 0.010809224750344551, 
-0.036645711175321158, -0.022741441969264725, -0.010376208863741087, 
0.00092045215875400993, -0.0055559230308019816, 0.00037489717731241005, 
0.0080044923947753619, 0.0056484467350578485, 0.038873420994562924, 
-0.0077215813591772356, -0.014433746609422314, -0.0090349519785655127, 
0.0041440027376541053, -0.007421530996657771, -0.011495997352523686, 
-0.010826038623937809, -0.029234818766825221, -0.0024342450403749428, 
0.0007253861756894496, -0.0013464153128137201, -0.0023854634036224085, 
-0.0090006588815676955, -0.0095431603984804398, -0.012373258404424608, 
0.031730613772012514, 0.011731324651885347, -0.0060943495823624896, 
0.00027395276610877385, -0.0036267468494037224, 0.00108442083136838, 
-0.013859037632989969, 0.01972096670802757, -0.0077215813591772348, 
0.011592645118496659, -0.012438701290105592, 0.0033350003984928015, 
-0.006640115967346016, -0.005005345801253171, 0.0091474214313835567, 
0.00070930405114156072, 0.0035751928323125505, -0.0049364770890552214, 
0.00043987864145380256, -0.0021109672308773854, -0.0015100735805131753, 
0.0054261624741700374, 0.011382509405876748, 0.012650730300768553, 
0.036350301187220435, -0.016294404306900431, -0.004473682108292929, 
-0.0083026141332643577, 0.0044341782528113469, -0.00092378860520131185, 
-0.05706674083087148, -0.032117531768438769, -0.014433746609422312, 
-0.012438701290105592, -0.014719778289679479, -0.0026968940520335095, 
-0.017027746070546947, -0.00068148912786596182, -0.029830983779877883, 
-0.017242785299261078, -0.010992404792973124, 0.013090286863656363, 
0.0072493827223659504, 0.0064513493757319077, -0.0021763139736857237, 
-0.0073199548226042677, -0.0079322558441211211, 0.0021362881714567326, 
-0.04423769607200248, 0.0065147874448322268, -0.0043620088117085742, 
-0.0065172827050022598, -0.0013008429908169421, -0.0038587851720775107, 
-0.032904167352514453, -0.019828473557748125, -0.0090349519785655127, 
0.0033350003984928015, -0.0026968940520335095, -0.0025528813124364932, 
0.0047063523830352238, -0.0079824857949141546, -0.018694847702156903, 
-0.013966262640245466, -0.036982671650556007, -0.0047175025529848508, 
0.00080073968768704334, 0.0033951844338090788, -0.0023702828035964156, 
0.0058225578891978073, -0.0022532217382433737, 0.010064236945980163, 
0.013574148384871341, -0.022548227692902024, 0.0085947792639394192, 
0.0020063134749138071, 0.0012077706103747418, 0.0032151914603760429, 
-0.012123162267466181, -0.018111071800929964, 0.0041440027376541053, 
-0.0066401159673460169, -0.017027746070546947, 0.0047063523830352238, 
-0.013945695480158362, -0.0029998020023634699, -0.0043933723503246525, 
0.0092013167185349513, -0.036822933409024719, -0.0020119606107067865, 
0.0038854755800895339, 0.0012838993760274483, 0.0053291749036044429, 
-0.0029103976623439639, -0.00031084653424179646, 0.0035185277433029969, 
-0.045436018125300931, 0.039150249823965165, -0.0067093952203421134, 
0.0026941442811224499, -0.0070942749127233373, -0.0034562025138184147, 
-0.0095801880165568599, -0.0047913917113012756, -0.007421530996657771, 
-0.0050053458012531719, -0.00068148912786596182, -0.0079824857949141528, 
-0.0029998020023634699, -0.018708130019395541, -0.013411554627254707, 
-0.019298466341293605, -0.024168314275108651, -0.0038425307531719686, 
-0.0055550905599748629, -5.2331859723384942e-05, -1.3856131742947012e-05, 
-0.004539180886801622, 0.0066701840803898424, 0.00058412034723634833, 
0.050310309928144475, -0.01228540055417853, -0.00056416881144697123, 
-0.0067405317792807234, -0.0010383993232066279, -0.001344302375694575, 
-0.08702264227338799, -0.01093186129847303, -0.011495997352523686, 
0.0091474214313835567, -0.029830983779877883, -0.018694847702156903, 
-0.0043933723503246534, -0.013411554627254707, -0.0097970116539909027, 
0.024064801958880493, -0.0035653833956663353, -0.024816298264838423, 
0.0091381714418242617, 0.012386102142504558, -0.0057060718208246574, 
0.0044843841463885403, 0.013164741487951565, 0.0073719195153281198, 
-0.011013495216191951, 0.017514174692266623, 0.0001629509659206622, 
-0.018609794559272815, -0.0049790574480164133, 0.016779316367353716, 
0.012486951189678304, 0.024733674260419041, -0.010826038623937809, 
0.00070930405114156083, -0.017242785299261078, -0.013966262640245464, 
0.0092013167185349513, -0.019298466341293605, 0.024064801958880493, 
-0.010945998434892596, -0.025053933864928154, -0.0054041795881007333, 
-0.0066436717513156168, -0.0015105140913828162, 0.0012659011639026719, 
-0.0043057401428203594, 0.0043900316832250607, 0.022779197045124475, 
-0.011893042619602444, -0.019161212543857831, 0.0016633050061456234, 
-0.0047233129660255195, 0.0074172871152154794, 0.011721571799718335, 
0.032298890184639543, 0.0003664134481221833, -0.029234818766825224, 
0.0035751928323125505, -0.010992404792973124, -0.036982671650556014, 
-0.036822933409024719, -0.024168314275108647, -0.0035653833956663357, 
-0.025053933864928154, 0.045127172605990105, -0.056167804265455736, 
-0.0063684106356043709, -0.002397700036706443, -0.0016435314373656113, 
0.012759980501162586, 0.0083782716648936901, 0.011921506629198971, 
-0.04652226302866605, 0.02287023697842747, -0.0096482897829715166, 
-0.0083313806888975495, 0.0093280212992707164, 0.0098465337317245466, 
-0.022404103012596214, -0.0011679195959612225, -0.0024342450403749428, 
-0.0049364770890552214, 0.013090286863656361, -0.0047175025529848508, 
-0.0020119606107067865, -0.0038425307531719682, -0.024816298264838419, 
-0.0054041795881007333, -0.056167804265455736, 0.0036307554492520581, 
-0.0028081462152651374, 0.00063535071126255224, 0.007684974363391139, 
0.001091126176852064, -0.0014734427220886937, 0.0020675932484467119, 
0.02050797622623915, 0.043204371305517367, -0.00090596368193617829, 
0.0017782278998972252, -0.0077808182673622219, 0.0024329279504707981, 
-0.017602291580506642, 0.0032263206046615747, 0.0007253861756894496, 
0.00043987864145380256, 0.0072493827223659496, 0.00080073968768704334, 
0.0038854755800895339, -0.0055550905599748637, 0.0091381714418242617, 
-0.0066436717513156159, -0.00636841063560437, -0.002808146215265137, 
-0.0021611537788161221, -0.0016554552932334038, 0.00091111284879381177, 
-0.0031669615417081352, 0.00010593241983477917, -0.0010946563683416528, 
0.00051783746075831209, 0.0062104572163516301, 0.0026728438078697176, 
0.0014262123820128105, 0.0022602547453186711, 0.0010427962200809432, 
-0.0062283784066864602, 0.010280089056777859, -0.0013464153128137201, 
-0.0021109672308773858, 0.0064513493757319077, 0.0033951844338090792, 
0.0012838993760274481, -5.2331859723384935e-05, 0.01238610214250456, 
-0.0015105140913828164, -0.002397700036706443, 0.00063535071126255224, 
-0.0016554552932334038, -0.0021122054986496609, -0.00084508821836383615, 
-0.0013791401818733834, -0.0018629328985257736, -0.0026565251066278895, 
-0.021832619780549102, 0.016151864297666206, 4.6318671473157051e-05, 
0.0018325656923492857, 0.0005922978641047863, 0.00026419053541352599, 
0.028517468579285075, 0.0084692362456189295, -0.0023854634036224085, 
