structure(c(-0.15444449524014592, -0.033024656495242284, -0.06395814832253055, 
-0.056894782960960226, -0.064725666921599159, 0.11633117604249658, 
0.17157936508379659, -0.022390612539490266, 0.073823109050547231, 
-0.13292090899819647, -0.31381986839355436, 0.13691742033529328, 
0.18659430153549336, 0.11965116158607014, 0.082222521171731955, 
-0.045405812161802242, 0.18651626067457378, 0.1503588628227247, 
-0.48011212467661224, -0.12088455820973304, -0.030506592882239419, 
-0.11127929086750164, 0.048318427532617163, -0.064180320970946531, 
-0.033024656495242284, 0.20396260341914421, 0.049286643028353186, 
0.16281907157142705, -0.090486011637817165, 0.015806559641398977, 
0.00922369084305775, 0.0091054345998424404, 0.24336442373927836, 
0.096407919116769616, -0.085058473323061698, 0.10488920106584086, 
0.025692975416460522, 0.036871436075939422, 0.036755551409895289, 
0.029752325289620123, 0.17691963081906631, -0.0084381026889667962, 
0.34406841386484643, 0.47514174769436768, 0.064125798324593128, 
-0.072121459512172595, 0.089444391269466766, -0.054394611742849368, 
-0.06395814832253055, 0.049286643028353186, -0.17342747467969091, 
0.10299887061556486, -0.018939240173153949, 0.068835244732420364, 
0.02333284553265692, 0.062382113986318606, 0.087403307643665218, 
0.065183978425698827, -0.096951500386119355, 0.021325381304750354, 
0.050613963414620003, 0.049027248428535154, -0.015334774299616735, 
0.044467010906145958, -0.026472230582501397, 0.028468277877036874, 
-0.20909091742512401, -0.075473736148959247, -0.020359553804582639, 
-0.011438934777990935, 0.00056018269774687937, 0.0070050093866014128, 
-0.056894782960960233, 0.16281907157142705, 0.10299887061556484, 
0.024603246327222269, 0.06071236810843858, -0.032343808961370735, 
-0.0023615967118154405, -0.06400215235064817, -0.01706747436045292, 
-0.025568439667115663, -0.063819612106085263, -0.020151123987440768, 
-0.03549077216501096, -0.016150084913972407, 0.024834686927326845, 
-0.067368038214370055, 0.028830590026176064, 0.046701522039610664, 
-0.10904209643530868, 0.055871646332143726, 0.032405922819227259, 
-0.0012835627385679191, 0.041562876598774771, -0.032208584066726352, 
-0.064725666921599159, -0.090486011637817179, -0.018939240173153946, 
0.06071236810843858, -0.25957217579538561, 0.080072797486440139, 
0.091314974971835827, 0.02816253724706928, -0.43459300953181262, 
0.20734557635482159, 0.023085053141994948, 0.057143495543352067, 
-0.0021339736785191384, -0.045204002223297429, -0.084847778297128168, 
-0.012814850499432474, -0.048440884342363599, 0.017991389517160297, 
0.15587266398344915, -0.061594382581510225, -0.098775115799740756, 
0.025298729467912676, -0.059161173725776367, 0.02808673377374505, 
0.11633117604249657, 0.015806559641398977, 0.068835244732420364, 
-0.032343808961370742, 0.080072797486440139, 0.08313852269866831, 
-0.044808273400371836, -0.029488174485325026, -0.019100490764298601, 
-0.07593505318679683, 0.045653100991286492, -0.0053567448476347776, 
-0.034656841215523572, -0.022027167298601654, 0.017087571015163196, 
-0.027360475295049709, 0.035393748134708705, 0.027695735811001296, 
-0.35130490453044305, -0.26675229580899801, -0.055531859251422296, 
-0.023392808589914747, 0.034207425625736976, -0.0048209820872410969, 
0.17157936508379656, 0.00922369084305775, 0.02333284553265692, 
-0.0023615967118154405, 0.091314974971835827, -0.044808273400371836, 
0.037909408867115947, 0.014526974891921816, 0.11759469686446755, 
0.0074215471273080206, 0.0068397529739227421, -0.0019618264489857659, 
-0.0056192498705103337, 0.014825452425006659, -0.02851366732104851, 
-0.0083919999143011736, 0.038839816115502697, -0.045292011524594444, 
-0.11404112003133765, 0.14388310511162153, 0.0363133982120191, 
0.047992092383797806, 0.065217703489610521, 0.018267166219627647, 
-0.022390612539490266, 0.0091054345998424404, 0.062382113986318613, 
-0.064002152350648156, 0.028162537247069276, -0.029488174485325026, 
0.014526974891921816, 0.0017973921546695863, -0.027722203170952503, 
0.02477450100222402, -0.084514083979601778, 0.035815670046276935, 
-0.0099750578474930296, 0.01655557830365461, 0.0022418111072426989, 
0.015892625274632501, 0.097062229318985421, 0.020225666689924874, 
0.41123515922367826, -0.32389478178836367, 0.040463618927615005, 
-0.019558471712693336, 0.036770142593293864, 0.011909209809595931, 
0.073823109050547231, 0.24336442373927838, 0.087403307643665218, 
-0.01706747436045292, -0.43459300953181257, -0.019100490764298601, 
0.11759469686446754, -0.027722203170952503, 0.11545151685288001, 
0.07565970412858343, 0.023432516214025492, 0.022128795493451172, 
-0.067401640177326, -0.024521137374208881, 0.10377834143583003, 
-0.014555123702428646, 0.029552509158772087, 0.074137909309495542, 
0.34117954648013082, -0.60976585684945417, 0.077277399685632311, 
-0.061438133234343488, 0.079166187411361014, -0.084226430306861416, 
-0.13292090899819647, 0.096407919116769603, 0.065183978425698827, 
-0.025568439667115663, 0.20734557635482159, -0.07593505318679683, 
0.0074215471273080215, 0.024774501002224017, 0.07565970412858343, 
0.00057199432490858228, -0.085350294826351814, 0.10037702056497466, 
-0.043902300678184077, -0.079030038326243127, 0.035663800890059168, 
-0.020298903827537261, 0.04784159948762351, 0.058257838728925496, 
-0.10688673734920094, -0.23679062243585694, -0.035072723461532687, 
-0.10111997288714522, -0.046839689451919006, -0.0082731181114069768, 
-0.31381986839355436, -0.085058473323061698, -0.096951500386119341, 
-0.063819612106085263, 0.023085053141994948, 0.045653100991286492, 
0.0068397529739227412, -0.084514083979601778, 0.023432516214025492, 
-0.085350294826351814, -0.21653456234140273, 0.14853550333508159, 
0.068882953733090183, 0.049216011326879576, 0.12563626495434532, 
0.0048625523462768657, 0.020473159439835093, 0.082189900606176272, 
0.011521829479453974, 0.53205889381659466, 0.18129395139089391, 
-0.055840507393017574, 0.068656673658005207, 0.055566710782939024, 
0.13691742033529325, 0.10488920106584086, 0.021325381304750354, 
-0.020151123987440771, 0.057143495543352074, -0.0053567448476347776, 
-0.0019618264489857659, 0.035815670046276935, 0.022128795493451172, 
0.10037702056497466, 0.14853550333508159, -0.099403857498891302, 
0.06709149810632542, 0.045477954295508473, -0.0017232443483601121, 
0.027432228615832433, -0.03459590561904452, -0.0034104735530436077, 
0.14018510618122318, 0.1453812028868311, -0.0017225228241145064, 
0.060968994879574981, 0.044719882189131137, 0.012979283132851507, 
0.18659430153549336, 0.025692975416460522, 0.050613963414619996, 
-0.03549077216501096, -0.0021339736785191384, -0.034656841215523572, 
-0.0056192498705103337, -0.0099750578474930296, -0.067401640177326, 
-0.04390230067818407, 0.068882953733090183, 0.06709149810632542, 
0.0048576467349324415, -0.0095688289273687752, -0.021010237375102547, 
-0.016096092071003536, -0.020494000402921379, 0.028699885006799458, 
-0.11468163507292413, -0.010587275942028745, -0.020384620862032517, 
-0.0080973877061400242, -0.017140210832303986, 0.021729184779912387, 
0.11965116158607013, 0.036871436075939415, 0.049027248428535147, 
-0.016150084913972407, -0.045204002223297422, -0.022027167298601654, 
0.014825452425006659, 0.01655557830365461, -0.024521137374208881, 
-0.079030038326243127, 0.049216011326879583, 0.045477954295508473, 
-0.0095688289273687752, -0.01936026325308797, -0.018468383917610763, 
-0.0018447161028538851, -0.011726240781571301, 0.0071802283091898077, 
-0.11498144330321697, 0.026418372949713567, -0.010724956238147886, 
-7.9422045744644915e-05, -0.0048833755786292362, 0.025998990076602852, 
0.082222521171731955, 0.036755551409895289, -0.015334774299616735, 
0.024834686927326845, -0.084847778297128154, 0.017087571015163196, 
-0.02851366732104851, 0.0022418111072426993, 0.10377834143583003, 
0.035663800890059168, 0.12563626495434532, -0.0017232443483601121, 
-0.021010237375102544, -0.01846838391761076, -0.026875459630104029, 
