structure(c(-0.29996456020945728, -0.24711523020029733, -0.052872031688079163, 
0.1624724428429927, 0.027927691411660821, -0.28666696974196493, 
0.080544106037654731, 0.070794711272734526, 0.19983265936806091, 
-0.24818886835151902, -0.17602413061239494, -0.41682002094334331, 
-0.025604370103533104, -0.043635573860042423, 0.035545438095063372, 
-0.05963821422133421, -0.21703921872130388, -0.085687418925113445, 
1.0542618074372758, -0.33463848134510338, -0.039918481829931664, 
-0.086919897822643089, -0.085058416103450246, 0.0048520853851969897, 
-0.24711523020029733, -0.50700326987209399, -0.0083580941204722363, 
0.075830110986802951, -0.11077093146887199, -0.0052281828653105451, 
-0.059216970268003356, -0.010686093553593, 0.10048409768626185, 
-0.30757182218734797, -0.428825699512836, -0.12559485167083237, 
-0.15618870472963395, -0.13015277611424467, 0.019632592206476805, 
-0.024943327027019187, -0.039660815771468891, -0.14761777114905841, 
0.17347012464728043, -0.71387352602179455, -0.08025396117979347, 
-0.053236679284900827, -0.10638311092873196, -0.10779118184967559, 
-0.052872031688079163, -0.0083580941204722363, -0.013650893731925946, 
-0.13160870559543639, 0.059052363167901745, -0.095368663222266975, 
0.031331832008764972, -0.083321990592363893, -0.18715374824561873, 
-0.0022089155914609398, 0.061060357156378274, -0.027503217439334642, 
-0.0031493293043834054, 0.00051370559513813467, 0.059969410955608246, 
-0.08002176428735433, -0.016372468370894618, -0.025467896762788076, 
-0.10190880097262571, 0.14039692943351056, -0.080171119840385496, 
0.0021824214070685871, -0.0030822130955113136, -0.0099602394106193572, 
0.1624724428429927, 0.075830110986802951, -0.13160870559543639, 
0.037728161968279057, -0.097837361525659444, 0.031236487918889787, 
-0.0095947079820331849, -0.087937727448734015, 0.020321331155570884, 
-0.019823980435742242, 0.016920304979161933, 0.024488780203774294, 
0.04837082365357382, -0.0068612085321933282, -0.078166744450815603, 
0.054393808956183148, -0.01056847907501007, -0.0074285257270213468, 
0.4810576923297557, -0.15070310272797827, 0.10467043238756052, 
-0.04419903406937474, -0.065020128666790702, 0.023151368860991086, 
0.027927691411660821, -0.11077093146887199, 0.059052363167901745, 
-0.09783736152565943, 0.075129883060626748, -0.025358058918181655, 
-0.040731549835628794, 0.0036906537007460145, 0.14721242642275603, 
-0.10546856583385671, -0.23056186178722557, -0.12200387751500975, 
-0.02287612817272178, 0.020994020596360539, -0.0099281941038675409, 
-0.074020759363327124, 0.03074039189512337, 0.043079718112736941, 
0.13014025811698388, -0.094129670230777202, 0.0094179991539454205, 
-0.081282792554130137, 0.17986114999049049, -0.057158749880206819, 
-0.28666696974196493, -0.0052281828653105459, -0.095368663222266961, 
0.031236487918889787, -0.025358058918181658, -0.035693386323486974, 
-0.0036027866002438826, -0.033504157113353278, -0.02435607401829552, 
-0.087436502543569522, -0.030502433104384954, -0.054809509985441866, 
0.0267247768390819, 0.0091247375030322573, -0.0068389440121421003, 
0.04259679960079784, 0.094503548594157633, -0.058327345799952024, 
-0.21902784330001868, -0.28832179847955863, 0.056455733656834622, 
0.023298479861209323, -0.012803658476479803, -0.041336633121971181, 
0.080544106037654731, -0.059216970268003363, 0.031331832008764979, 
-0.0095947079820331866, -0.040731549835628794, -0.0036027866002438826, 
0.029520935966797307, 0.0020536337024777661, 0.040190429537647017, 
0.086297176415239985, 0.16012047513822486, 0.048914441834834566, 
-0.033745649852604989, -0.027541852877971104, 0.013858646735170474, 
-0.014716095972050208, -0.017379288556064822, -0.014938307056757973, 
0.43353490423501256, -0.23963582487968763, 0.0042024942940670443, 
-0.035158881504225456, -0.0728966144809233, -0.01282239863693079, 
0.070794711272734526, -0.010686093553593002, -0.083321990592363893, 
-0.087937727448734015, 0.0036906537007460149, -0.033504157113353271, 
0.0020536337024777661, -0.005002331599568954, -0.11621723890821525, 
0.0064864040302784866, 0.044082028798500539, -0.046912860397488772, 
0.0078505384256940935, 0.0056488287126774325, 0.050518780461417737, 
-0.0066938088926403634, 0.020169916228118926, 0.032087701007968955, 
-0.64545421481768672, 0.1859869191149246, -0.044098560044590701, 
0.040853874512483998, 0.017598430183314695, -0.039257738478765514, 
0.19983265936806088, 0.10048409768626183, -0.18715374824561876, 
0.020321331155570884, 0.14721242642275603, -0.024356074018295523, 
0.040190429537647017, -0.11621723890821524, -0.075931926236643021, 
-0.081794447651592703, -0.44827201850627924, -0.11246106191777337, 
-0.095997062625553256, -0.10102524640388802, 0.074336815214868818, 
-0.025134431231092096, 0.10803760187476986, -0.15573864335187074, 
0.71258110723534651, -0.66527346251331965, -0.15808281784133099, 
-0.066394511729627084, -0.026490574947975305, 0.062680155145641195, 
-0.24818886835151902, -0.30757182218734797, -0.0022089155914609394, 
-0.019823980435742242, -0.10546856583385669, -0.087436502543569508, 
0.086297176415239998, 0.0064864040302784866, -0.081794447651592703, 
-0.13394195377136511, -0.068550778258157571, -0.20203882936689732, 
0.0045501599948883894, -0.0040933324721221321, -0.014930701400136529, 
0.029859440920465313, 0.052292691869422113, 0.032571844974843334, 
0.031523440476646868, -0.091959636764995606, -0.025953411283670406, 
0.0073286107432015786, -0.036038398380893191, 0.045994164160325972, 
-0.17602413061239494, -0.42882569951283595, 0.061060357156378281, 
0.016920304979161929, -0.23056186178722554, -0.030502433104384954, 
0.16012047513822486, 0.044082028798500539, -0.44827201850627918, 
-0.068550778258157571, 0.0090478950408741758, -0.22392050681078249, 
-0.0056675633755485996, -0.040475631133156435, 0.007316200230338449, 
0.10277646820104924, 0.011059553446915182, -0.061663452214758781, 
0.23130557154986794, 0.019812622873618721, 0.095165312711838132, 
-0.010638006771163519, 0.0014996804638433071, -0.12234959739287635, 
-0.41682002094334325, -0.12559485167083237, -0.027503217439334645, 
0.024488780203774298, -0.12200387751500975, -0.054809509985441866, 
0.048914441834834566, -0.046912860397488772, -0.11246106191777337, 
-0.20203882936689735, -0.22392050681078249, 0.082406401819290209, 
0.01194664704494524, -0.0014001865448592301, -0.075510533405362817, 
-0.069600745017414131, 0.054560568274359449, -0.016737082683697328, 
-0.25149063501325714, 0.16910201202070352, 0.023541616047026977, 
-0.042615234801762623, 0.052800868576002379, -0.042737433991283311, 
-0.025604370103533104, -0.15618870472963398, -0.0031493293043834058, 
0.04837082365357382, -0.022876128172721777, 0.0267247768390819, 
-0.033745649852604989, 0.0078505384256940935, -0.09599706262555327, 
0.0045501599948883885, -0.0056675633755485996, 0.01194664704494524, 
0.020494289186855363, 0.018798633912249525, -0.036190561591202486, 
-0.0048506768562546574, -0.0046847349302028447, 0.025171438977354212, 
0.11236870225673184, 0.2244281361246297, 0.044390176429382006, 
0.0055346307474388673, 0.043187653341785814, -0.0085022152040913016, 
-0.04363557386004243, -0.13015277611424467, 0.00051370559513813478, 
-0.0068612085321933282, 0.020994020596360539, 0.0091247375030322573, 
-0.027541852877971101, 0.0056488287126774325, -0.10102524640388801, 
-0.0040933324721221321, -0.040475631133156435, -0.0014001865448592301, 
0.018798633912249521, 0.027071600273182023, 0.011299990999228748, 
0.0047338116516763987, -0.0055840877254700379, 0.045378344652059401, 
0.13050106358584349, 0.14396221161563441, 0.039853835938208328, 
-0.0041139458039082541, 0.055471711343315723, 0.0040539757040187405, 
0.035545438095063379, 0.019632592206476805, 0.059969410955608239, 
-0.078166744450815617, -0.0099281941038675426, -0.0068389440121421003, 
0.013858646735170474, 0.050518780461417737, 0.074336815214868818, 
-0.014930701400136529, 0.007316200230338449, -0.075510533405362817, 
-0.036190561591202486, 0.011299990999228748, -0.0096238873668669043, 
