structure(c(0.028135891038461341, -0.0044692756703934647, -0.051771930524767591, 
-0.047934171926194112, -0.044142303772644526, 0.036513944847754679, 
0.0072161707357497598, -0.036862196243655582, 0.042579466349895449, 
-0.038805752645274534, 0.0038694105003641058, -0.020908153252344883, 
0.019342285716244023, 0.028774620560379466, 0.038631801498180449, 
-0.019192351390747743, 0.044886139828848766, -0.01488551091999445, 
-0.14720518589252479, -0.10983078393222774, 0.029900761594876823, 
0.0081115105381263687, 0.0060292967429709148, 0.017956208260122081, 
-0.0044692756703934647, 0.05286470602163295, -0.020372231883797519, 
0.0020228017797676951, -0.02271788795582793, 0.015251544374582328, 
0.0079190097584953649, -0.011467395790920234, 0.076583450540492037, 
0.019159698742544189, -0.0044754598183815624, 0.0038022762571885273, 
0.012339252156534176, 0.013580991564872372, 0.0045013868353890474, 
0.016165002821447731, 0.0080297696041021945, 0.0050491690688580105, 
0.099414944195029553, 0.066440373901811567, 0.0049013813330080766, 
-0.0083265763171612474, 0.019465772129153177, 0.010650377784443499, 
-0.051771930524767591, -0.020372231883797519, -0.014128868835043688, 
0.001277548423746085, 0.007269224803601578, 0.0075723053918308313, 
-0.031230840551649264, -0.015215823412473165, 0.034550082984358237, 
0.0065969069119917239, -0.06052804518138194, 0.020003308940494839, 
0.0047107614505937688, 0.0052453572686327011, -0.0055318221543125545, 
0.010840609480624241, 0.015879276455633379, -0.011630674985617479, 
-0.1297663725572194, 0.021042957040615849, -0.0020037489472124574, 
0.0049460282119205851, -0.0086471424966994507, -0.0028370455569877552, 
-0.047934171926194112, 0.0020228017797676951, 0.001277548423746085, 
0.0069783408668890809, 0.0083437088758026683, -0.01264669230968595, 
0.018434155830338569, 0.0041402599669262052, -0.021429637730624743, 
-0.035425625897040167, 0.018403762840843205, -0.0073237604512525088, 
0.0040788091789237015, 0.00050962967143395872, -0.0014169597538911611, 
-0.017833100928908871, -0.017066200384846845, 0.0082216403681213482, 
-0.013534854309021457, 0.0063979111836390086, -0.0075275375400698603, 
0.0048048968916262359, -0.0044765631900963365, 0.0038397784062575119, 
-0.044142303772644526, -0.022717887955827926, 0.007269224803601578, 
0.0083437088758026683, 0.032417461151987063, 0.0018075041106814173, 
0.0081105315422768439, 0.0082550943751285612, 0.0080433236863075123, 
0.012845133057184273, 0.040641717375679322, 0.024516024602323976, 
0.0080914325744299159, 0.0067311746138883207, -0.010275544990170036, 
-0.010304845643894391, -0.024351483648350561, 0.010744086621184817, 
-0.14969582808287565, 0.12215217735636758, -0.0038941443550042751, 
0.0027656507510924427, -0.027919023100226169, 0.0026816200869227815, 
0.036513944847754672, 0.015251544374582326, 0.0075723053918308305, 
-0.012646692309685948, 0.0018075041106814175, 0.0066605724717672789, 
-0.0041333256502013548, 0.0084853724006789255, 0.031108499137598382, 
0.0065661766093778207, 0.039851739572326093, 0.01117115877853085, 
0.0063880408403076657, 0.003864695762127389, 0.0079949668022746227, 
0.0093397407786149182, 0.010501890697731883, 0.0082572459367451761, 
-0.13871667698540163, -0.03690065227576228, 0.015588892067573868, 
0.0074917535852585919, 0.011967142183585714, 0.001270057873573188, 
0.0072161707357497606, 0.0079190097584953649, -0.03123084055164926, 
0.018434155830338569, 0.0081105315422768439, -0.0041333256502013548, 
-0.0075322446878770925, -0.0014951128621874441, 0.039183464756505811, 
-0.00509039494546892, -0.0016727877846497432, -0.016078721863057095, 
-0.009890339803682863, -0.005162854872219555, 0.0033616475663157419, 
0.00070911244765942442, 0.000425990049164713, 0.007821221309902756, 
-0.010185801985090715, -0.01570449174020069, -0.0096657868701359537, 
0.0032816244626806719, 0.005641395909795603, 0.0031054716939285811, 
-0.036862196243655582, -0.011467395790920234, -0.015215823412473163, 
0.0041402599669262043, 0.0082550943751285612, 0.0084853724006789272, 
-0.0014951128621874441, 0.00090949857091575533, -0.0090361036744305012, 
-0.01607334640396834, -0.015567473952560465, 0.0053569659774138304, 
-0.013200698373357777, -0.00862027573534856, 0.00015077640788262241, 
0.0057640471299956397, 0.015579237057822985, 0.013289019555700724, 
-0.040114363087089995, -0.050211183679609452, 0.0083087943392775934, 
0.0040923864082716395, 0.0046263180963408944, -0.0041475623997753574, 
0.042579466349895456, 0.076583450540492037, 0.034550082984358237, 
-0.021429637730624743, 0.0080433236863075123, 0.031108499137598382, 
0.039183464756505811, -0.0090361036744305012, 0.061458238732427166, 
0.018915136484981252, 0.019511421921541379, 0.0072740832274120273, 
-0.0051320349506220955, 0.0034590156657040524, 0.009586678509026985, 
-0.015390918052312401, -0.016793197072721002, 0.0095842802454097001, 
0.1213674901145886, -0.18079032682464063, -0.014396551238179192, 
0.018116314129546101, 0.020866982204588696, 0.010341237712107704, 
-0.038805752645274534, 0.019159698742544189, 0.0065969069119917239, 
-0.03542562589704016, 0.012845133057184271, 0.0065661766093778216, 
-0.00509039494546892, -0.01607334640396834, 0.018915136484981252, 
-0.0027143598777273521, 0.029864762294206263, 0.029787291357217298, 
-0.022806999759619518, -0.0056965903287790314, 0.010062834637358825, 
0.011700592008050049, 0.0074528119140022855, 0.028210758735446755, 
0.029198242021071862, -0.082644629514937548, 0.012366461865006414, 
-0.0071821602605884266, 0.011652784850576421, 0.0097927050378830982, 
0.0038694105003641058, -0.0044754598183815615, -0.06052804518138194, 
0.018403762840843205, 0.040641717375679322, 0.039851739572326093, 
-0.0016727877846497432, -0.015567473952560461, 0.019511421921541379, 
0.029864762294206263, -0.064363011889025379, -0.012609452128003611, 
0.0044216885233601096, 0.016914435957436011, 0.0088709218284900131, 
0.042182135116615761, 0.012010376500858729, -0.0045205080239767784, 
0.0011737917728497421, 0.045176144928811064, 0.043399981898478823, 
0.055633016330441543, -0.019187665959034258, 0.032824217327523088, 
-0.020908153252344887, 0.0038022762571885273, 0.020003308940494839, 
-0.0073237604512525088, 0.024516024602323973, 0.011171158778530851, 
-0.016078721863057095, 0.0053569659774138313, 0.0072740832274120273, 
0.029787291357217298, -0.012609452128003611, 0.026143814785163175, 
0.011595466097284741, 0.0092534047648261657, -0.0037459446074352355, 
-0.0085347757951941133, -0.021888105276070682, -0.0046745257075065712, 
0.024798432141061963, -0.012651164282810195, 0.0046886427396233814, 
-0.0093218257838985179, 0.0072576474743960727, 0.0028166329006916414, 
0.019342285716244027, 0.012339252156534176, 0.0047107614505937688, 
0.0040788091789237023, 0.0080914325744299177, 0.0063880408403076648, 
-0.009890339803682863, -0.013200698373357776, -0.0051320349506220955, 
-0.022806999759619518, 0.0044216885233601096, 0.011595466097284741, 
0.0017519861435127866, 0.0070658321954279665, -0.0026147997808469679, 
-0.00020202699142585147, -0.010657661322471243, -0.0021833254206059271, 
0.081890689400305819, -0.068604743941173899, -0.006220122512792828, 
0.0045431490551034502, -0.01125021187152732, 0.0067853148939942265, 
0.028774620560379466, 0.01358099156487237, 0.0052453572686327003, 
0.00050962967143395872, 0.0067311746138883199, 0.0038646957621273894, 
-0.0051628548722195558, -0.00862027573534856, 0.0034590156657040524, 
-0.0056965903287790314, 0.016914435957436011, 0.0092534047648261657, 
0.0070658321954279657, 0.009441774973717898, 0.00097659823442288666, 
-0.0032194063495042005, -0.0088358081434026566, 0.0069797062996539896, 
0.080893704682233211, -0.036066207814147232, -0.0070077852526557365, 
0.004120732662216269, -0.012761210603788101, 0.0070618780851620083, 
0.038631801498180449, 0.0045013868353890483, -0.0055318221543125545, 
-0.0014169597538911611, -0.010275544990170036, 0.0079949668022746227, 
0.0033616475663157419, 0.00015077640788262241, 0.009586678509026985, 
