structure(c(0.30973962175723346, 1.0180233075849514, -0.2608302918711477, 
-0.15977067143262971, -0.11664934326009897, 0.12770962486083964, 
-0.26188599398572887, -0.12480842079774489, -0.35127901859929361, 
0.46587891594105041, 0.26914103803262984, -0.19680062810597032, 
0.09291286408424089, -0.012016839134233454, -0.02237133732074921, 
-0.12834568410233443, -0.087000277385013119, -0.13129777945495616, 
2.4909649832547127, -0.078267582756072027, -0.037431771957419369, 
0.011581738610012297, 0.21632108291517094, -0.077067640538964297, 
1.0180233075849514, 0.57867381891332148, 0.022981320797784904, 
-0.1464589752923057, 0.10307060475306612, 0.094971022701541771, 
-0.085406979959324239, 0.31942556084627477, 0.24813715171554618, 
-0.020568815783141702, 0.79206476088062772, -0.10037759380532323, 
0.058379249238995873, 0.027108636127669738, -0.10058593591979827, 
0.060296301494060421, -0.018391830331728531, 0.063497918961878425, 
0.52923856067219233, -0.55349137650121905, -0.089446543356502914, 
0.0077239352870300581, 0.0091050053574442107, 0.068244772159282721, 
-0.2608302918711477, 0.022981320797784904, 0.070354802709578154, 
-0.0094601628637565379, 0.15010641217299944, -0.0068941834450221449, 
-0.10744428186421952, 0.18760655706866633, -0.10607706556121284, 
0.15767558147321306, -0.056509461252615183, -0.02542096007218695, 
-0.0016847331741835015, -0.0057297320025091079, 0.19095848182061334, 
-0.063974694489160613, -0.034615023056553194, 0.053701110863962481, 
0.75800813888765162, -0.48312920865348957, 0.042566305656971663, 
-0.043818180303819003, 0.03914890309916675, 0.062191023148109335, 
-0.15977067143262971, -0.1464589752923057, -0.0094601628637565362, 
0.21402892757137423, 0.12947197132597243, 0.058593835109015079, 
-0.032571091497679026, 0.064653512731758442, 0.068705620509809565, 
0.044583640149305853, -0.1085931356820429, 0.07328416155203149, 
0.030188795750061056, -0.017841034083284992, -0.0047612303389718523, 
0.067409833963296653, 0.15111724135608584, -0.041423009295539326, 
-0.58845556857615189, 0.86997726906360651, 0.057609800978505848, 
-0.011935950601544013, -0.043415901809823534, 0.0330767579834155, 
-0.11664934326009897, 0.10307060475306612, 0.15010641217299944, 
0.12947197132597243, 0.15334094590484884, -0.07043849928332005, 
-0.074761793898324866, -0.042577487806318974, -0.26883139476392021, 
-0.12439233360437968, 0.46832426470467242, -0.19628657414054096, 
-0.023919349817680319, -0.030860184007651347, 0.016219742731275875, 
0.17733666876221907, 0.040821162065486492, -0.092019596502696643, 
0.82293866923075998, -0.31257223509495918, -0.056004295616588366, 
0.028401089418665402, 0.12206649943207312, 0.058371700951250383, 
0.12770962486083964, 0.094971022701541771, -0.0068941834450221449, 
0.058593835109015079, -0.07043849928332005, 0.12766165649197536, 
0.059859605962157558, 0.099833912536057987, 0.11937298581388069, 
0.025607079677087488, -0.10766227615903799, -0.053081604523146302, 
0.069410294110689108, -0.0084353580531168291, 0.049156907502485539, 
-0.032437616473274575, 0.021366030812538347, 0.082617146798378546, 
-0.76347546102461017, 0.66390873092325864, 0.084829258790875481, 
0.054395097603187378, -0.011342303769638596, 0.03819540161413662, 
-0.26188599398572887, -0.085406979959324225, -0.1074442818642195, 
-0.032571091497679026, -0.07476179389832488, 0.059859605962157551, 
0.035888787014375867, -0.040876899474460757, -0.028200662670338612, 
-0.086381497235770682, -0.051937531224030532, 0.11079691832708573, 
-0.053941472886877138, -0.088668305534434222, 0.11917918721266553, 
0.031042081757493054, -0.030110192732461766, 0.01042838228807366, 
0.045385487367010514, -0.59528706573512913, -0.072614861002104986, 
-0.089576927539145923, -0.024921001472149113, -0.021552808625434475, 
-0.1248084207977449, 0.31942556084627477, 0.18760655706866633, 
0.064653512731758456, -0.042577487806318967, 0.099833912536057987, 
-0.040876899474460757, -0.06948003392500296, 0.10250390264371462, 
-0.024597871875385417, 0.031924065514991377, 0.061470112818985179, 
0.012773035549901836, 0.013290798801694582, -0.046571067797012235, 
0.039630544493126564, 0.030811526629597578, 0.12922991736444073, 
-0.056738033712803441, 0.73818472182957728, 0.11293428942765099, 
0.041890468618192449, 0.011813865873715218, -0.019944943553555111, 
-0.35127901859929361, 0.24813715171554615, -0.10607706556121284, 
0.068705620509809551, -0.26883139476392021, 0.11937298581388069, 
-0.028200662670338612, 0.10250390264371463, -0.3069097802240735, 
0.29230583234539387, 0.083319505351761539, -0.13381822360752713, 
0.014634693059989511, 0.022218256261621581, 0.095089066622850771, 
0.081340482946866549, 0.091708549875620285, 0.087111905608834833, 
-0.55008560340815282, -0.099941746191419517, 0.10592679890787732, 
-0.0023833392134555661, -0.014960360033470566, 0.092903745870042881, 
0.46587891594105035, -0.020568815783141698, 0.15767558147321306, 
0.044583640149305853, -0.12439233360437967, 0.025607079677087488, 
-0.086381497235770682, -0.024597871875385417, 0.29230583234539387, 
0.39586551441517698, 0.21733227023194002, -0.064089153739117041, 
0.045927972296627102, 0.1415745955985091, 0.029136226142656763, 
-0.067811091327711667, 0.0469686202074798, 0.066841433992672519, 
0.036846682830118882, -0.34164879216760474, 0.067150656484813581, 
0.20501387250608036, 0.074761188974119874, -0.020004047660887089, 
0.26914103803262984, 0.79206476088062783, -0.056509461252615176, 
-0.1085931356820429, 0.46832426470467248, -0.10766227615903801, 
-0.051937531224030539, 0.031924065514991377, 0.083319505351761525, 
0.21733227023194002, 1.1045435324213644, -0.086113383737857999, 
0.069215226401649468, 0.101181219429007, 0.18318272781370953, 
0.11781244999704328, 0.011587374583904414, 0.22143852742476686, 
0.13398074106950156, 0.42489722057574375, 0.32487469331553176, 
0.030675872461143821, 0.15964090979348172, 0.12263245533919964, 
-0.19680062810597032, -0.10037759380532323, -0.025420960072186954, 
0.07328416155203149, -0.19628657414054093, -0.053081604523146295, 
0.11079691832708574, 0.061470112818985179, -0.13381822360752713, 
-0.064089153739117055, -0.086113383737857999, 0.043322486793159393, 
-0.038721906426736688, -0.038841168065073671, 0.084527961421033915, 
0.02659702562865434, 0.0053885668350421335, 0.078527488263211334, 
-0.34233162917848597, 0.12887022839103493, 0.043984100353769859, 
0.023844554152522512, -0.0026137351752154674, 0.018369417184985005, 
0.09291286408424089, 0.058379249238995873, -0.0016847331741835013, 
0.030188795750061056, -0.023919349817680319, 0.069410294110689094, 
-0.053941472886877138, 0.012773035549901834, 0.014634693059989511, 
0.045927972296627102, 0.069215226401649455, -0.038721906426736681, 
0.081351698783837079, 0.074269217546181696, 0.033080957263326174, 
0.0457631426593859, 0.046559674477854834, 0.024040177779482474, 
0.25379293656110596, -0.2049472849552102, 0.042463360458818072, 
0.029028098363462276, 0.087916838267781031, -0.001121723618269131, 
-0.012016839134233454, 0.027108636127669741, -0.0057297320025091079, 
-0.017841034083284992, -0.030860184007651344, -0.0084353580531168291, 
-0.088668305534434222, 0.013290798801694582, 0.022218256261621577, 
0.1415745955985091, 0.10118121942900699, -0.038841168065073671, 
0.074269217546181709, 0.072399828235931746, 0.0042850682388967361, 
0.041172134747196637, 0.028637937817204261, 0.073111877126600555, 
0.43898644670132464, -0.26890725539288474, 0.045914255687443589, 
0.010730329884279454, 0.087042672283063338, -0.03345332318893373, 
-0.02237133732074921, -0.10058593591979827, 0.19095848182061337, 
-0.0047612303389718523, 0.016219742731275875, 0.049156907502485539, 
0.11917918721266554, -0.046571067797012242, 0.095089066622850757, 
0.029136226142656759, 0.18318272781370953, 0.084527961421033915, 
0.033080957263326174, 0.0042850682388967352, 0.053664714133345996, 
-0.022234938031539406, 0.0059246466566204936, -0.052109520655325849, 
0.1533345682680968, -0.27854398991333051, -0.0030299805823547164, 
