structure(c(0.041341321236666201, -0.013224569744591488, -0.038599755756036136, 
-0.013409584948339343, -0.027823030827622171, 0.033886101102054429, 
0.0023176572422358237, -0.037318151757125329, -0.015883005965794384, 
-0.013295355799702221, -0.064952305257683585, 0.017804019787545436, 
0.0018098058141419121, 0.0030127879275360604, 0.01036876941407079, 
-0.018098170648212404, 0.0061775482327854096, -0.029512584297454805, 
-0.088384179980485408, 0.050868745368501909, 0.00022215758824863433, 
0.0072997025218296289, 0.0084129553478780872, -0.001157218225677666, 
-0.013224569744591488, 0.063174256484412786, -0.023461947053552614, 
-0.028144390774747226, -0.025241837170852478, 0.005586032227702078, 
0.02084205847842131, -0.042804527568702531, -0.035324985374498727, 
0.0085341406290230914, 0.020750372781929934, 0.00035360783271443677, 
-0.0015923523119774237, 0.0099515639148322187, 0.0040938972355181527, 
0.024587042730327607, 0.024450662947498907, -0.0089301237836782645, 
0.1698519288938784, -0.050828229642647292, 0.019113000723554228, 
0.02379706322208737, 0.013222083377574636, 0.0034594334377486616, 
-0.038599755756036136, -0.023461947053552614, 0.0031813096637735893, 
-0.0043060501081703204, 0.034221613905879564, 0.00059239906671361366, 
0.00024254900889753492, 0.0019191761202983291, -0.011041567880841997, 
-0.027815340768515762, -0.0088404985007205436, -0.02897615216632678, 
-0.0041225489426765169, 0.0011795334009826969, 0.00357460439991649, 
-0.0060700922506862929, 0.0013122311430579748, -0.0026567740602612983, 
0.014076076032435462, 0.019334787147448518, -0.0027628695982547082, 
-0.0028008096743920058, 0.013918252697917879, 0.0088727094356460014, 
-0.013409584948339342, -0.028144390774747226, -0.0043060501081703204, 
0.017303822249344705, -0.03406694305134976, 0.0085834404064684313, 
0.0044861899403318313, 0.0013381994518353981, -0.027998529595584454, 
-0.0086048869386356943, 0.043701852097322219, 0.0093406011951769584, 
0.0055952844118196338, 0.0010902180293400165, -0.0015272170968426979, 
0.018348750682399436, 0.0084944016901453371, 0.0043650225467863459, 
-0.0098436988895675721, 0.0022939853428871502, 0.00064743159996056372, 
-0.0039315798742772115, -0.0073794466289154115, -0.011466229932705088, 
-0.027823030827622167, -0.025241837170852478, 0.034221613905879564, 
-0.03406694305134976, 0.022713097519311137, 0.016022241833006601, 
-0.0089590398007579272, 0.0031012221149353198, -0.028206853408289958, 
-0.026907833260299819, -0.023996166867495616, -0.0021087916365147767, 
0.0027783672692644895, -0.0020251552053026276, 0.005869615635645223, 
-0.0018396259686019199, 0.0059356104989008373, -0.0082670599404376256, 
-0.0025461983765055125, 0.0066489376367261377, -0.010085897212027097, 
-0.0029583470241350157, -0.0028915662461891051, 0.017535511937774442, 
0.033886101102054429, 0.005586032227702078, 0.00059239906671361376, 
0.008583440406468433, 0.016022241833006601, -0.011271662231964016, 
0.0099461369585461794, -0.0094215135675369023, 0.0083601760330151414, 
-0.012098091215276318, 0.029842614769479879, 0.0034033890684158942, 
0.00046837246169193245, -0.0031803667599626774, 0.0030149192193598675, 
0.0030674835570607146, -0.00049199851739703093, -0.0056047774319182156, 
-0.04802990555415064, -0.041158561389066275, -0.016981311445897991, 
-0.0032468727837071218, -0.010332159984703403, 0.00094776758924209118, 
0.0023176572422358242, 0.02084205847842131, 0.00024254900889753492, 
0.0044861899403318313, -0.0089590398007579272, 0.0099461369585461794, 
-0.019913279525163405, 0.0013308391384888177, 0.022277322780926642, 
0.01037375633112478, 0.017984205816833798, 0.0060174573989804272, 
0.0057280029076503336, 0.0030282291957383117, 0.0014684358770457179, 
-0.0027069876015994197, 0.0027853876462358117, -0.010677985416186446, 
-0.072358759866348585, 0.030532065601856544, -0.011643904483544304, 
-0.0045994456446812456, 0.0036701178322353558, -0.0025344728548832443, 
-0.037318151757125329, -0.042804527568702538, 0.0019191761202983291, 
0.0013381994518353981, 0.0031012221149353198, -0.0094215135675369023, 
0.0013308391384888175, -0.0033263469124805646, -0.035386596399147194, 
0.001682504116857062, 0.002660407544297156, -0.0098471943088371226, 
-0.0011957463890570679, 0.00038963513318249161, 0.0080495028116875453, 
0.0070017490721844015, 0.0046295740557521694, 0.0010172566273705384, 
-0.0077795343811813853, -0.039383068381202369, -0.0017432976381367747, 
-0.0077866216741265199, -0.00150385050168675, -0.0054028850690789826, 
-0.015883005965794384, -0.03532498537449872, -0.011041567880841999, 
-0.027998529595584454, -0.028206853408289958, 0.0083601760330151431, 
0.022277322780926638, -0.035386596399147187, -0.067463967813419332, 
0.075805439415057324, 0.033268783111062475, 0.04275514977080197, 
0.0077996091727870667, 0.00012218891115164368, 0.0072322131978546922, 
0.01260579366858656, 0.0030129680706107399, 0.0060351004470250574, 
0.010204567994588203, -0.039341248045103819, 0.010848710156109616, 
0.0073602463546688429, 0.011506001536382975, -0.018517982062962107, 
-0.013295355799702221, 0.0085341406290230914, -0.027815340768515766, 
-0.008604886938635696, -0.026907833260299819, -0.012098091215276318, 
0.01037375633112478, 0.001682504116857062, 0.075805439415057324, 
0.053056788661689613, 0.052416063736781905, -0.0018619633742620774, 
0.0075047157749805063, 0.011173853215710589, 0.01076142540741103, 
0.017147094120194682, 0.0058171044034380347, 0.014415894204367268, 
-0.083521935905086123, 0.019462403414656076, -0.0056256339107252163, 
0.014131338975100799, 0.00096676286396922746, -0.0046589144771486896, 
-0.064952305257683599, 0.020750372781929934, -0.0088404985007205419, 
0.043701852097322219, -0.02399616686749562, 0.029842614769479879, 
0.017984205816833798, 0.002660407544297156, 0.033268783111062475, 
0.052416063736781898, 0.070593696269854844, 0.0071792658728522651, 
0.0084633400499349361, 0.0062891961868830164, 0.0072460248791308612, 
0.0045248599452012723, 0.019397648093536158, 0.012263691263021761, 
0.10756743133087751, -0.089021357471413223, 0.0008339872684589518, 
-0.00098116610629613845, 0.029549443110542885, -0.014815341326035058, 
0.017804019787545439, 0.00035360783271443677, -0.028976152166326784, 
0.0093406011951769601, -0.0021087916365147771, 0.0034033890684158942, 
0.0060174573989804272, -0.0098471943088371244, 0.04275514977080197, 
-0.0018619633742620776, 0.0071792658728522651, 0.003477775520474141, 
-0.0067124372855517055, -0.0015027070084886246, 0.0001371573332208013, 
0.0032989006803008326, 0.012230114033239104, 0.00010892401803852307, 
-0.048794764871657209, -0.022911509298521544, -0.0026370149029609777, 
0.011287203675234052, 0.0093785053234911112, 0.010466647737543477, 
0.0018098058141419121, -0.0015923523119774237, -0.0041225489426765178, 
0.0055952844118196338, 0.0027783672692644895, 0.00046837246169193245, 
0.0057280029076503336, -0.0011957463890570679, 0.0077996091727870667, 
0.0075047157749805063, 0.0084633400499349361, -0.0067124372855517055, 
0.0052409360329668843, 0.00087053986490029205, -0.00019403999691384622, 
0.0060117023860694098, 0.00012874980898393092, -0.0012859367161103619, 
0.0030564206205035884, -0.028796512483825015, 1.4427699101229199e-05, 
-0.004775717981490739, 0.0027311826950562256, -0.00013324481126440746, 
0.0030127879275360604, 0.0099515639148322187, 0.0011795334009826969, 
0.0010902180293400163, -0.0020251552053026276, -0.0031803667599626779, 
0.0030282291957383117, 0.00038963513318249167, 0.00012218891115164371, 
0.011173853215710587, 0.0062891961868830164, -0.0015027070084886246, 
0.00087053986490029215, -0.0014043429786162426, 0.002601820308196797, 
0.0081373387349986375, -0.0007960077322174754, -0.00082834849516216205, 
-0.0013753407612841695, -0.026706703066607683, 0.0016229439799046968, 
0.0031151039394457683, 0.0063993665931204044, 0.004515715795909688, 
0.010368769414070791, 0.0040938972355181518, 0.0035746043999164896, 
-0.0015272170968426979, 0.0058696156356452239, 0.0030149192193598675, 
