structure(c(0.062699661154998643, -0.14455381187621982, -0.016949186223963623, 
0.01769842486478327, 0.0062141858809668235, -0.029463919892783939, 
0.019954749980342062, -0.027941457687732509, -0.053868078535518261, 
-0.0993332981970379, 0.0067272423005377696, -0.045459305981067642, 
0.010364280639073718, -0.019310260996537897, -0.019868058682881232, 
-0.019362793416388718, 0.035435975009179943, -0.011044622136521798, 
0.18382213241767673, -0.28769688144028172, 0.041225504673499523, 
0.02827827865054516, 0.017579790777396236, -0.018979628974825719, 
-0.14455381187621982, -0.084592392060476196, -0.01612353285088609, 
0.065349666688973129, 0.038810582136872107, -0.022402247446552379, 
0.015166467649104695, -0.021006580900872551, -0.11178302918988063, 
-0.011226161559703962, -0.092534309445077623, -0.053958425400364073, 
0.013972891971527708, 0.0058568703951125635, -0.030998971101083749, 
-0.0052393521713193399, -0.0072925968982822265, 0.010438875058746015, 
-0.0063436543492791323, -0.27012639067413918, -0.0071065546560825157, 
0.032712155531210492, 0.019887009550144202, 0.00050103032623175447, 
-0.016949186223963623, -0.016123532850886094, 0.002264278913750464, 
-0.012145948507559269, 0.024209702302552615, 0.0052775160646780133, 
0.0027219329637954049, 0.0042593950862715039, -0.0123301601481044, 
0.018244109119920315, 0.042246543334455294, -0.014788276271082793, 
-0.0014847194009637741, -0.0024711042761366578, 0.004568216723251568, 
-0.00063354894443718747, -0.0054297338334511119, -0.030471814502528206, 
0.010221166645081783, -0.16065496002706145, -0.023503444167115244, 
0.0075056333045706511, -0.01462061213365036, -0.011415419709290105, 
0.01769842486478327, 0.065349666688973129, -0.012145948507559269, 
0.043918095753523081, 0.042348649502204835, -0.022596950730979889, 
-0.006672165226111062, 0.0020698215433559474, 0.022324861496618623, 
0.013311365629062946, 0.0036376543476055226, 0.0099895009796518199, 
-0.0071604701096016554, -0.010970904237124194, -0.006771273800626222, 
0.023139167655399546, 0.024326567818025994, -0.0042390844502477962, 
-0.14772538044224304, -0.029614242558434499, 0.019762811422619746, 
0.0046875545219508315, -0.0017119738613108212, -0.0038361507550004779, 
0.0062141858809668243, 0.038810582136872107, 0.024209702302552611, 
0.042348649502204835, 0.025569683863130903, -0.010980030531435559, 
0.0082014419832203214, 0.027989283521517763, 0.0031873314129304835, 
0.018050154399689114, 0.032544420751390177, 0.019234783623168151, 
-0.00030844566538851275, -0.013963787575645681, -0.0082509941882373625, 
0.022890227177443705, 0.0057352922946883305, -5.6299270066895907e-05, 
-0.11675007347465392, -0.15421400240201444, -0.0022988482546633959, 
0.021801214481494347, 0.016730748472513639, 0.0031130764825900758, 
-0.029463919892783939, -0.022402247446552379, 0.0052775160646780133, 
-0.022596950730979892, -0.010980030531435557, -0.015739014695819696, 
0.015764784429824479, -0.019933754378284697, -0.048871329750233554, 
-0.018162364306114925, -0.028022488407882722, -0.022554878283466889, 
-0.010038004839934103, -0.016201503390254321, 0.0059191109670336146, 
0.0014516381892327613, -0.0015346241554161871, 0.0018173073954889591, 
-0.13644799215084197, -0.063268266681658844, -0.0006378355492347626, 
-0.0031638702537759912, 0.0093965935796080664, -0.00137986954473247, 
0.019954749980342062, 0.015166467649104697, 0.0027219329637954049, 
-0.006672165226111062, 0.0082014419832203232, 0.015764784429824479, 
0.0052189799686458713, 0.019569875147898489, 0.065930944306924089, 
0.015207685398089473, 0.01371973673978583, 5.3992118374103692e-05, 
-0.011234402382987041, -0.011373961654285003, 0.0015625031184732018, 
0.0078040362203170835, 0.0079674936788289418, -0.0056053245950866302, 
-0.062687077222349799, -0.033518546377788623, -0.010568767645702127, 
0.0079771009251982557, -0.013030180326011854, -0.0045554480645271364, 
-0.027941457687732509, -0.021006580900872551, 0.0042593950862715039, 
0.0020698215433559474, 0.027989283521517763, -0.019933754378284697, 
0.019569875147898489, -0.026118009087619347, 0.011884627072705189, 
-0.04030378019413193, -0.0073529314798604414, -0.017271853159570156, 
0.0047375383299682119, 0.0049301353229199421, -0.010020388922717361, 
0.025292240593893414, 0.011138320997370225, 0.021676112172751602, 
-0.036230084182713597, -0.027637653863801463, 0.011631760934138429, 
0.00042674459006911781, 0.014874793539575416, -0.0012935358547859588, 
-0.053868078535518255, -0.11178302918988063, -0.0123301601481044, 
0.022324861496618623, 0.0031873314129304835, -0.048871329750233554, 
0.065930944306924089, 0.011884627072705189, 0.0085289628133913154, 
0.0055370753617498235, -0.014476161438461936, -0.028505733606120614, 
0.0025644734791005178, -0.016711420706742568, -0.047281781754111678, 
0.02278867094974581, 0.0079551287582073828, 0.00039108076132965592, 
-0.0188106214740393, 0.071163918186511327, -0.070135849905087921, 
-0.0080764129343191271, -0.011076450043792454, 0.0044816390892024587, 
-0.0993332981970379, -0.011226161559703962, 0.018244109119920311, 
0.013311365629062948, 0.018050154399689114, -0.018162364306114922, 
0.015207685398089473, -0.040303780194131937, 0.0055370753617498235, 
-0.02913542190070733, 0.034522235613673465, 0.016935966969448692, 
0.0096045130329641716, 0.0080007701537342171, -0.0018525917562598555, 
0.0039684360631290485, -0.010368455428148623, -0.0013864601957138032, 
-0.014059245147381728, -0.12166061303627357, -0.01615680954284017, 
0.010463380716792323, -0.018071506127621994, 0.023627440121429075, 
0.0067272423005377696, -0.092534309445077623, 0.042246543334455287, 
0.0036376543476055226, 0.032544420751390177, -0.028022488407882722, 
0.01371973673978583, -0.0073529314798604422, -0.014476161438461936, 
0.034522235613673465, -0.012081037880721394, 0.039715378478689965, 
-0.0021530605910891399, -0.018635297592787745, 0.013929326185157869, 
0.018550524886678087, -0.0085081445482974635, -0.019658339831337406, 
-0.019014537550259263, 0.12530851887424244, -0.048235048093896581, 
0.024954688414354231, 0.00172083764144382, -0.032848907179099045, 
-0.045459305981067642, -0.053958425400364066, -0.014788276271082791, 
0.0099895009796518216, 0.019234783623168154, -0.022554878283466889, 
5.3992118374103692e-05, -0.017271853159570156, -0.028505733606120614, 
0.016935966969448692, 0.039715378478689958, -0.03126938038152504, 
-0.0055004675914049634, -0.0042512119833226407, -0.0077242402473546353, 
-0.0099292715635271034, -0.0048188945602010138, 0.012934648327527219, 
-0.008905330729241814, -0.055625073658973061, -0.021667860928223818, 
-0.0058911091068542913, -0.023563297540367477, -0.016302803034504241, 
0.010364280639073716, 0.01397289197152771, -0.0014847194009637741, 
-0.0071604701096016554, -0.00030844566538851281, -0.010038004839934101, 
-0.011234402382987041, 0.0047375383299682111, 0.0025644734791005182, 
0.0096045130329641716, -0.0021530605910891399, -0.0055004675914049634, 
-0.003100285690597668, -0.00062624657282364161, -0.0015385773894425051, 
0.0022966166943264536, 0.0038280157504558699, 0.014926297565704485, 
0.052881116543341003, 0.032242943905521015, -0.0021239807693640288, 
0.0080407897502874307, 0.0057197381232614386, 0.0099839132330730735, 
-0.019310260996537897, 0.0058568703951125635, -0.0024711042761366583, 
-0.010970904237124192, -0.013963787575645681, -0.016201503390254321, 
-0.011373961654285003, 0.0049301353229199421, -0.016711420706742565, 
0.0080007701537342171, -0.018635297592787741, -0.0042512119833226407, 
-0.00062624657282364161, 0.0054344332940913075, 0.00058958786878066073, 
0.0035479320878656065, 0.0063012722063171328, 0.0098999109273818619, 
0.043294577970710395, 0.040717209491319184, 0.0044977112166059985, 
0.010584808997098835, 0.00179681393644325, 0.011077946323329256, 
-0.019868058682881235, -0.030998971101083749, 0.004568216723251568, 
-0.0067712738006262211, -0.0082509941882373625, 0.0059191109670336146, 
0.0015625031184732018, -0.010020388922717359, -0.047281781754111678, 
