structure(c(-0.81686557565137397, 0.10556095922236755, 0.0087894033311276334, 
-0.0060078009574715471, -0.111680616007205, -0.039721251286063693, 
-0.081660619845065896, -0.043218127981245136, -0.035228058556760811, 
-0.062695185461279515, -0.018443225386643065, 0.012194884434414036, 
0.0046108948583603003, 0.014798298475991149, 0.020053483805830778, 
-0.016086496828842101, 0.021710081154671296, -0.096924991225629212, 
-1.020778542149172, 0.42602576429171568, 0.064919882781155222, 
0.058737837068441684, 0.089892740293346637, 0.092566779891815734, 
0.10556095922236754, 0.058673395029615376, -0.065285642428011756, 
-0.021014274887205489, 0.13281403182849863, -0.074664855537541958, 
-0.028671196647386692, -0.046144588144701806, 0.14275388710972259, 
-0.080022387967089464, 0.093684975127065098, 0.0010889095265830177, 
0.12246481970110491, 0.056348223917140575, -0.013416350765095762, 
-0.1276943865376928, 0.049421437971064332, -0.13156283754363607, 
-0.097297860965421507, 0.52580988667805262, -0.011684903743523911, 
-0.0074350278784311849, -0.0033520294162488807, 0.014989068389307766, 
0.0087894033311276317, -0.065285642428011756, -0.02823139616293615, 
0.0055255638176244948, -0.040439412025211598, -0.04112042541711728, 
0.011633272135731313, -0.026957800810587823, 0.063158074851109108, 
-0.019909357870624884, 0.21350916989988467, 0.060873631576645208, 
0.015448237727417921, -0.0055476362487335215, -0.014478087372922967, 
-0.021305632048398394, -0.0072788111555890794, -0.0038196204532837722, 
-0.25634480421937827, 0.4022356490790942, -0.037635014474658224, 
-0.0060592186611385908, -0.036279560852764563, 0.045311081394833752, 
-0.006007800957471548, -0.021014274887205489, 0.0055255638176244948, 
-0.10200491550608226, 0.053153740392461034, -0.013193654636818073, 
0.025791267846835639, -0.012200357151107474, -0.056696528197642926, 
0.030271314859381712, -0.074071353288152619, 0.05864182583604529, 
0.011739706752715184, -0.0079365928200604789, 0.0014205584859171561, 
-0.023489242809368725, 0.029994962289848121, -0.019573241246041637, 
0.17382163600947395, -0.18725003331363049, 0.037030358818753259, 
-0.026549200819836971, 0.026963347206458897, -0.020996147975052851, 
-0.11168061600720501, 0.1328140318284986, -0.040439412025211598, 
0.053153740392461041, -0.11188786171822838, 0.0088483183706180787, 
-0.075880911010807517, 0.073401242014049711, 0.059796298041259834, 
-0.07288145833893471, 0.084927739509197422, 0.024608651462858958, 
-0.040795698339622447, -0.011522391163355156, -0.0038759936078286905, 
-0.055210203359357932, 0.016592750712539499, -0.029721701306447388, 
0.091459715662632252, 0.20656185774174662, 0.036907155079194606, 
0.0019559164440403013, -0.042916960679242513, 0.0128153204874598, 
-0.039721251286063693, -0.074664855537541958, -0.04112042541711728, 
-0.013193654636818073, 0.0088483183706180787, -0.044903285885406902, 
0.045529343623745375, 0.026632862903637991, -0.14519035751413789, 
0.035178120228568442, -0.042389655717974678, -0.010354615105381262, 
0.048139612815807406, 0.00066413350461224957, -0.025701780993440188, 
0.018821538513053092, 0.0024460307648073074, 0.01746795109575831, 
-0.21960412902012816, 0.1420760447507651, -0.030079547943638422, 
0.035274294154419635, -0.0094515719871629596, 0.012727171463585351, 
-0.08166061984506591, -0.028671196647386689, 0.011633272135731312, 
0.025791267846835639, -0.075880911010807517, 0.045529343623745375, 
-0.016723083602755543, 0.0095947714842803573, 0.12530204520538915, 
0.018431892617232045, -0.16462614580011464, 0.054411617198094862, 
-0.022045518808932362, -0.037710609717313534, -0.024115987115686143, 
-0.0053870192589729254, 0.014879621317908603, -0.035956966380843704, 
-0.51730167149429784, -0.045294592438523532, -0.0018889213973000004, 
0.013538444414013025, -0.05494187182367171, -0.0070556163402610084, 
-0.043218127981245136, -0.046144588144701806, -0.026957800810587827, 
-0.012200357151107474, 0.073401242014049711, 0.026632862903637991, 
0.0095947714842803556, -0.027948567427854194, -0.039088196665840187, 
-0.018143023303597211, 0.026343379459339317, -0.017451654074284739, 
0.051786702706654128, 0.044355706276161679, -0.021723633267210708, 
0.011851073738638271, -0.046348527845036222, 0.0066555838183189739, 
0.40548496817715807, 0.17530890881711561, 0.041659400139680391, 
-0.012131279094859062, 0.035763366364604997, 0.029223253236242423, 
-0.035228058556760811, 0.14275388710972259, 0.063158074851109108, 
-0.056696528197642926, 0.059796298041259827, -0.14519035751413786, 
0.12530204520538915, -0.039088196665840187, 0.43243249671708639, 
0.083939135046405572, 0.092741039968890784, 0.085465021751808506, 
0.0060502447989499693, 0.0024662090853642517, -0.041552022185336615, 
-0.034502152355965113, -0.031068580413110964, 0.055425308615476628, 
-1.0141461390285229, 0.088554315766074962, 0.042203492262890309, 
0.10176032418159642, 0.034190470961955807, 0.0045592320110129049, 
-0.062695185461279515, -0.080022387967089451, -0.01990935787062488, 
0.030271314859381712, -0.07288145833893471, 0.035178120228568449, 
0.018431892617232045, -0.018143023303597208, 0.083939135046405572, 
-0.10740767087339065, -0.01018131017418477, -0.032213133029615787, 
0.051170433403199274, 0.026458530048191098, -0.0047808087141800156, 
-0.10064076764522147, 0.049069024200907328, -0.029581857888354095, 
-0.21900446333271595, -0.48750636031091832, -0.12556684906098242, 
-0.042452243754826827, -0.065111957256652503, 0.011742642943826936, 
-0.018443225386643065, 0.093684975127065112, 0.21350916989988469, 
-0.074071353288152605, 0.084927739509197422, -0.042389655717974671, 
-0.16462614580011467, 0.026343379459339313, 0.092741039968890784, 
-0.01018131017418477, 0.18366714144818733, -0.018066493144410257, 
0.067106641314282053, 0.024033811853006133, 0.016017312576042091, 
-0.17048040464600933, 0.044303540936165849, -0.018886006076698821, 
-0.28900289245448613, 0.26327308728587073, -0.099197239885455743, 
0.031634160344715813, -0.012488841577441066, 0.0094759935679753736, 
0.012194884434414036, 0.0010889095265830177, 0.060873631576645208, 
0.05864182583604529, 0.024608651462858955, -0.010354615105381264, 
0.054411617198094862, -0.017451654074284739, 0.085465021751808506, 
-0.032213133029615787, -0.018066493144410254, -0.015792420891274715, 
0.0047327669815597625, -0.019861564138114223, -0.0025732450901565277, 
-0.068771602633235118, -0.015956941500601517, -0.023109601414361497, 
0.12875493619115483, 0.090492541001946702, -0.058878725151709291, 
-0.054552466940099263, -0.041634181080341899, 0.044884542027895068, 
0.0046108948583603012, 0.1224648197011049, 0.015448237727417921, 
0.011739706752715183, -0.040795698339622447, 0.048139612815807399, 
-0.022045518808932366, 0.051786702706654135, 0.0060502447989499693, 
0.051170433403199274, 0.067106641314282053, 0.0047327669815597625, 
-0.020750326484490548, -0.0065118084303636258, 0.018359492551203276, 
0.014168308225335314, -0.00035679331786809035, 0.021996478528293808, 
0.23727364543379956, 0.041463236325914803, 0.0096453647323928218, 
0.016236571691468072, 0.022913801409691591, 0.02195839762807137, 
0.014798298475991149, 0.056348223917140575, -0.0055476362487335224, 
-0.0079365928200604789, -0.011522391163355156, 0.00066413350461224947, 
-0.037710609717313534, 0.044355706276161672, 0.0024662090853642521, 
0.026458530048191094, 0.02403381185300613, -0.019861564138114223, 
-0.0065118084303636258, -0.0053588744788041279, -0.0092465285565082149, 
0.021016605760493405, 0.0054973744984464241, 0.0041219086418563056, 
0.25087390805216503, -0.032331240547883493, 0.0091385741912368319, 
0.0015522840627789861, 0.01309900509890711, 0.028626366210067124, 
0.020053483805830781, -0.013416350765095762, -0.014478087372922967, 
0.0014205584859171563, -0.0038759936078286905, -0.025701780993440188, 
-0.024115987115686143, -0.021723633267210708, -0.041552022185336615, 
-0.0047808087141800156, 0.016017312576042091, -0.0025732450901565277, 
