structure(c(0.41052352097290268, 0.29820228523980602, -0.0071955295910465147, 
0.095987005931314498, 0.090096462795249591, -0.026439473511053257, 
-0.011080266356147223, 0.044885404725255484, 0.0784163658613376, 
0.0034579134664260293, -0.025655429839193, -0.070737789367425183, 
0.03066194243328985, 0.043833926099266583, -0.049145640157403039, 
-0.074064748528465799, -0.022375132023192339, 0.1661938658176019, 
-0.6455977530101954, 0.43762932278349181, 0.061941810218600367, 
0.016456681950711802, 0.014022847915963801, 0.01955777191548921, 
0.29820228523980602, 0.26647775580416255, 0.024829986995642591, 
0.013724180564508373, -0.057449317978007113, -0.003827585645560367, 
-0.016885930089272864, 0.016803404091262058, 0.1006129631599571, 
0.12437036613521549, 0.080581524762663045, 0.0018216471339870025, 
-0.036261307620066255, -0.03327376267355478, 0.019710714719590867, 
0.052770284036605712, 0.023116508476989504, 0.089086381683304516, 
0.40278863950328109, -0.099255469431819315, -0.03875488272977505, 
0.033832316010275421, 0.044894130628173774, -0.024835373529850463, 
-0.0071955295910465147, 0.024829986995642591, 0.049762961879136328, 
0.031514209668784071, -0.022767451618252596, -0.0011382412092743959, 
0.03036847618755156, 0.030163078982508137, 0.053639264674330923, 
0.082864540275199058, 0.03291321362581668, 0.043765709087160362, 
0.020082067378162413, 0.032504161770303019, -0.016084873574168372, 
0.041612325514615786, -0.00096323280560550522, -0.0027611873131419963, 
0.01640135632325292, 0.16536076513384534, 0.036413137775183575, 
0.012501799657516301, 0.031334996283158764, 0.016986836325892769, 
0.095987005931314498, 0.013724180564508373, 0.031514209668784071, 
-0.026126155775206644, -0.0037889855386387182, -0.0040239847388964028, 
-0.06043946662477423, -0.019115066076260959, 0.012063490241074436, 
-0.032829381137815791, 0.020288140897803054, -0.053656044308291906, 
0.0074631957930377836, -0.00080300248895655486, 0.0058386979358583981, 
-0.0075884610181477406, -0.0010297541353252761, -0.011760116708949008, 
0.30368194099784784, 0.03233255875644022, -0.05417152172344844, 
-0.0040375946871325334, -0.013097942678834892, 0.024953945582334672, 
0.090096462795249604, -0.057449317978007106, -0.022767451618252596, 
-0.0037889855386387186, 0.058189572246871206, -0.038274077024110016, 
0.0050586339371484984, 0.00554237247044759, -0.1129363869154916, 
0.0080478456782417315, 0.06772363440039865, -0.041923068593602883, 
0.022814964219240213, 0.007208283856580908, 0.024316354272490483, 
0.0093136779126007409, 0.063261436644915042, -0.010821910086276545, 
-0.18918440726861543, 0.18029648902766432, -0.0008323564741153413, 
0.0089074953500857378, 0.058732680437222788, 0.020040912270489365, 
-0.026439473511053257, -0.0038275856455603674, -0.0011382412092743957, 
-0.0040239847388964019, -0.038274077024110016, 0.038341998609685013, 
-0.048741672802314083, 0.03569936777997354, -0.018120947384749668, 
0.025136927092965632, 0.052776810037561857, -0.013429940892708294, 
-0.011087949666558581, 0.013902279041041731, -0.00079149591421336454, 
0.0051936316998047374, -0.048221572930296087, -0.023768576217009393, 
-0.052784016241355619, -0.20317285035385937, 0.01493230022220946, 
-0.034552062227515001, -0.016021306093917883, 0.021269967842160026, 
-0.011080266356147223, -0.016885930089272864, 0.03036847618755156, 
-0.060439466624774223, 0.0050586339371484976, -0.048741672802314076, 
-0.021480751327596651, -0.045339475163321971, -0.051920927391879777, 
-0.044287486983541409, 0.091983061650886544, -0.027308419093774839, 
0.0041582609043686776, -0.0063238784341886761, 0.020391936090881906, 
0.029518849979626206, -0.0045805161742999059, 0.0046469549165845695, 
0.11122277372940641, 0.057377709151954642, -0.0022727252774165057, 
-0.0053980756914840215, 0.015283175676313628, -0.0020540430479990914, 
0.044885404725255491, 0.016803404091262058, 0.030163078982508133, 
-0.019115066076260963, 0.00554237247044759, 0.03569936777997354, 
-0.045339475163321971, 0.0040425751858876261, 0.033505998660669715, 
-0.041406535165504958, 0.031815021752395208, 0.013471649459861441, 
-0.0034982671613044548, -0.011885801583826714, -0.017345253388690154, 
-0.00025079579833096156, 0.023775403328799929, -0.0078212450790479133, 
-0.17191400838465093, 0.14399634250289201, -0.0065741769202000994, 
0.016908493382869687, 0.010390412124924465, -0.0033727238258165564, 
0.0784163658613376, 0.1006129631599571, 0.053639264674330916, 
0.012063490241074438, -0.1129363869154916, -0.018120947384749668, 
-0.051920927391879784, 0.033505998660669715, -0.19688055961218018, 
-0.076901374467215858, -0.028629857604247841, 0.071926056954311021, 
-0.030417562518645951, -0.006319702213619988, 0.0330445024507642, 
-0.04495122651492299, 0.020191248131762075, 0.031480137889564053, 
0.16399569096459796, 0.27416252872475405, -0.0042508764350668981, 
0.0086345329775673677, 0.026378227666445771, -0.016907686174923626, 
0.0034579134664260288, 0.12437036613521549, 0.082864540275199072, 
-0.032829381137815784, 0.0080478456782417315, 0.025136927092965632, 
-0.044287486983541402, -0.041406535165504958, -0.076901374467215858, 
-0.047518680800803646, -0.030160963727167509, -0.020049331895784082, 
-0.0071933988982877551, -0.00057014399618284417, -0.029097179209746863, 
0.010645380274570149, 0.035615621226916062, 0.045649915635566508, 
0.079409250234314055, 0.30330603495705211, -0.035099208690547487, 
-0.048254467338447737, -0.0062240996199871002, -0.03040288136070083, 
-0.025655429839193, 0.080581524762663059, 0.03291321362581668, 
0.02028814089780305, 0.06772363440039865, 0.052776810037561857, 
0.091983061650886544, 0.031815021752395214, -0.028629857604247841, 
-0.030160963727167509, 0.1452139796733426, -0.050470827257966942, 
-0.013920587064409368, 0.00035629303525336, -0.017488565583311591, 
0.025097099325264629, -0.047335657954161794, 0.036619017366644808, 
-0.17754649518975502, -0.018890013273914093, 0.03346602937591895, 
0.00011100759943173045, 0.0079661555100413155, 0.031547969920981279, 
-0.070737789367425197, 0.0018216471339870023, 0.043765709087160355, 
-0.053656044308291906, -0.04192306859360289, -0.013429940892708294, 
-0.027308419093774843, 0.013471649459861441, 0.071926056954311021, 
-0.020049331895784082, -0.050470827257966942, -0.02363561200786795, 
0.017612416971891198, -0.0023367272123914966, 0.01911611789529663, 
-0.0063643309791085812, 0.058027780933930719, 0.013513737017940085, 
-0.040992065950751222, 0.15564738226025568, 0.022633138853295674, 
-0.0038452546270056885, -0.0080904663818055084, 0.016089627590142732, 
0.03066194243328985, -0.036261307620066255, 0.020082067378162417, 
0.0074631957930377836, 0.022814964219240216, -0.011087949666558581, 
0.0041582609043686767, -0.0034982671613044553, -0.030417562518645948, 
-0.0071933988982877551, -0.013920587064409368, 0.017612416971891198, 
-0.022812956090194726, -0.021947274853118391, -0.011274647019236016, 
-0.015426096663007382, -0.0037378926563640027, -0.02723109891880595, 
-0.026623648825818594, -0.051000040917907837, -0.0026855113256450311, 
-0.014037612233784642, -0.012736592901423371, -0.019757637566686592, 
0.043833926099266576, -0.033273762673554773, 0.032504161770303019, 
-0.00080300248895655486, 0.0072082838565809089, 0.013902279041041731, 
-0.0063238784341886761, -0.011885801583826714, -0.006319702213619988, 
-0.00057014399618284417, 0.00035629303525336, -0.0023367272123914966, 
-0.021947274853118388, -0.018240939013515783, -0.0091018160835137883, 
-0.010200191563617971, -0.00018192984816659818, -0.015315484555893393, 
-0.0053425617738429064, -0.093725989385052763, 0.001868991625807366, 
-0.02047814812685984, -0.0099919262090125693, -0.017190717777201978, 
-0.049145640157403039, 0.019710714719590863, -0.016084873574168372, 
0.0058386979358583989, 0.024316354272490483, -0.00079149591421336443, 
0.020391936090881906, -0.017345253388690154, 0.0330445024507642, 
-0.029097179209746863, -0.017488565583311595, 0.01911611789529663, 
