structure(c(0.3711074283094658, 0.0016448394909107616, 0.13195082678403275, 
-0.14791377426477287, 0.33283475853976557, -0.14448835719210787, 
-0.013441091268676916, 0.014809796843915042, -0.10310369332635561, 
0.21839320449882846, 0.070352403168196728, -0.069795494765162863, 
-0.023359211654972636, -0.0045053326182728504, -0.042772621860259583, 
0.038817042972195889, 0.017486588953424455, -0.031826161806352844, 
0.59431406842188117, -0.42772808156069003, -0.046762847823295033, 
-0.021368308530692486, -0.039310760414816286, -0.031931558017748857, 
0.0016448394909107618, -0.18513877802456988, 0.051463998976269527, 
-0.048804073537740716, -0.046727316803357899, -0.0297617340259787, 
-0.053871144758232556, 0.015361306277611847, -0.069783259335235118, 
-0.026992645797876313, -0.0075365449016310216, -0.12568860470814228, 
-0.025819501162189503, 0.0005179197194547906, 0.042210063654410962, 
-0.054545530873241502, -0.033136876264951064, -0.078041426220497603, 
1.3251035101262045, -0.29409416228165158, -0.0430873630138272, 
0.033196832957599169, -0.074208432693615808, -0.062324933701301606, 
0.13195082678403278, 0.051463998976269527, -0.038163850228447885, 
-0.062321543040368715, 0.056606038193083533, 0.044620209199327798, 
0.035541502119583852, 0.0059840568169648627, -0.11408060052906242, 
-0.051693892238852034, -0.1605131089534568, -0.061797103098948099, 
-0.0099087744563066005, -0.010210049144074885, 0.038902477604052813, 
0.004059745702069884, -0.010964688018364945, -0.015312522537807299, 
-0.079102278160754921, -0.36970587629814189, 0.00097637198737488614, 
0.044155501848643169, 0.033057848562117423, -0.012762688010370622, 
-0.14791377426477287, -0.048804073537740716, -0.062321543040368715, 
0.078196528032720064, 0.04082364972953062, -0.015455498184665926, 
-0.012265403492596824, 0.0075847721580681021, 0.017415614821144829, 
-0.048081072612232233, -0.0096222193322017292, -0.022226497103724006, 
-0.0028848265489938595, 0.019420378871150692, 0.015519822655301928, 
0.021857584976454215, 0.0035511391097460296, -0.045380523863943166, 
-0.20725190887381365, 0.066114006094368988, -0.015664918704178455, 
-0.01613957495014923, 0.00010015935113010831, 0.014226590721778093, 
0.33283475853976563, -0.046727316803357899, 0.056606038193083526, 
0.04082364972953062, 0.037771011518962234, -0.079692156012446821, 
-0.019564070067956945, 0.019380354201548815, 0.087190094063245419, 
0.14146424339480099, 0.10753587352530099, -0.010625117885964127, 
-0.0086953660244359406, 0.001949832885974989, 0.060712696684740206, 
-0.015223473097107155, 0.020888776760794602, -0.068929760823308192, 
0.051426445547517879, -0.20743436981178084, -0.10043986616737294, 
-0.034480850734992449, -0.023895687833220484, -0.027720196503739167, 
-0.1444883571921079, -0.0297617340259787, 0.044620209199327791, 
-0.015455498184665928, -0.079692156012446821, -0.0021423869391901857, 
0.029278907105344993, 0.0060639770675720763, 0.060202607129631422, 
-0.021620109330951546, -0.010256030198433491, 0.040912925171305375, 
0.0090513553138203296, 0.0076107309419264366, 0.0063858661345465272, 
-0.048943870289961784, 0.036223099484009993, 0.052990692964278642, 
0.31298681079866808, 0.10117287081637355, -0.0029903531885289618, 
0.0141558003621061, 0.053846336644727003, 0.0034824282763583616, 
-0.013441091268676916, -0.053871144758232556, 0.035541502119583852, 
-0.012265403492596824, -0.019564070067956948, 0.029278907105344996, 
0.019051660290251137, -0.034286029103270631, -0.068482538485052036, 
0.022562514356789791, -0.012456242024945616, -0.02643340595258685, 
0.029527510435058423, -0.0016307340160177303, 0.0033983593783104499, 
-0.039101996826653093, -0.051583240395563709, 0.011139843957814926, 
0.47603411410257024, -0.18982884580460344, -0.011443515916342985, 
0.002104844239980439, -0.053989954498284032, 0.0029512642386335889, 
0.01480979684391504, 0.015361306277611848, 0.0059840568169648627, 
0.0075847721580681021, 0.019380354201548815, 0.0060639770675720763, 
-0.034286029103270631, -0.0080653407454997512, -0.11228837245603913, 
-0.021393389623070951, -0.083468187734391977, 0.024298971823122937, 
-0.027198170773829914, -0.013596962074385533, 0.0051508141620756932, 
-0.045259069384625865, -0.004589577788275968, -0.030536298316291018, 
-0.37080631516884704, 0.093711581310470735, -0.010352890787410172, 
-0.003407879270568061, -0.0081134522563089343, -0.018465747321659318, 
-0.10310369332635562, -0.069783259335235118, -0.11408060052906242, 
0.017415614821144829, 0.087190094063245419, 0.060202607129631422, 
-0.06848253848505205, -0.11228837245603913, -0.47281972347702234, 
0.033021022862141057, -0.033573468100429382, -0.098706108458043576, 
-0.013069458910188221, 0.019037550555955341, 0.069212334807697173, 
-0.022478509083086153, 0.047759847231822215, -0.040385301188391586, 
0.55609274203817427, -0.52323380873996483, -0.083245732439438294, 
-0.038763660385693177, -0.0080373484973208301, 0.03611097652524009, 
0.21839320449882846, -0.026992645797876313, -0.051693892238852027, 
-0.048081072612232233, 0.14146424339480099, -0.021620109330951542, 
0.022562514356789794, -0.021393389623070951, 0.03302102286214105, 
0.19397814336602523, 0.0098561135605276882, -0.0078487245533395231, 
-0.052714634741315936, -0.058595871809555972, 0.0064272850671808508, 
-0.0085936065798618896, -0.10006972353113297, -0.040343954182340644, 
0.0026250018103387272, -0.11560907111507887, 0.10693249769294105, 
0.015780208972931354, -0.0097633003942392566, -0.030879729489307846, 
0.070352403168196728, -0.0075365449016310225, -0.16051310895345677, 
-0.0096222193322017292, 0.107535873525301, -0.010256030198433491, 
-0.012456242024945618, -0.083468187734391977, -0.033573468100429375, 
0.0098561135605276899, 0.15085790896211979, -0.23709709345723112, 
-0.065639993300961402, -0.056952331005075442, -0.067417305242046033, 
0.031291279950125254, -0.049930518553577802, -0.093550839071256359, 
0.92008163886901639, -0.18936630190680026, -0.12317771256386253, 
-0.085916499993112933, -0.095537629868150689, -0.11521204063859293, 
-0.069795494765162863, -0.12568860470814228, -0.061797103098948099, 
-0.022226497103724006, -0.010625117885964125, 0.040912925171305368, 
-0.02643340595258685, 0.024298971823122937, -0.098706108458043576, 
-0.0078487245533395231, -0.23709709345723112, 0.084942243894593886, 
-0.01542760846431147, -0.027776834913471587, 0.012205052207529009, 
-0.0062101571040087192, -0.08166920135680153, -0.078802404357991768, 
-0.068442634617154746, 0.23577010317306341, -0.034269974129064316, 
0.020343533719270123, -0.063455947322599682, -0.045478497308197467, 
-0.023359211654972636, -0.025819501162189503, -0.0099087744563066005, 
-0.0028848265489938595, -0.0086953660244359406, 0.0090513553138203296, 
0.02952751043505842, -0.027198170773829914, -0.013069458910188221, 
-0.052714634741315936, -0.065639993300961402, -0.01542760846431147, 
0.0082528041443965718, -0.002436093917644828, -0.011858231409397506, 
-0.017071735286931344, -0.012857803358243261, -0.029885668984281247, 
0.062772085362413646, -0.057125033623790726, -0.025738913972213805, 
-0.023883736990114691, -0.011109882140149097, -0.013451569582657122, 
-0.0045053326182728504, 0.0005179197194547907, -0.010210049144074885, 
0.019420378871150692, 0.001949832885974989, 0.0076107309419264366, 
-0.0016307340160177305, -0.013596962074385531, 0.019037550555955341, 
-0.058595871809555979, -0.056952331005075435, -0.02777683491347159, 
-0.002436093917644828, -0.0095498778247896047, 0.005066692258033482, 
-0.025035898532940384, -0.0028321217460072971, -0.04667197637300334, 
0.079934888497431203, 0.05591477101165785, -0.0097045725500433597, 
0.003565296415443057, 0.010043470906608646, -0.0010221595359531628, 
-0.042772621860259576, 0.042210063654410962, 0.038902477604052813, 
0.015519822655301928, 0.060712696684740206, 0.0063858661345465272, 
0.0033983593783104499, 0.0051508141620756924, 0.069212334807697173, 
0.0064272850671808516, -0.067417305242046047, 0.012205052207529011, 
