structure(c(0.14725338331883292, 0.24535694872820876, 0.057667678628110716, 
0.09948228928448094, -0.042070380614182987, -0.068590360931662001, 
0.043368977917613405, -0.0016222749937792572, 0.17589172820821777, 
0.11150909523485462, -0.051793922352295164, 0.091975348758175049, 
0.017903824670467246, 0.00049556197905288265, -0.024532135321665142, 
0.060145813977870097, -0.1466551975018294, 0.053910131165361926, 
-0.28894661332176585, 0.25519949727193891, 0.001804349811561998, 
-0.051852714277527273, -0.067466866929286454, -0.030218068812448064, 
0.24535694872820876, 0.0090650884254119928, 0.083849018848096424, 
-0.038507565224034389, 0.011618627027869631, -0.035612179834283379, 
0.048242426230892352, 0.022469332831678367, 0.10342759977949584, 
-0.082760443964668265, 0.068942824294458652, 0.075678816690379402, 
-0.0037560741407158395, 0.038782311887308754, -0.00052725256335170434, 
-0.006837535305721139, -0.071424435656214091, 0.039734230662386856, 
-0.16756428174964763, 0.0082247229971204004, 0.11037814020286781, 
-0.0008474226382138995, -0.052606592292942178, 0.010569922792566284, 
0.057667678628110716, 0.08384901884809641, 0.083574879837771759, 
-0.039766253498130642, -0.0013774546112635814, 0.0049028851381162867, 
0.019373021185023442, 0.0080874914301604303, 0.060245240528708312, 
0.073908555274737428, 0.021716863153290043, 0.066791528028679922, 
0.0012266963790474046, 0.021896667749301345, 0.033758258867076743, 
0.038853262339208335, 0.011290710326831481, 0.031551735034362191, 
0.13078331964588338, 0.071275755294047144, -0.0011721369253173276, 
0.0011105038734056881, 0.006318390256427768, 0.065936394331456219, 
0.099482289284480954, -0.038507565224034396, -0.039766253498130642, 
-0.00069203949570215682, -0.058836017667635528, 0.0036587972055547183, 
-0.0046666492882445976, -0.073452112026322694, -0.029144728052000801, 
-0.034901166277735943, -0.18892111413188484, -0.04691851492973053, 
-0.010638689116585194, -0.01204296240439633, -0.00095410382426850239, 
-0.013478745909256483, -0.015268918523853503, -0.0016317263305409796, 
-0.45208841369218494, 0.0087227341564747492, 0.0031004785278434255, 
0.015811717958919728, -0.017551027126780323, -0.043729269686325498, 
-0.042070380614182994, 0.01161862702786963, -0.0013774546112635816, 
-0.058836017667635528, 0.11283108895928756, -0.069779826001261841, 
0.02470308681028727, -0.023122754247425967, -0.019201746855009617, 
0.072827483410548996, 0.080964472192643952, 0.065535506146716674, 
0.014395956071473206, 0.016817137291476689, 0.01287715887306529, 
-0.037102851535269668, 0.0026094124731232391, -0.017639732863043229, 
-0.34028797781355957, -0.36600695648852094, -0.035811606036409663, 
0.0037871454503623217, -0.036794869324979225, 0.0037028982288127067, 
-0.068590360931662001, -0.035612179834283379, 0.0049028851381162867, 
0.0036587972055547183, -0.069779826001261841, -0.031135099657771437, 
0.022685889170433498, -0.019089106138945149, -0.052736291081171581, 
0.038018106140886923, -0.065514181633979263, -0.019424686911407873, 
-0.0029634379140678381, -0.013356708332479372, -0.011360295149405088, 
-0.0016944839076864602, -0.021568824727791171, -0.013080140131241792, 
0.081646876160461929, 0.038931960467125437, -0.0031614002200553706, 
0.0015064195298932525, -0.013921515344945339, -0.02618928754228338, 
0.043368977917613412, 0.048242426230892352, 0.019373021185023442, 
-0.0046666492882445985, 0.024703086810287274, 0.022685889170433498, 
-0.02033814498771656, 0.016785485273264209, -0.021962750310960469, 
0.0063161062390866005, 0.035010580537184879, 0.060325032621485905, 
0.01277286713324146, 0.0093395979744836377, 0.010054640720863376, 
-0.034429436332217844, 0.0010664983416976827, 0.0046933477609282029, 
-0.25481472291127522, -0.15888174653023018, -0.031447717060076548, 
-0.0020877369829714462, 0.0063856459188361891, 0.024925297855698594, 
-0.0016222749937792572, 0.022469332831678367, 0.0080874914301604303, 
-0.073452112026322694, -0.023122754247425971, -0.019089106138945149, 
0.016785485273264209, -0.019441137041687789, 0.041975716320045833, 
-0.012925628570391165, 0.16868478285475599, -0.019912640585917598, 
-0.021526508148795285, -0.022631459857794616, 0.014741103957155322, 
0.013607998010503306, 0.0084696012032403605, 0.0067650134811084138, 
-0.1151611247834768, 0.0053749288186520812, 0.06252372420278296, 
0.02393048651290124, 0.0083300635841846871, -0.043951053915431887, 
0.17589172820821777, 0.10342759977949584, 0.060245240528708305, 
-0.029144728052000801, -0.019201746855009617, -0.052736291081171581, 
-0.021962750310960465, 0.041975716320045833, 0.17904807478629442, 
0.0012196509920473226, -0.044116818174530149, 0.024273618434684952, 
-0.014064367665542052, -0.0058804345382144612, 0.012570988324952171, 
-0.038829338870250814, -0.08396872550976596, -0.043175352287813169, 
-0.52061402994362349, -0.22671649086479798, -0.0093929298284342582, 
-0.040421806175934091, -0.050021855105865758, -0.0036272792801336643, 
0.11150909523485464, -0.082760443964668265, 0.073908555274737442, 
-0.03490116627773595, 0.072827483410548996, 0.038018106140886923, 
0.0063161062390866005, -0.012925628570391165, 0.0012196509920473228, 
0.069645925605544834, 0.0010766382822943541, 0.017678573951087961, 
-0.012895929632616378, -0.028237961640993122, -0.020044529122691012, 
0.021161476355627956, -0.050180432941410717, -0.023051836349186273, 
0.071986187575198132, -0.45295597481480199, 0.087024825286833654, 
0.01945376567452603, -0.012734200993614714, 0.0098263321590025161, 
-0.051793922352295164, 0.068942824294458652, 0.02171686315329004, 
-0.18892111413188484, 0.080964472192643938, -0.065514181633979263, 
0.035010580537184879, 0.16868478285475599, -0.044116818174530149, 
0.0010766382822943541, 0.23373009346001508, -0.074798590835301479, 
-0.0026801265857523868, 0.0058227422808237979, -0.025928597476717892, 
-0.0092184533737289642, -0.084441350374182073, 0.045778483892766723, 
-0.26560185637786021, 0.0075849194271258701, 0.04816776475221661, 
-0.016297243817368561, 0.0012854471524026997, -0.0083854765960853315, 
0.091975348758175049, 0.075678816690379402, 0.066791528028679936, 
-0.04691851492973053, 0.065535506146716674, -0.019424686911407869, 
0.060325032621485912, -0.019912640585917598, 0.024273618434684952, 
0.017678573951087961, -0.074798590835301479, -0.0085712261677668624, 
-0.030946156934531403, -0.022152452598562911, -0.021061002819722625, 
0.010949401818666892, -0.0063825909560213312, 0.024843231624756126, 
0.061434116134721786, -0.31242646128092899, 0.03457771173340847, 
-0.045523528788167532, 0.0090702053711710917, -0.010519111481361839, 
0.017903824670467246, -0.0037560741407158395, 0.0012266963790474046, 
-0.010638689116585196, 0.014395956071473206, -0.0029634379140678381, 
0.012772867133241462, -0.021526508148795285, -0.014064367665542053, 
-0.012895929632616378, -0.0026801265857523868, -0.030946156934531403, 
0.00034945138510301634, 0.0016993968154496786, 0.005281640522885496, 
-0.015214315491134969, 0.0019604728360391524, -0.01409015504312563, 
-0.039380315573346342, -0.018641561656636885, -0.0094647664856152228, 
-0.0015956961996150822, -0.004599570781142725, -0.013672125737743433, 
0.00049556197905288254, 0.038782311887308754, 0.021896667749301345, 
-0.01204296240439633, 0.016817137291476689, -0.013356708332479372, 
0.009339597974483636, -0.022631459857794613, -0.0058804345382144612, 
-0.028237961640993126, 0.0058227422808237979, -0.022152452598562911, 
0.0016993968154496786, 0.0019634867742214686, 0.00041386638568605247, 
-0.015091177067538996, -0.013242457799634604, 0.0041717901309628238, 
-0.056030442188512705, -0.069168793841731357, -0.017684206613408474, 
-0.00055598245159944881, -0.013814508271938137, -0.0088900420804686395, 
-0.024532135321665139, -0.00052725256335170434, 0.033758258867076743, 
-0.00095410382426850239, 0.01287715887306529, -0.011360295149405088, 
0.010054640720863376, 0.01474110395715532, 0.012570988324952171, 
-0.020044529122691012, -0.025928597476717889, -0.021061002819722625, 
