structure(c(-0.047476800712823591, 0.079318204751282942, 0.067469934472069504, 
-0.14365484512447629, -0.0027091576728870762, -0.047116217675067247, 
0.012643878974210224, -0.13858836154249238, 0.041352912629520309, 
0.082700702919117602, -0.16188181575158447, -0.025698731328160522, 
0.018262567042829886, 0.025502911645152414, -0.037716499054110807, 
0.087073096009086873, -0.0045374103669069184, -0.016398440128034448, 
-0.70351254005209252, -0.13467297197937239, 0.069514273443935445, 
-0.00072661202024630828, -0.090317238056859137, -0.1000734472609713, 
0.079318204751282942, -0.060484993242240666, -0.07630388594662911, 
-0.067490509764262796, -0.01347158898665436, 0.064002899783631537, 
-0.028232447577426458, -0.048875155675697342, 0.24840888641836259, 
-8.6878368603119358e-05, -0.048760480940557641, -0.025317237800152267, 
-0.017172309262770909, 0.016122182753103665, -0.049165662976511974, 
0.041484863847648268, -0.061558499579698001, 0.0071985139727993889, 
-0.09911311965068019, -0.13314937136220803, 0.061228434757915319, 
-0.0042931330431207667, -0.014862443955637848, -0.037720920893823243, 
0.067469934472069504, -0.07630388594662911, 0.043399017644758009, 
-0.045824283519232165, 0.022593644528156206, -0.030931421143155887, 
-0.029836959674885789, -0.008415277056389751, 0.02502183439116731, 
0.017050063227354462, 0.091963761553706197, 0.017343857781153979, 
-0.004118670953071839, -0.023351687308565093, 0.0073151959161465996, 
0.030065970466762463, -0.049937344272399362, -0.012496643270810298, 
0.016181069808506393, 0.35467166205906198, 0.046082121200186878, 
-0.0037801733172507616, 0.032635164039970646, -0.044649540808132111, 
-0.14365484512447629, -0.06749050976426281, -0.045824283519232172, 
0.031256397951983969, -0.062890587960272762, 0.040953942122858071, 
0.0032369163413598699, 0.0080425411245243113, 0.084719219629601536, 
0.0026279589005280056, -0.051585761085355494, 0.018381275540295224, 
0.0021405517143178597, 0.0079614133168742374, -0.010109523619027137, 
-0.038952788617396164, 0.011135098968934718, -0.0086649831971099406, 
0.25211858620734856, -0.32469955556811031, -0.019707101537568328, 
0.031007624228020197, 0.021433722691696629, 0.013336519101208444, 
-0.0027091576728870766, -0.013471588986654359, 0.022593644528156206, 
-0.062890587960272762, -0.034567222785044024, -0.049061246271040485, 
-0.039814018142313751, 0.048262969521708395, -0.013350851637512352, 
-0.070780275054039776, -0.046448823019481035, -0.060848202478760251, 
0.0013892758688289636, -0.01096723502701682, 0.029775676418514009, 
0.013967350344029128, 0.0050336388642483482, 0.015402965081670866, 
-0.2306033456462164, -0.18454144844101511, 0.030713540355268316, 
-0.0066212583375034953, 0.018959233804631697, 0.016242166893978567, 
-0.047116217675067247, 0.064002899783631551, -0.030931421143155891, 
0.040953942122858071, -0.049061246271040478, -0.01027421562925766, 
0.0026002575294588825, -0.037415035964690424, -0.044292321587404065, 
0.079417693224655736, -0.083457860655280311, 0.023691772979083786, 
0.0081975466461685544, 0.0012384730453114552, 0.0032049603884410464, 
-0.033212405522752467, -0.0059618249822387349, -0.02321702199408944, 
0.096023999444271702, -0.16741455776568812, -0.0099604965399047781, 
0.004040591224733968, -0.023671254100009063, -0.018357291966162217, 
0.012643878974210225, -0.028232447577426458, -0.029836959674885786, 
0.0032369163413598699, -0.039814018142313751, 0.0026002575294588825, 
-0.013530192772501145, 0.0061883524697680528, -0.029191008063907353, 
0.017660312417641818, 0.0039907841540732722, -0.061869416048400273, 
-0.0074300038363312422, -0.0011810143268581156, -0.01362881406227587, 
0.0047644832853741903, -0.038592630813782655, 0.040611134474523906, 
0.10909195917741306, -0.099612647345379557, -0.011274207994037801, 
-0.04023670858341874, -0.014403088783441816, 0.0118637869888402, 
-0.13858836154249235, -0.048875155675697342, -0.008415277056389751, 
0.0080425411245243113, 0.048262969521708388, -0.037415035964690424, 
0.0061883524697680528, 0.022687489054216137, 0.030400274448984528, 
0.030916557589829505, 0.042561830178110452, 0.039233358466357608, 
0.0084131606365952082, 0.0037390234713163034, 0.019426513279400693, 
0.0034858643484022948, 0.030717428068782235, 0.014075479290525763, 
-0.013236778863242447, 0.078453874456486342, -0.010406106649444986, 
0.011290248517529931, 0.0033046207501494702, -0.023793419720208746, 
0.041352912629520309, 0.24840888641836259, 0.02502183439116731, 
0.084719219629601536, -0.013350851637512354, -0.044292321587404065, 
-0.029191008063907356, 0.030400274448984532, 0.053109939924874047, 
0.081943340883871035, -0.22343939246469205, 0.026095210382626743, 
0.032383937112392666, 0.030809486510037482, 0.033466812338782077, 
-0.060982854885998451, 0.025327766658998351, -0.073741822873810189, 
0.04574081545646886, 0.087516842172364662, -0.0096820919107108439, 
-0.030443224441638127, -0.073563153060823963, 0.031827780701716567, 
0.082700702919117602, -8.6878368603119358e-05, 0.017050063227354462, 
0.0026279589005280056, -0.070780275054039776, 0.07941769322465575, 
0.017660312417641814, 0.030916557589829505, 0.081943340883871035, 
0.089121901740752171, -0.037584599826320494, -0.043908507499432696, 
0.0052723237345555472, -0.017155952311692479, -0.017331155461907492, 
-0.043508580219443947, 0.031709505391281076, -0.0077116599833577538, 
-0.075509391769557135, -0.41907771147953304, 0.0014698343257355923, 
0.019286173389922053, 0.010824343879488161, 0.0062523668725166228, 
-0.16188181575158447, -0.048760480940557641, 0.091963761553706197, 
-0.051585761085355494, -0.046448823019481028, -0.083457860655280311, 
0.0039907841540732722, 0.042561830178110459, -0.22343939246469205, 
-0.037584599826320494, -0.12926753055316645, 0.046621251454934044, 
0.01599272704514958, -0.00041128305030782006, 0.026636456419233689, 
-0.049345636477423252, 0.04295873796580179, 0.012400893872082019, 
-0.0035859483230885501, 0.037935186507434743, -0.0070178006385546426, 
-0.084589882699566424, -0.1011340585868581, -0.16731712099087934, 
-0.025698731328160522, -0.025317237800152263, 0.017343857781153982, 
0.018381275540295224, -0.060848202478760258, 0.023691772979083786, 
-0.061869416048400273, 0.039233358466357608, 0.026095210382626743, 
-0.043908507499432703, 0.046621251454934051, -0.035715171747317469, 
0.029546620337121215, -0.015161872195081933, 8.1887296914764988e-05, 
-0.020016448446804679, -0.013552949776065098, -0.033072338510862921, 
0.21081756971254551, -0.17005420622923648, -0.027185244483746623, 
-0.021927639111425212, -0.016302685712292795, 0.0032530636743177289, 
0.018262567042829886, -0.017172309262770913, -0.004118670953071839, 
0.0021405517143178602, 0.0013892758688289636, 0.0081975466461685544, 
-0.0074300038363312422, 0.0084131606365952065, 0.032383937112392666, 
0.0052723237345555481, 0.01599272704514958, 0.029546620337121212, 
-0.014428258159477207, -0.0097422977636223256, 0.008694083923897181, 
0.0028206144065969691, -0.019806854998384683, 0.016361693087475787, 
0.14990832530359904, -0.24911221208315973, -0.031409492936507848, 
-0.0091504119565076255, 0.0018424999131375212, -0.006004581100868019, 
0.025502911645152414, 0.016122182753103662, -0.023351687308565093, 
0.0079614133168742374, -0.01096723502701682, 0.0012384730453114552, 
-0.0011810143268581156, 0.0037390234713163034, 0.030809486510037485, 
-0.017155952311692479, -0.00041128305030782, -0.015161872195081933, 
-0.0097422977636223238, -0.014486590447939358, -0.0092459640801926552, 
0.0021934016046924079, -0.011286372451622482, 0.02224345271279109, 
0.19809252985610432, -0.24762871649884469, -0.013185719692995658, 
-0.0028919448694451648, -0.017646424877822416, -0.0085021839213338321, 
-0.037716499054110807, -0.049165662976511974, 0.0073151959161466005, 
-0.010109523619027137, 0.029775676418514013, 0.0032049603884410464, 
-0.013628814062275871, 0.019426513279400693, 0.033466812338782077, 
-0.017331155461907496, 0.026636456419233685, 8.1887296914764988e-05, 
