structure(c(0.33847246931785835, 0.35229018782008437, -0.0048843327598928144, 
-0.034752163558149515, 0.15285532977248104, 0.041023418338565744, 
-0.066946737271749518, -0.050070037884405311, -0.05859291721835274, 
0.048295369456373138, 0.14931778525033074, -0.010563491519526822, 
-0.055342497012449074, -0.080411076157755335, -0.02621088675793996, 
0.043086151757493231, -0.22151288886494208, -0.071291298414178778, 
-0.071441594167360678, 0.12234010328001721, -0.0086477563421184789, 
0.030599751782866266, 0.079475863167104852, 0.040715095800319623, 
0.35229018782008437, 0.43665755340759915, 0.014942737786942481, 
-0.099207094565623669, -0.15778356909551722, 0.047196472060995948, 
-0.069179279178838454, 0.095608275104845597, -0.14367347674106254, 
0.072259593974069614, 0.20076969631735581, 0.03002019229277185, 
-0.036521834744642948, -0.03498858716826949, -0.037208862536077067, 
-0.1160580029901687, -0.047636087146844135, -0.096493507190177422, 
0.76532072999000667, -0.149384765734349, -0.041211202640334184, 
-0.076581559432493201, -0.013954022255503903, 0.0050104115824415761, 
-0.0048843327598928144, 0.014942737786942481, 0.0023048619282621764, 
-0.10341175770651344, -0.014963879858801718, -0.084518260983577273, 
-0.045108477223149666, -0.058413331697216228, -0.14917528947078496, 
-0.031258786883423366, -0.030467532573763976, -0.0014993013719606786, 
-0.04013780115403711, -0.014015011908255168, -0.0063130855837871163, 
-0.0054715047651449095, -0.011495390136050627, 0.0045940046170462601, 
-0.38781023759847472, -0.2293660862413423, 0.015749323622328865, 
0.010439043192122429, 0.076405300074386534, 0.019346488234354788, 
-0.034752163558149522, -0.099207094565623669, -0.10341175770651342, 
0.046401628179255867, 0.015152696067605, -0.037796808552829762, 
0.014545175102072564, 0.056245345509288322, 0.14137699566391024, 
-0.18755677440530602, -0.032053803572258344, 0.0036399853450487531, 
0.0081410162061187064, 0.0026861444015458184, 0.026431278701396596, 
-0.0090021099823699852, -0.015678252842035657, 0.01163846187735618, 
-0.11462043028038267, -0.1049016560273268, 0.04413371550109469, 
-0.023685079748804554, -0.038263099508843885, -0.027046784536662153, 
0.15285532977248106, -0.15778356909551722, -0.01496387985880172, 
0.015152696067605, -0.011044324911705721, 0.036186300988404911, 
0.042236058109147184, -0.13016811288396432, -0.068180328515849459, 
-0.036420720850041763, 0.16113681221555651, -0.025261310813985836, 
0.0021832475985322968, 0.022748394469527471, -0.0088690013638696701, 
-0.037282632699131332, 0.029342443227988069, -0.079205103541133748, 
0.48605616272123103, -0.16585826806165851, 0.028405144210310682, 
0.016984127618441452, 0.05129900488989235, 0.020462947232113088, 
0.041023418338565744, 0.047196472060995948, -0.084518260983577273, 
-0.037796808552829762, 0.036186300988404911, -0.016577131949529259, 
-0.057403866386243084, 0.025701106219506307, -0.0013714749397879332, 
-0.015334231852508526, -0.12424941011481833, 0.065473910306885041, 
0.023231950799223362, 0.0079356483149842037, -0.011721561723778799, 
-3.3085684037251801e-05, -0.0098560072712321981, -0.0029894324399905641, 
0.3646329636057552, -0.0081024342721717421, -0.010268891887148229, 
0.002111576244238988, -0.012379419400596968, 0.0027080227942399447, 
-0.066946737271749504, -0.069179279178838454, -0.045108477223149666, 
0.014545175102072564, 0.042236058109147184, -0.057403866386243077, 
-0.015724949354698627, -0.031934313613827647, -0.06807051031373082, 
-0.017676055374703129, 0.10927991941447611, -0.066232113189504324, 
0.017985517177609413, 0.030551222790607614, 0.024382791210654842, 
-0.022996511365083929, 0.014866015708889067, 0.0023632667043096806, 
0.20859414683096797, -0.0014344613345429465, 0.0093932247892535275, 
-0.017012940796036435, 0.016602252376579151, 0.012079510567459706, 
-0.050070037884405318, 0.095608275104845597, -0.058413331697216228, 
0.056245345509288329, -0.13016811288396432, 0.025701106219506307, 
-0.031934313613827647, -0.0030922010940745048, 0.023154867301895813, 
-0.060530706150806017, -0.0441005776090828, 0.038372256142835334, 
-0.0042954621721541485, 0.017175459806341775, 0.0047503571124824411, 
-0.011836363539021422, 0.0096274323217843977, 0.0025798998253694291, 
0.22461299060011725, -0.092789861788560954, -0.035233121182771998, 
0.0057736108160109387, -0.00063452742494230722, -0.024553497749649097, 
-0.058592917218352747, -0.14367347674106254, -0.14917528947078496, 
0.14137699566391021, -0.068180328515849473, -0.0013714749397879329, 
-0.06807051031373082, 0.023154867301895813, -0.3311010962421575, 
0.17215809150199685, -0.35242134732812569, 0.13453600506645647, 
-0.014326455272094814, 0.014744356764172829, -0.030607181191194266, 
-0.0073715982609259363, 0.035433901574316008, -0.023305329550108979, 
0.61094229945954315, -0.015533450462907682, 0.00019865753717537087, 
0.016776730920436352, 0.03683803064674239, 0.029477570286624837, 
0.048295369456373138, 0.072259593974069614, -0.031258786883423366, 
-0.18755677440530602, -0.03642072085004177, -0.015334231852508526, 
-0.017676055374703129, -0.060530706150806024, 0.17215809150199685, 
0.060221483160051686, 0.045378707191906224, 0.08512162860463815, 
-0.0084012433240135374, 0.0004873325790742781, 0.055521683244858615, 
-0.029737484611394138, -0.041022041775349773, 0.01337620599403379, 
0.099772527803124345, 0.36509104529112424, 0.0617889576329557, 
0.05290806657071731, -0.059421075315918018, 0.01262557967827198, 
0.14931778525033074, 0.20076969631735578, -0.030467532573763976, 
-0.032053803572258344, 0.16113681221555651, -0.12424941011481833, 
0.10927991941447611, -0.0441005776090828, -0.35242134732812574, 
0.045378707191906231, 0.32409115516836817, 0.035292499014555223, 
-0.034256880412123131, -0.015460562989169077, -0.016971987054839689, 
-0.13800861009089449, -0.056714705946688218, -0.0050418177027832098, 
0.52578216804176758, 0.62235007759469407, 0.062583508373102753, 
-0.033241266364816155, -0.051852232888238044, -0.051726458056291919, 
-0.01056349151952682, 0.03002019229277185, -0.0014993013719606784, 
0.0036399853450487527, -0.025261310813985839, 0.065473910306885041, 
-0.066232113189504338, 0.038372256142835334, 0.13453600506645647, 
0.085121628604638164, 0.035292499014555223, 0.11111656919149622, 
0.016023482306233298, 0.02154581283609704, -0.0058850659444194256, 
0.029686616902447813, -0.038668954344999958, -0.035344641198861486, 
0.23880856912781545, -0.031980130955800747, 0.064124702932017524, 
0.019021931348982626, 0.034844657777928445, 0.02094881443156266, 
-0.055342497012449074, -0.036521834744642948, -0.040137801154037103, 
0.0081410162061187081, 0.0021832475985322968, 0.023231950799223366, 
0.017985517177609413, -0.0042954621721541485, -0.014326455272094816, 
-0.0084012433240135374, -0.034256880412123131, 0.016023482306233298, 
-0.0022144967818704029, -0.0041044403265135679, -0.013823284788919307, 
-0.0076954695996139123, -0.0066788467939695902, -0.01082764325921046, 
-0.2890677252578529, -0.068254176742447686, -0.010729420324301164, 
0.029750284662971783, -0.013323939128316475, -0.027299520348044941, 
-0.080411076157755348, -0.034988587168269497, -0.014015011908255166, 
0.0026861444015458184, 0.022748394469527471, 0.0079356483149842037, 
0.030551222790607614, 0.017175459806341775, 0.014744356764172828, 
0.0004873325790742781, -0.015460562989169079, 0.02154581283609704, 
-0.0041044403265135679, 0.0018624429772439647, -0.020473457355503454, 
-0.0020997767354307365, 0.013613904789615829, -0.006330244462249137, 
-0.13175506062933884, -0.06940611400542239, 0.0043828043101230675, 
0.020328400652019053, -0.0043774773943230996, -0.0024846015375772461, 
-0.026210886757939963, -0.037208862536077067, -0.0063130855837871163, 
0.0264312787013966, -0.0088690013638696701, -0.011721561723778799, 
0.024382791210654842, 0.0047503571124824411, -0.030607181191194269, 
0.055521683244858615, -0.016971987054839693, -0.0058850659444194256, 
