structure(c(-0.40412511001401158, -0.19511966455969634, -0.061699302118709137, 
-0.16646495821180485, 0.0036231625046347039, -0.11031936045766147, 
-0.057361707237934906, -0.20796784675584151, 0.58219874421383544, 
0.10973240198750117, -0.40769018599891893, -0.21077702585815292, 
-0.15556970043691778, -0.038210447693740907, 0.066274555843799904, 
0.025781499658073071, -0.083411329731780934, 0.10886839149010775, 
2.454139556914436, -0.72935053362829294, -0.17439151310480108, 
-0.03189113633565626, -0.066598243303787899, -0.20588504652488337, 
-0.19511966455969637, 0.20346938024374536, 0.14690602889017856, 
0.089707254244184992, 0.13072167482070843, 0.0009492293369592204, 
0.14612471513784658, -0.10354562921932041, 0.45275057137744618, 
-0.26289585392366982, -0.092100110978152808, -0.087088564084162573, 
-0.032261856717965762, -0.13301413384467176, -0.079796439868266553, 
-0.028867650939092295, 0.043454194100394368, -0.1232018113311114, 
0.65917972381624479, 0.45521053917912235, 0.093081281179395292, 
-0.034654685950567012, 0.14952927067572325, -0.1464604723407919, 
-0.061699302118709137, 0.14690602889017856, 0.029750860357618581, 
-0.078111528188301346, -0.22778546227685328, -0.013529464177684775, 
-0.053568312145526494, -0.094909145071806256, 0.17981278263356876, 
0.019257047400224464, -0.17854638764775901, 0.032727622453906986, 
-0.0027052804995646097, 0.022032374080859094, -0.064092008110853763, 
-0.036771182984022578, -0.046811081720158201, -0.046776874287855048, 
0.081899239841223923, 0.10161419622147969, -0.048037848549514456, 
-0.029189812799122833, -0.082040397901733911, -0.040468521550789706, 
-0.16646495821180488, 0.089707254244185006, -0.078111528188301346, 
0.011243828604030181, -0.091358590288448865, 0.075766491252147794, 
-0.041795352800742029, 0.12351714087098521, -0.11071523267859579, 
0.1368268931678478, 0.31160743396346435, -0.0035525013891970101, 
-0.019442462891501793, -0.030726817367310574, -0.04128513954076065, 
0.022065834762868396, 0.10996339756919701, 0.01100743419191212, 
-0.15711265022650764, -0.23393928670516212, 0.0088310503329594361, 
0.081088705527981517, -0.12648472901395202, -0.021388437434348592, 
0.0036231625046347035, 0.1307216748207084, -0.22778546227685328, 
-0.091358590288448865, -0.47534694503744229, 0.27297041933923544, 
0.081500185915819021, -0.16270285234954071, 0.25780116440320466, 
-0.3089916449291098, -0.077804929144452042, -0.10719559214525781, 
0.018096825174910375, 0.050169092902442002, -0.14327288721385215, 
0.018398801696764382, -0.16829405407463136, 0.10463097053410368, 
1.1412157041866626, 0.95422497997369804, 0.064184079135031991, 
0.037832269881148115, -0.047891400215593405, -0.083288226862586814, 
-0.11031936045766147, 0.0009492293369592204, -0.013529464177684775, 
0.075766491252147794, 0.27297041933923544, 0.070024600797922873, 
-0.026727989083696634, 0.033817110633113247, 0.26152805503430177, 
0.15648416626533737, 0.23242032752046879, 0.253323809964139, 
0.059111663872372627, 0.070885121598482453, 0.15395917898153866, 
0.015231565224706313, 0.11560452332004315, -0.10519570371137163, 
0.22666175487465423, -0.061334890569653459, 0.030966034285671531, 
0.052625470045933986, -0.026543068688110013, 0.035667898028865247, 
-0.057361707237934913, 0.14612471513784658, -0.053568312145526494, 
-0.041795352800742036, 0.081500185915819007, -0.02672798908369663, 
0.046210302597493702, 0.038338466048110635, -0.072071527914027378, 
0.02054170196696924, 0.0041284096263190352, -0.04012498102321594, 
0.014043203688402294, 0.00087242161346776613, -0.0038317472364889416, 
-0.035581129684332961, -0.045980279686911076, 0.019285068496445866, 
-0.10946549936908252, 0.028272516372907782, -0.021693989677033072, 
0.027499773796709086, -0.038128208985802929, 0.048749633580051084, 
-0.20796784675584151, -0.10354562921932041, -0.094909145071806242, 
0.12351714087098523, -0.16270285234954071, 0.033817110633113247, 
0.038338466048110628, -0.17248004499111741, 0.090765529517981614, 
0.33270912378307799, 0.0019351724800606952, 0.11653576107705074, 
-0.016473974221448667, 0.0061690705488363449, 0.001933788284367885, 
0.010166720626605204, 0.012934785469881544, 0.047878367872662884, 
0.014390102304293929, -0.044605978579233443, 0.047518231288690829, 
0.015224279389199277, 0.082343196016631884, -0.0032541066660122593, 
0.58219874421383544, 0.45275057137744618, 0.17981278263356873, 
-0.11071523267859579, 0.25780116440320466, 0.26152805503430171, 
-0.072071527914027378, 0.090765529517981614, 0.50809236106000222, 
0.29578206695246201, 0.60971122988074622, 0.24525059381789366, 
0.038225114223639785, -0.0032531955860982684, -0.013416532015011065, 
0.042443961623577942, 0.085167772850630055, -0.07678057532307625, 
0.11710161359090154, 0.18710879168960864, 0.010286966107388032, 
-0.044312310543592949, -0.047886698299306064, -0.059383450458877204, 
0.10973240198750117, -0.26289585392366988, 0.019257047400224464, 
0.13682689316784777, -0.3089916449291098, 0.15648416626533737, 
0.02054170196696924, 0.33270912378307804, 0.29578206695246201, 
-0.13927456192913154, -0.022804629307392525, -0.048825930604195822, 
0.11169284644067284, 0.029826410615346011, 0.12501958005856822, 
-0.1042386741340036, 0.085735556020812523, -0.025255637000822204, 
0.082262797094734039, 0.98962108085378986, -0.088662207437974677, 
0.0031995138058438697, 0.024497121599468527, -0.014204327405879234, 
-0.40769018599891893, -0.092100110978152794, -0.17854638764775901, 
0.31160743396346441, -0.077804929144452042, 0.23242032752046882, 
0.0041284096263190352, 0.0019351724800606949, 0.60971122988074622, 
-0.022804629307392525, -0.39688690870725779, 0.40797065114742487, 
-0.024906123006296514, 0.10746927195292941, -0.073383953417633846, 
0.02954230321994138, -0.071035886662757827, 0.13402605236696943, 
0.97367830113335363, 0.74521470293818481, -0.036884768269074712, 
0.11880827112481579, -0.090234000328400496, 0.066862384333521277, 
-0.21077702585815292, -0.087088564084162573, 0.032727622453906986, 
-0.0035525013891970097, -0.10719559214525781, 0.253323809964139, 
-0.04012498102321594, 0.11653576107705076, 0.24525059381789366, 
-0.048825930604195822, 0.40797065114742492, -0.10010358706039447, 
0.032592241839752824, 0.070318153466306599, 0.032707701083061334, 
-0.088874181625400131, 0.0078692045434104949, 0.05255065641974347, 
-0.32886496873607313, -0.30723610708939897, -0.0040016877171281141, 
-0.0017792495604254635, -0.038062606204841032, 0.068039619790467715, 
-0.15556970043691778, -0.032261856717965762, -0.0027052804995646097, 
-0.019442462891501793, 0.018096825174910375, 0.05911166387237262, 
0.014043203688402294, -0.016473974221448667, 0.038225114223639785, 
0.11169284644067286, -0.024906123006296514, 0.032592241839752824, 
0.020510937845686937, 0.028226684598420308, 0.0032846037361010162, 
0.078457418187088138, 0.0150514977486641, 0.025563355705378391, 
-0.1563892162270471, 0.11189163601568082, 0.06429324114910083, 
0.013521614520406993, 0.044395983926938623, -0.011242584933281768, 
-0.038210447693740907, -0.13301413384467176, 0.022032374080859091, 
-0.030726817367310571, 0.050169092902442008, 0.070885121598482453, 
0.00087242161346776602, 0.0061690705488363458, -0.0032531955860982688, 
0.029826410615346011, 0.10746927195292942, 0.070318153466306599, 
0.028226684598420308, 0.0070256747994921001, 0.0036605411276129938, 
0.013765481257051041, -0.023899571919603218, 0.016546047906840347, 
-0.24381846117486086, 0.28787009192141333, -0.008390319932707108, 
-0.024254292502663956, 0.0082673961820207559, -0.039492762610058976, 
0.066274555843799918, -0.079796439868266567, -0.064092008110853763, 
-0.04128513954076065, -0.14327288721385215, 0.15395917898153869, 
-0.0038317472364889416, 0.0019337882843678848, -0.013416532015011065, 
0.12501958005856822, -0.073383953417633846, 0.032707701083061334, 
0.0032846037361010162, 0.0036605411276129933, -0.03111516931059918, 
0.0050956835678461054, 0.00388720917342363, 0.0053126561175427835, 
