structure(c(0.7404253000660217, 0.36744914235444598, 0.0731156862366618, 
0.087628365015196538, -0.20541502014301372, -0.075374969935468175, 
-0.047115107038834356, 0.20600117986048216, -0.013230482656966514, 
-0.40822476482575498, 0.18433781603731342, 0.2029453602135759, 
0.048574101621686086, -0.092993724134830688, 0.12315335907631415, 
-0.073737991771600925, -0.047849186503547816, -0.082235140757400405, 
-1.4077293800585933, 1.2702542031964412, 0.057244151825110924, 
0.085888248829259661, -0.01945235535075486, 0.10660701146095564, 
0.36744914235444592, 0.054678905945942415, -0.059528391645465896, 
0.014904747746289833, -0.051501786617458405, -0.18294114340772466, 
0.041731596065645339, 0.094985010864634289, -0.10186235733217537, 
0.12817377369710312, 0.12739245848828631, 0.067920056643803101, 
0.11594964695108888, 0.13692472023243979, 0.012069650485644371, 
0.036571762522732323, -0.067804420222858056, 0.17957415874896521, 
-0.58903548544925455, 0.081828891408407031, 0.021404412656846592, 
-0.028593673261174568, -0.042825109876838664, 0.10031208694824294, 
0.073115686236661814, -0.059528391645465903, -0.029903936513300981, 
0.10546439859375835, 0.07611785103180943, 0.016598072355567633, 
0.017120935670800478, 0.052497714478879312, -0.093719224059888598, 
0.10542792518375146, 0.12797916881658464, 0.0056769920379520231, 
-0.02351663227325438, -0.03251364807421063, 0.037199751248645677, 
-0.0081940339065351038, -0.02116689105809666, 0.046077630235355063, 
-0.76714867534699394, 0.021305490905900393, -0.017080076127553179, 
-0.022490781297453567, -0.013182427548109223, -0.020404632016508936, 
0.087628365015196538, 0.014904747746289833, 0.10546439859375835, 
-0.093740231397186013, 0.0071302884812882335, -0.10294750838109512, 
-0.014452318319184828, -0.0583875572868768, 0.0080081165055594754, 
-0.1289501697182798, -0.15678852702561719, 0.03954341742325277, 
0.013859893974714127, 0.038427414068177179, -0.010970353118815959, 
-0.025273244729824836, -0.096458782290912592, -0.0050708278765035164, 
0.63863044679276515, -0.11049575817366514, 0.048645498997174942, 
-0.038644189259316765, 0.10603893807933258, 0.056347146429906597, 
-0.20541502014301369, -0.051501786617458405, 0.07611785103180943, 
0.0071302884812882335, 0.27220703424623433, -0.15402297660286327, 
0.02839055463381816, -0.014689134901844394, -0.14991771952030214, 
0.087745216060906961, -0.0074307410162274632, 0.12192052683139487, 
0.0015344711783185391, -0.092418055945461472, 0.041636331174656815, 
0.036798120798732847, 0.057173399521739526, -0.11872987080710778, 
-0.29188161750578001, -0.32335453838265948, -0.060391372584807534, 
-0.039431354940703447, -0.076595498704699796, 0.088212715069409642, 
-0.075374969935468175, -0.18294114340772466, 0.016598072355567633, 
-0.10294750838109512, -0.15402297660286324, -0.06116866241784439, 
-0.0034637553570084517, 0.0043196812768536612, -0.12689697177790418, 
-0.045682052372916254, -0.029516582773191899, -0.099672422982204731, 
-0.033563430956672156, -0.021907951939814381, -0.11360964689521703, 
0.042722547744806806, -0.075886547838915464, 0.014879738280245476, 
0.51123902373291052, -0.26291282574276814, -0.01932572533722187, 
0.036268917140543762, 0.029238077084698839, -0.033792823846203343, 
-0.047115107038834356, 0.041731596065645346, 0.017120935670800478, 
-0.014452318319184827, 0.028390554633818156, -0.0034637553570084517, 
-0.027144694857456301, -0.032151759610040291, 0.035769304018438239, 
-0.012444997012842881, 0.035292678536007246, 0.017564911842229969, 
0.020079720517558155, 0.0264608249399798, 0.067939501536860181, 
0.026542981806616829, 0.079627229536680985, -0.041615750441646851, 
-0.093150510671044767, -0.12490116725681157, -0.037258114699436226, 
-0.0021804185982123477, 0.0044092777385571404, -0.033392677974840308, 
0.20600117986048216, 0.094985010864634276, 0.052497714478879312, 
-0.0583875572868768, -0.014689134901844394, 0.0043196812768536612, 
-0.032151759610040291, 0.019033468537963623, -0.12462859946635084, 
-0.12050462297676523, -0.17150454239180507, -0.16180367018888989, 
0.0065599514641455931, 0.00053527006600726597, -0.023337757669273377, 
0.070035797461614382, 0.027128920754893312, -0.035901754913208898, 
0.11146208528673732, -0.049848328642863218, 0.033577726363397772, 
-0.0060826281593969935, -0.039535070739744445, 0.039253280659754287, 
-0.013230482656966512, -0.10186235733217539, -0.093719224059888598, 
0.0080081165055594754, -0.14991771952030214, -0.12689697177790418, 
0.035769304018438239, -0.12462859946635083, -0.044568404684011867, 
-0.12616817834393462, -0.46427675695394083, -0.31277662922571425, 
0.016312589679773885, 0.04774888737377412, -0.050161508161411919, 
-0.0017464414651725017, -0.044675691222914919, -0.13184713261831169, 
0.2684848301842146, 0.35801539321085907, -0.030844651691957884, 
0.079191108902383123, 0.018022867085041201, 0.071145033998544313, 
-0.40822476482575504, 0.12817377369710312, 0.10542792518375146, 
-0.1289501697182798, 0.087745216060906947, -0.045682052372916254, 
-0.012444997012842881, -0.12050462297676524, -0.12616817834393462, 
0.013782551184027282, 0.25177147923869642, 0.085830326198595319, 
-0.052390229390646977, 0.043468110064090584, 0.023298865396967988, 
0.014215378122360671, -0.072076156527778865, 0.025541869923359321, 
-0.26164229476043616, -0.093964762614041561, 0.082341765694228658, 
0.071933805121624089, 0.081777345995554834, -0.01464665176974592, 
0.18433781603731342, 0.12739245848828631, 0.12797916881658464, 
-0.15678852702561721, -0.0074307410162274641, -0.029516582773191902, 
0.035292678536007246, -0.17150454239180504, -0.46427675695394083, 
0.25177147923869642, -0.024247457313378531, 0.077241132113322453, 
0.050871902757845464, -0.020546236940064438, -0.012498732676987902, 
-0.084927488777384291, -0.017952158496308677, -0.029526292523306564, 
-1.3557044221454495, -0.1064533444355036, 0.036749417357384268, 
-0.16141489531316144, -0.065291182598426978, -0.030472990959959333, 
0.2029453602135759, 0.067920056643803101, 0.0056769920379520231, 
0.039543417423252777, 0.12192052683139487, -0.099672422982204717, 
0.017564911842229969, -0.16180367018888989, -0.31277662922571431, 
0.085830326198595319, 0.077241132113322439, 0.0039460796540504725, 
0.044288123508465192, 0.013232498041777027, 0.06395032796789199, 
0.041264664438721101, 0.012314392690751387, -0.019947203703746738, 
0.40206119883586455, -0.091852583020269427, -0.034944132098771244, 
0.004827858585745845, -0.010549969056884314, -0.048239700612104204, 
0.048574101621686093, 0.11594964695108888, -0.023516632273254377, 
0.013859893974714127, 0.0015344711783185389, -0.033563430956672156, 
0.020079720517558158, 0.0065599514641455931, 0.016312589679773885, 
-0.05239022939064697, 0.05087190275784547, 0.044288123508465192, 
0.017632249942073065, 0.011530592123263539, -0.005720713710529496, 
-0.042968701186457507, 0.0020625433360970677, -0.028805564167219671, 
0.032995011044941062, 0.18514951882456396, 0.0009758153912373086, 
-0.021417205022276585, -0.052856448036499082, 0.01555176514515472, 
-0.092993724134830688, 0.13692472023243976, -0.03251364807421063, 
0.038427414068177179, -0.092418055945461472, -0.021907951939814381, 
0.0264608249399798, 0.00053527006600726597, 0.047748887373774113, 
0.043468110064090584, -0.020546236940064438, 0.013232498041777027, 
0.011530592123263539, -0.0065809929886332256, -0.023708268800558641, 
-0.028464270771934658, 0.017269738911798994, -0.005133541798799263, 
0.19787058622801165, -0.0020462373245743307, -0.0074921145053164842, 
-0.0073226230805188445, -0.060789669739520595, 0.0092267499386378682, 
0.12315335907631415, 0.012069650485644373, 0.03719975124864567, 
-0.010970353118815957, 0.041636331174656815, -0.11360964689521705, 
0.067939501536860181, -0.023337757669273377, -0.050161508161411912, 
0.023298865396967988, -0.012498732676987902, 0.06395032796789199, 
-0.0057207137105294951, -0.023708268800558638, -0.032315739800677437, 
