structure(c(-0.23509949552120629, -0.27911506485487514, -0.13344211883758256, 
0.18456125570717491, -0.12088216890355141, 0.20150995032684421, 
-0.062305082449161102, 0.11541489903275762, -0.21178934887674325, 
-0.24109199713040474, -0.074620069980604026, -0.015033283082573928, 
-0.044248533794938982, -0.054537314412894604, 0.01358359639537104, 
-0.12808873072036189, 0.049726373791155486, 0.040822645389714328, 
1.118176041855647, -0.17035849760991528, -0.10760417427050765, 
0.034939023544521296, 0.14121191781552908, 0.083011690928963724, 
-0.27911506485487514, -0.1245671696963786, 0.075618340435084044, 
0.059498251908713856, -0.011196503709838471, -0.014853742429906596, 
0.019001361400107226, -0.025935963458149382, -0.39940782989572732, 
-0.055069928670673146, -0.032550229950751006, -0.09420685472328677, 
0.021329263931641355, -0.042570718644449078, 0.066116840772513577, 
-0.023787298038950473, 0.076718266592242762, 0.013354660538786952, 
0.13096580980048048, 0.38352388920643093, -0.11904081293812836, 
0.023082097740970503, -0.027240118599833333, 0.065839476056928248, 
-0.13344211883758256, 0.075618340435084058, 0.00060758503069464496, 
0.063365668327988206, -0.026744644839045897, 0.027527508834296773, 
0.026876696464471744, -0.0040758669220186949, -0.012442578606099619, 
-0.04084098754186432, -0.054421110104701492, -0.074041437768110868, 
0.0127483069533765, 0.02042230899812136, -0.022260593482847642, 
-0.05571719591902001, 0.068099725738319822, 0.025437461928503852, 
0.062769768315549104, -0.40972479925309868, -0.032478526022321479, 
0.009731922984796304, -0.018959546362301606, 0.016823876823639856, 
0.18456125570717494, 0.059498251908713856, 0.063365668327988206, 
-0.023787867319017185, 0.060440322821122723, -0.042574597192584072, 
-0.020000658514024848, 0.041401321977558705, 0.031097438175986761, 
0.019546323871655141, 0.15270540619149026, 0.02137596048092541, 
0.0023688457562332271, -0.018579198685508162, 0.0084470078194058204, 
0.024816767171788105, -0.011833606074428391, 0.0097550576587783176, 
-0.025506812477192019, 0.44373255585958787, -0.00033135571954011101, 
-0.043666531170807259, -0.028441396132780399, -0.0078684377783901725, 
-0.1208821689035514, -0.011196503709838473, -0.026744644839045893, 
0.060440322821122723, 0.058284629933217535, 0.11050862898951304, 
0.02795378028358925, -0.022833698943973628, -0.012089973222275169, 
0.040355266585112522, -0.0051047932740019208, 0.057716675538027673, 
0.023354321243466123, 0.029313545439418796, -0.072369833890975024, 
-0.0014867867975089627, -0.022283723098406292, -0.037021787859942479, 
0.40423603793036655, 0.22579333429490467, 0.022645816673553067, 
-0.0010754563781820443, -0.010142528504128372, -0.015146024096884462, 
0.20150995032684421, -0.014853742429906594, 0.027527508834296777, 
-0.042574597192584065, 0.11050862898951304, 0.040057636522003344, 
-0.0049036309236648243, 0.015003205952613875, 0.140458328371772, 
-0.13228051690084169, 0.11014503156000431, -0.030333305750217671, 
-0.011315672403076247, -0.0043012164102289585, 0.017113445755398547, 
0.0064759424966913219, 0.02545994549001623, 0.027926710488098305, 
-0.077440028483290776, 0.0064736126229929733, -0.010210609719379999, 
-0.02137405601482777, 0.025000555811274212, 0.019944720968174706, 
-0.062305082449161102, 0.019001361400107223, 0.026876696464471744, 
-0.020000658514024848, 0.02795378028358925, -0.0049036309236648251, 
0.0032627250391796948, -0.012867295886917455, 0.078045024526813653, 
-0.036574877531394337, -0.011583448053253885, 0.028822501051430218, 
-0.0063517559831049843, -0.01049328529478313, 0.012703313916882734, 
-0.0090982365846106038, 0.051597974617460268, -0.0063548419669099774, 
-0.065019728075709132, 0.12308399861212997, 0.03886823465905833, 
0.040109135380809312, 0.023887316031655021, -0.016402072697842759, 
0.11541489903275762, -0.025935963458149382, -0.0040758669220186949, 
0.041401321977558705, -0.022833698943973628, 0.015003205952613874, 
-0.012867295886917455, -0.049941778001215763, 0.0068983717596172011, 
-0.03076325036822283, -0.043667547089096356, -0.054152803837968458, 
0.0044890580492990889, 0.014189007592369966, -0.0098179473677455983, 
-0.017923881791915938, -0.03672413305153422, -0.0021156849694393687, 
0.12018407070873197, -0.091347719583385389, 0.001121475368607304, 
-0.012062532751830057, -0.010537520058772355, 0.019891987504038554, 
-0.21178934887674322, -0.39940782989572732, -0.012442578606099619, 
0.031097438175986758, -0.012089973222275169, 0.14045832837177197, 
0.078045024526813653, 0.0068983717596172011, -0.079502949570229992, 
-0.1353994330960557, 0.13300226207240315, -0.066118710707984654, 
0.0018137502190890694, -0.029855070254739487, -0.045292279573612412, 
0.028018400734500192, 0.013660625573661008, 0.059139346991950011, 
0.038428535346833326, -0.37190412684826002, -0.036760430627682597, 
0.051470129316125969, 0.10708441950150276, -0.049401550667258251, 
-0.24109199713040474, -0.055069928670673146, -0.04084098754186432, 
0.019546323871655141, 0.040355266585112522, -0.13228051690084169, 
-0.036574877531394337, -0.03076325036822283, -0.13539943309605568, 
-0.0011771921415594923, -0.030366944478965142, 0.15379381013509064, 
-0.021759642356020861, -0.010414935578588393, 0.060707461596905564, 
0.024032348878689505, 0.00023091264347629054, 0.041579723778043615, 
-0.03258355596592017, 0.42960028109849491, -0.063580839873904643, 
-0.0079039178078524029, -0.05184896288157162, -0.0091905396262799786, 
-0.074620069980604026, -0.032550229950751006, -0.054421110104701492, 
0.15270540619149026, -0.0051047932740019208, 0.11014503156000433, 
-0.011583448053253885, -0.043667547089096363, 0.13300226207240315, 
-0.030366944478965145, -0.16297512379343199, -0.09182206476021966, 
0.037817233984721255, -0.00060843077078500611, -0.031159171034408264, 
0.04090674252150836, -0.015965390964787485, -0.04777185463077533, 
-0.0034308226979903973, -0.26924821280673211, 0.029624118342130624, 
0.13307728349072939, 0.14687655524676793, 0.10801880076084754, 
-0.015033283082573927, -0.09420685472328677, -0.074041437768110868, 
0.02137596048092541, 0.057716675538027673, -0.030333305750217671, 
0.028822501051430222, -0.054152803837968451, -0.06611871070798464, 
0.15379381013509061, -0.091822064760219646, -0.01705660628408261, 
-0.011910690582824445, 0.028336761993281865, -0.0056304394495670651, 
0.0027340769738944818, 0.0053643354750942665, 0.030681042657712952, 
-0.25806870666593451, 0.25137531214960684, 0.0077396943957997741, 
0.021782628363397786, 0.0067550976585614916, 0.012264089524901564, 
-0.044248533794938975, 0.021329263931641355, 0.0127483069533765, 
0.0023688457562332271, 0.023354321243466123, -0.011315672403076247, 
-0.0063517559831049843, 0.0044890580492990889, 0.0018137502190890694, 
-0.021759642356020861, 0.037817233984721255, -0.011910690582824445, 
0.0046510206931525029, -0.0034289688035435964, -0.015629639751641902, 
0.0031821618101429642, 0.002361642415892963, -0.0019597588136715471, 
-0.08544404462237612, 0.17457252062806464, 0.018839855260390913, 
-0.00066045759673538315, -0.0075068988344206035, -0.00081788001157794162, 
-0.054537314412894597, -0.042570718644449085, 0.02042230899812136, 
-0.018579198685508159, 0.0293135454394188, -0.0043012164102289576, 
-0.01049328529478313, 0.014189007592369967, -0.029855070254739487, 
-0.010414935578588393, -0.00060843077078500611, 0.028336761993281865, 
-0.0034289688035435964, 0.0019915816932050264, 0.015774611802494905, 
0.0071783019405433062, 0.01167738344036227, -0.024246077261684942, 
-0.15853074308375986, 0.15523382911225833, 0.0078745246728728693, 
-0.013699958261201855, 0.030388040546124279, -0.0024885917721626065, 
0.01358359639537104, 0.066116840772513577, -0.022260593482847642, 
0.0084470078194058187, -0.072369833890975024, 0.017113445755398547, 
0.012703313916882734, -0.0098179473677455983, -0.045292279573612419, 
0.060707461596905564, -0.03115917103440826, -0.0056304394495670651, 
-0.015629639751641902, 0.015774611802494905, -0.0051244705712397993, 
