structure(c(0.61898060214937234, 0.071814376504639038, -0.19715031591207791, 
0.064947062091046656, 0.015261805004839604, -0.0041732406566254588, 
0.12747733993391083, -0.10340999289269862, -0.17996227175077883, 
0.38141339900178417, 0.44963945005679506, 0.16498848944406563, 
-0.018672420365926062, -0.039693918144276412, -0.0045983905374329904, 
-0.068339550558590187, 0.031889728762284048, -0.038448447537363997, 
-0.90951739153554034, -0.3631600385432735, -0.00089742178019638398, 
0.004137191708083637, 0.060908245625888612, -0.015207804287739456, 
0.071814376504639024, 0.055572521652240636, 0.013438327074376418, 
-0.06427999393932754, -0.10146773615791177, 0.074855716468175237, 
-0.031285122308697295, -0.026514493629941509, -0.066216103523888917, 
0.17085322414476017, -0.094653038673363124, -0.085782651266473636, 
-0.029445020876416966, -0.005052105320864966, -0.02988743514063151, 
-0.034359822404756206, -0.0024226469623623661, -0.090698984559475254, 
-0.29652426287632216, -0.19803780394743184, -0.055484579277651019, 
-0.071761828196901314, 0.0011264616230996344, -0.023769692254404437, 
-0.19715031591207791, 0.013438327074376416, 0.045570050119008255, 
-0.012498730588234249, 0.033284110328984463, -0.048122419463032237, 
-0.010677423480693723, -0.0011917340803633363, -0.015785558280009344, 
-0.015526608458925166, 0.025634902678681497, 0.035984387599251981, 
0.0030728060548633998, 0.013958310792099601, -0.01728318721514796, 
0.033347832309666661, 0.045508658373160489, -0.073046624432982404, 
-0.20128661063390779, -0.00065565028874613488, 0.070112521892093452, 
-0.021802828165194427, 0.021908852619469964, 0.017527736425736747, 
0.064947062091046656, -0.064279993939327526, -0.012498730588234249, 
0.025157168147834408, 0.052729728887603168, 0.030482720372161366, 
0.072806757529755614, 0.03192364620701197, 0.027702399238916833, 
0.021684634970713025, 0.015585867074480887, -0.045290368563126029, 
-0.029905260053871681, -0.042803788211927173, -0.020680387931598213, 
-0.036962187700790475, -0.053931088604009775, 0.020702968040947178, 
0.25823646110160547, -0.14854429005103306, -0.0114717431942417, 
-0.025051916200832809, -0.030193934630980222, 0.0018743001349812399, 
0.015261805004839604, -0.10146773615791177, 0.033284110328984463, 
0.052729728887603175, 0.012470375724033986, 0.013038086236194582, 
-0.00090742121694376227, 0.059973334512976609, -0.01065425327935318, 
-0.14496458346954003, -0.16379188668246702, -0.024121561613831183, 
-0.01421502469836497, -0.013059649526640307, 0.083431543320209203, 
-0.050762301896193004, 0.018988649441994195, 0.0052857131787652388, 
-0.92957052284014074, -0.062533773671229823, 0.10821912000868067, 
0.041943227346826345, 0.10874777544351077, 0.036402445528695392, 
-0.0041732406566254579, 0.074855716468175237, -0.048122419463032237, 
0.030482720372161366, 0.013038086236194584, 0.032786703277072796, 
0.030094669202761729, -0.022611389794402519, -0.029167013555431373, 
0.064239939182499484, 0.017159834661414231, 0.055587791310282748, 
-0.028298470189983053, -0.021197797150595138, -0.024000981623402744, 
0.0087474207469440748, -0.021824902207014, 0.0051522513541247894, 
-0.055809541041558414, 0.024108548739973274, 0.010222618855236988, 
0.022070031901660736, -0.023655396750044751, -0.051240245427071583, 
0.12747733993391083, -0.031285122308697295, -0.010677423480693723, 
0.072806757529755614, -0.00090742121694376227, 0.030094669202761729, 
-0.014937116437543231, -0.0018288740977876116, -0.025084091312747366, 
0.074242208375716642, 0.069827865298882477, 0.043044939247450689, 
0.014547412077355507, 0.0089095696286100035, -0.019861984970116466, 
-0.021096256154125356, -0.041955129048212407, 0.02960847549263429, 
0.47777884066125037, 0.10607344143846929, 0.0093988305039590363, 
0.011829648716536382, 0.019579384604516699, -0.012858546982821937, 
-0.10340999289269862, -0.026514493629941512, -0.0011917340803633363, 
0.03192364620701197, 0.059973334512976616, -0.022611389794402519, 
-0.0018288740977876116, 0.074180408935566475, 0.017457659570723778, 
0.034384363273930817, 0.023656452877376746, 0.030047744997018892, 
0.0049605932113262665, -0.00054696276607740866, -0.0047486783991077218, 
-0.021032101482040582, 0.02340615182851008, 0.032198106921844036, 
0.055941070468147398, -0.23612042333788813, 0.0021160854821296055, 
0.016438905231974835, -0.020815496000662896, 0.011505251256566715, 
-0.17996227175077886, -0.066216103523888931, -0.015785558280009344, 
0.027702399238916833, -0.010654253279353182, -0.029167013555431373, 
-0.025084091312747366, 0.017457659570723778, -0.012249218460102778, 
0.018636425383516984, -0.061161390060545072, 0.047219539647502543, 
0.021699942252330781, 0.043318842870976246, -0.010327655503354476, 
0.014795491530694411, 0.0029786948127718655, -0.073902691005719529, 
-0.067847856632830758, 0.55814885629256705, -0.018495427538648621, 
-0.016430989427868924, -0.033792181524706241, 0.017077404555587757, 
0.38141339900178417, 0.17085322414476017, -0.015526608458925166, 
0.021684634970713025, -0.14496458346954003, 0.064239939182499498, 
0.074242208375716642, 0.034384363273930817, 0.018636425383516987, 
0.063288180649970785, 0.17028544129406711, -0.035625840319218727, 
0.029876921085807837, 0.014762510389041352, -0.063130878054962022, 
0.039352643414280832, 0.042344981579132406, 0.05098982679571909, 
0.42175278952284007, -0.16890441300217143, 0.0098528690398881139, 
-0.042400004648765539, -0.0035910181929346896, 0.0039672155251595353, 
0.44963945005679506, -0.094653038673363124, 0.025634902678681497, 
0.015585867074480887, -0.16379188668246702, 0.017159834661414231, 
0.069827865298882477, 0.023656452877376746, -0.061161390060545072, 
0.17028544129406711, 0.30877777441853371, 0.060351336285699275, 
-0.053436975590698946, -0.053169431199183527, -0.028917504892109879, 
0.048772324647347855, -0.032218864926891695, -0.08901650047480536, 
-0.5662106147983712, 0.27130470152102315, -0.062814720416100533, 
-0.0082017311926706263, -0.065265499002665955, 0.024044345354538435, 
0.16498848944406563, -0.085782651266473636, 0.035984387599251981, 
-0.045290368563126036, -0.024121561613831187, 0.055587791310282748, 
0.043044939247450682, 0.030047744997018896, 0.047219539647502549, 
-0.035625840319218727, 0.060351336285699275, 0.080143595307077861, 
0.019143041512498495, -0.010760112144529934, -0.032284558087482498, 
-0.017067897288310201, -0.033562271059598997, 0.0053769431121750855, 
0.30999623627307732, -0.11770700695130923, -0.0078831114248808232, 
-0.019259739390054015, -0.027708044843277244, -0.046628248473687059, 
-0.018672420365926062, -0.029445020876416966, 0.0030728060548634007, 
-0.029905260053871677, -0.01421502469836497, -0.028298470189983056, 
0.014547412077355507, 0.0049605932113262665, 0.021699942252330778, 
0.029876921085807837, -0.053436975590698939, 0.019143041512498491, 
-0.029548143192943844, -0.025304146020830764, -0.014642973266280255, 
0.0023106518301634037, 0.005299343453304863, 0.020292041515999552, 
-0.0097861294492880262, 0.016064102917744218, -0.030275839830199037, 
0.0024250724989390471, -0.023386508952035846, -0.010016253972725753, 
-0.039693918144276419, -0.005052105320864966, 0.013958310792099601, 
-0.042803788211927173, -0.013059649526640307, -0.021197797150595138, 
0.0089095696286100052, -0.00054696276607740866, 0.043318842870976246, 
0.014762510389041354, -0.053169431199183534, -0.010760112144529934, 
-0.025304146020830764, -0.023880245669810854, -0.019436389358895328, 
0.0084635153778156395, -0.0092915430655701597, 0.024465101251313185, 
0.074105548341498392, -0.14452475346079513, -0.0087228083086032908, 
-0.003397685970328879, -0.049741918079773899, -0.015095100153954018, 
-0.0045983905374329904, -0.02988743514063151, -0.01728318721514796, 
-0.020680387931598213, 0.083431543320209189, -0.02400098162340274, 
-0.019861984970116466, -0.0047486783991077218, -0.010327655503354476, 
-0.063130878054962022, -0.028917504892109883, -0.032284558087482491, 
