structure(c(-0.76724913971290165, -0.43064865503254973, -0.067310465938295774, 
-0.037488819193547074, -0.19922612663100053, 0.11145944087712364, 
-0.0022250431736637543, -0.026305663513254418, -0.40306791849385437, 
-0.13459605476048239, -0.27199559975355159, 0.013939574200148675, 
-0.008140603655449859, 0.040426550694158417, 0.1087892108773955, 
-0.081252348965001275, -0.03326299604306765, -0.03937866079066292, 
0.089610017062373593, 0.033249766773713864, -0.039428834847058322, 
0.013771348036245011, -0.13222039034134805, -0.020447642051100813, 
-0.43064865503254973, -0.13509848572056876, -0.06596487798804572, 
-0.036646434202614174, -0.059162473789591302, 0.0050553733563671131, 
0.035491087752313029, -0.01376325738121988, -0.21604796007766697, 
0.0043967540452501241, 0.10346110394803687, 0.027902800419685188, 
-0.037813543048682646, -0.0052240761142329931, 0.028046819938060071, 
0.019457131182436787, -0.0076956168064873463, 0.012913702641432925, 
-0.036738629660834785, 0.20800532403208555, 0.023621558103423056, 
0.050512718491023456, -0.023802236635481831, -0.00016901524004162992, 
-0.067310465938295774, -0.06596487798804572, -0.029399334021943793, 
0.0074037083509682217, -0.01958024085647227, -0.025024919559091915, 
-0.0088884740792973937, -0.019639491987918044, -0.1037883812448428, 
-0.014660017027629133, -0.063233319340308555, -0.022456219182716092, 
-0.008751307924797079, -0.041143617723840252, 0.022243951525768284, 
-0.024331454698374312, 0.032263895823032455, 0.014123181990398932, 
0.3175629477731875, -0.098553297254384914, 0.017652488263202995, 
-0.019789470155266553, -0.014269699858930405, -0.016405555202590776, 
-0.037488819193547074, -0.036646434202614174, 0.0074037083509682217, 
-0.024701633032917378, -0.029229638391808966, -0.010823284034257285, 
-0.010423783329225077, -0.04820189968970072, 0.0684284098791995, 
0.031560291857808023, 0.081144422231409968, 0.039918800748173881, 
0.0094471281861645846, 0.017731209164749847, 0.011869243106290159, 
0.021891999793924023, -0.014478703355707754, 0.014264589495288586, 
0.38335264752528425, 0.3331165202948721, 0.020733504249672026, 
0.014030326012229926, 0.026283808798067982, -0.011002370772804282, 
-0.19922612663100053, -0.059162473789591302, -0.01958024085647227, 
-0.029229638391808963, 0.057056804769613979, -0.038367022068004922, 
-0.0034898934894899321, 0.030360862289077511, 0.059422413692171487, 
0.1039184437763474, -0.17369392641133058, -0.021208877852177697, 
0.0046550881451392582, 0.0041872436247744824, -0.0067445834455796645, 
0.063307130710109474, 0.024914261430818933, -0.02544062321950586, 
0.30990669762202366, -0.14630082843981113, 0.03911114550427184, 
-0.032708089804243515, 0.0073874407981993594, -0.0060491940038156517, 
0.11145944087712366, 0.0050553733563671131, -0.025024919559091915, 
-0.010823284034257283, -0.038367022068004922, 0.036789134703608617, 
-0.025603835601929154, 0.017842702318955541, 0.0062360534875170303, 
-0.14208543556150013, 0.061957200425989525, -0.02963253854667312, 
0.019142462556640042, 0.026763137373960973, -0.031138799914162591, 
-0.00082856760953199887, 0.0027588361520463024, 0.041962610646446498, 
-0.068386344353956574, 0.21908814515579175, -0.0005535087721174059, 
-0.0087671250922284599, 0.013504337357126341, -0.005626713591409655, 
-0.0022250431736637538, 0.035491087752313029, -0.0088884740792973937, 
-0.010423783329225077, -0.0034898934894899321, -0.025603835601929151, 
0.016462170678628752, 0.024583672162293166, 0.043751454763255197, 
-0.056200587727659762, -0.10256401933101082, -0.076433973455235962, 
-0.02746172852225881, -0.021515910037857699, -0.0042555235252414994, 
0.025633787280303032, 0.021082723183268121, -0.015100020110124247, 
0.16624976514009221, 0.017635687543646281, 0.0063453538214669689, 
-0.017368820417236024, 0.0070478658371018518, 0.00039459488905326754, 
-0.026305663513254418, -0.01376325738121988, -0.019639491987918044, 
-0.04820189968970072, 0.030360862289077511, 0.017842702318955541, 
0.024583672162293166, 0.024347390051952966, -0.095991008615326986, 
-0.0027140730090859642, -0.080258768928913274, -0.019877623202048712, 
-0.009283034299201123, -0.0027149187608561478, -0.0050831518826810682, 
0.0054177214338861825, 0.021283356412590469, 0.0029549613906971581, 
0.03652761828804181, 0.014752455235442264, -0.016828282422433862, 
0.010758545308840928, 0.023555743791375081, -2.8377971087862933e-05, 
-0.40306791849385437, -0.21604796007766697, -0.1037883812448428, 
0.0684284098791995, 0.059422413692171487, 0.0062360534875170294, 
0.043751454763255197, -0.095991008615326986, -0.040720710538204086, 
-0.00021271015245349968, 0.10852926240442883, -0.035998615112443337, 
-0.0089404661488791375, -0.0066891965010336734, 0.025348221893843018, 
0.14864718146513334, 0.043195231255897658, 0.10991636619243284, 
-0.030861051792797294, 0.14972303728640993, 0.049082047526767508, 
-0.0067974351504561685, 0.021616418110104764, 0.064980950330072174, 
-0.13459605476048239, 0.0043967540452501232, -0.014660017027629131, 
0.031560291857808023, 0.1039184437763474, -0.14208543556150013, 
-0.056200587727659762, -0.0027140730090859642, -0.00021271015245349971, 
0.02657376043531778, -0.074869782769338311, -0.041109630009555156, 
-0.052871053510724575, 0.0016150983262946555, 0.020767527025528136, 
0.014775598299080612, -0.0027976185895141801, -0.023916980481450217, 
-0.11445221584799929, 0.029084584527549175, 0.059664956623222111, 
0.038481588116406985, -0.035808284526315348, 0.010381655346005146, 
-0.27199559975355159, 0.10346110394803687, -0.063233319340308555, 
0.081144422231409954, -0.17369392641133061, 0.061957200425989518, 
-0.10256401933101081, -0.080258768928913274, 0.10852926240442883, 
-0.074869782769338297, -0.33250915799049896, -0.0019796149702391076, 
0.017333137736994176, 0.040939686072063622, 0.10139586564734034, 
0.048766736292706087, 0.073767410254716628, -0.017942754232392541, 
0.055280708273073534, -0.01772699602841156, 0.072125626871058696, 
0.0036095478659988805, 0.01981883436039833, -0.012490734489437605, 
0.013939574200148675, 0.027902800419685188, -0.022456219182716092, 
0.039918800748173874, -0.021208877852177697, -0.02963253854667312, 
-0.076433973455235976, -0.019877623202048708, -0.035998615112443337, 
-0.041109630009555156, -0.0019796149702391076, 0.0069705738328119781, 
-0.0069189891880804032, 0.0057944086276955119, 0.013029186344436238, 
0.039248294210584171, -0.014590364737698636, 0.0065801640643154743, 
-0.26402617811398599, 0.259404172065339, 0.014561365396717138, 
0.011324763997152846, -0.0039322650943367163, 0.026274276007645803, 
-0.008140603655449859, -0.037813543048682646, -0.008751307924797079, 
0.0094471281861645846, 0.0046550881451392582, 0.019142462556640039, 
-0.02746172852225881, -0.009283034299201123, -0.0089404661488791375, 
-0.052871053510724575, 0.017333137736994179, -0.0069189891880804032, 
-0.012746623248747891, -0.011217047817467634, -0.01356351085264499, 
0.0095753209514361295, -0.0069925729732726359, -0.004444272494250708, 
0.1521484167135671, -0.12713096148986622, -0.023296177026537405, 
0.0060674253522062394, -0.00099194125963318852, 0.0022413782857121224, 
0.040426550694158417, -0.005224076114232994, -0.041143617723840252, 
0.017731209164749847, 0.0041872436247744824, 0.026763137373960969, 
-0.021515910037857699, -0.0027149187608561474, -0.0066891965010336743, 
0.0016150983262946555, 0.040939686072063622, 0.0057944086276955119, 
-0.011217047817467634, 0.0004678404550394077, -0.0058821839747409494, 
0.013810583793445462, 0.0072370111047264426, 0.0079205771078112684, 
0.10267175381755109, -0.081213516741584182, -0.0099565385755632108, 
-0.0022048690769000548, 0.0085321021350953461, -0.0028782708845776846, 
0.10878921087739551, 0.028046819938060075, 0.022243951525768284, 
0.011869243106290159, -0.0067445834455796636, -0.031138799914162595, 
-0.0042555235252414994, -0.0050831518826810673, 0.025348221893843014, 
0.020767527025528136, 0.10139586564734034, 0.013029186344436238, 
