structure(c(-0.40949584161350611, -0.17935720794319335, 0.0030830463206509458, 
-0.011718369229770383, 0.0036220831253295049, 0.08308935321146467, 
-0.076174012914229053, 0.0075705497255952516, 0.13030631822873057, 
-0.17809382338498012, -0.16884549125634282, -0.15789241474153023, 
-0.024166854352749935, 0.0111265950265927, 0.019144515058439185, 
-0.07651126569698119, -0.037078754064474931, 0.02317226848362999, 
0.20946324785601883, -0.088356514637818073, 0.053227741990582084, 
0.00073081084272417444, 0.020266390164907656, 0.0094244615181652766, 
-0.17935720794319338, -0.035370705655496576, -0.038963606033906972, 
0.060078842332320234, 0.099921702350316194, -0.014612400944122432, 
-0.010718208770859574, 0.022649282231288655, -0.016380901812629356, 
-0.13537007697025447, -0.025629056774921732, 0.073985046193278656, 
-0.042592253122157704, -0.070159097948026244, 0.046637902983786318, 
-0.053519772533347172, 0.02231727803500997, 0.038365490933102424, 
-0.30123407757810333, 0.081759587118882648, -0.079777243454698277, 
-0.012788413922658899, -0.0048693987508602338, 0.001070146090926276, 
0.0030830463206509458, -0.038963606033906972, -0.029035932667722756, 
-0.034807704421182653, 0.003397260761726602, 0.021585286846686352, 
0.029362974413186624, -0.013792050083426039, -0.04610783320843901, 
-0.020048821879020698, -0.030899710781596104, -0.0027975270185133273, 
0.0014819847720067088, -0.017546311500513195, 0.011394687094706769, 
-0.015694100355316144, -0.039433520057577179, 0.036727307378032009, 
0.082883336721067236, 0.069249008903095433, -0.065467650326061902, 
-0.0026807428158852568, -0.012572492381183001, -0.0088428098681054088, 
-0.011718369229770383, 0.060078842332320234, -0.034807704421182653, 
-0.010808909084162752, -0.074742886277623224, -0.017682281855780895, 
-0.060613873846892062, 0.021572854198038956, -0.03367378138404406, 
-0.0055475591604946849, 0.046790135530030634, -0.019474425319712416, 
0.029287092974727022, 0.034266312215210835, 0.015892442772120936, 
0.011822951514295472, 0.029371257049488869, 0.0023397958465922295, 
-0.39024592050930162, 0.06857040005020193, -0.010150186775823189, 
0.014159079411774007, 0.0052610216353403388, 0.015593762541015967, 
0.0036220831253295054, 0.099921702350316194, 0.0033972607617266015, 
-0.074742886277623224, -0.021220640982339608, -0.044777041873582404, 
-0.032323891506492036, -0.060339347574479833, 0.10699915854572349, 
-0.042649926188942262, 0.060718731580332558, 0.013309383689789787, 
0.020347227745816387, 0.0062011986508269277, -0.059862640617137503, 
0.0084827212388002334, -0.011243147119145107, 0.024783712955565047, 
0.48489452151207502, 0.1544729852657018, -0.059030557708805977, 
-0.029288944201826268, -0.022648128879081336, -0.027834409260675309, 
0.08308935321146467, -0.014612400944122434, 0.021585286846686348, 
-0.017682281855780899, -0.044777041873582404, -0.016572375079033811, 
-0.025950576679815179, 0.043021224218123141, -0.0037791320340031342, 
-0.0081156916581182643, 0.030450546327177436, -0.032765111934815405, 
0.019237108242960266, 0.010526532063457576, 0.047766416000880614, 
-0.0026870723749519358, -0.0012723706211573127, 0.0041757704618777085, 
-0.2617032692942165, 0.12907420243342549, 0.035552833821522557, 
-0.0046261067954367369, -0.0080011628514259237, 0.022441309228437754, 
-0.076174012914229053, -0.010718208770859574, 0.02936297441318662, 
-0.060613873846892062, -0.032323891506492036, -0.025950576679815179, 
0.04259642554773798, -0.007637275856602027, -0.0047272864029607956, 
-0.048815235281454657, -0.037771931224547403, -0.028221054216708383, 
-0.0053901425015469434, -0.0158297481536721, -0.014438628805352877, 
0.012251525259459616, 0.031537332312795784, -0.037048805756706368, 
-0.28046499564329808, -0.14229149226472801, -0.0016934116981858519, 
-0.020684609549705444, -0.015128333477607451, 0.027664000811273768, 
0.0075705497255952525, 0.022649282231288651, -0.013792050083426039, 
0.021572854198038956, -0.060339347574479833, 0.043021224218123141, 
-0.007637275856602027, -0.063762184107192421, 0.03762555833998843, 
-0.11150426498174079, 0.01057966077523852, -0.016942125427951038, 
0.002064367560678221, -0.0026617669583327017, 0.021430037232434865, 
-0.0056794320257707292, -0.02441769328304343, -0.00057433105378328932, 
-0.14731261164348652, 0.27978434539500224, -0.012053663576003907, 
-0.018994653456898308, 0.0099870440804678742, -0.0054562866977302281, 
0.13030631822873057, -0.016380901812629356, -0.04610783320843901, 
-0.03367378138404406, 0.10699915854572348, -0.0037791320340031347, 
-0.0047272864029607948, 0.037625558339988423, -0.040549347253157605, 
-0.12463994237781097, 0.089567748935065861, 0.011899381576436443, 
-0.034569437290390664, -0.056398821252714712, 0.02230362550641047, 
-0.059465767011090381, 0.0029191474045264288, 0.033534611916295212, 
0.00092651032587781374, 0.11513746527934844, 0.0095782169998665199, 
0.0019109314949595784, 0.081256316833262399, 0.0014602649105008416, 
-0.17809382338498014, -0.13537007697025447, -0.020048821879020698, 
-0.0055475591604946849, -0.042649926188942262, -0.0081156916581182643, 
-0.04881523528145465, -0.11150426498174079, -0.12463994237781095, 
-0.082899772936658234, -0.018286047541537745, -0.023968191919470905, 
-0.02892741515501708, -0.010406712890183863, 0.045311149466161597, 
0.0039919773070972399, 0.0078494147125320185, -0.036300552292378024, 
0.028391575565542556, 0.13710479173802625, 0.0067618784732566403, 
0.023904538083377815, 0.016764167853258429, 0.0033333363261546602, 
-0.16884549125634282, -0.025629056774921732, -0.030899710781596104, 
0.046790135530030634, 0.060718731580332565, 0.030450546327177436, 
-0.037771931224547403, 0.010579660775238522, 0.089567748935065861, 
-0.018286047541537741, -0.15536781204127215, -0.063326084327348223, 
-0.023548943805503767, -0.019626800946548829, 0.033749712289948962, 
-0.037921541887005306, 0.01220714033277292, 0.058801444654897117, 
0.6118105963315098, 0.1946569707917376, 0.049110380341101344, 
0.061376805927619522, 0.047043039861028431, 0.061866024559434518, 
-0.15789241474153023, 0.073985046193278642, -0.0027975270185133278, 
-0.019474425319712416, 0.013309383689789785, -0.032765111934815405, 
-0.028221054216708383, -0.016942125427951038, 0.011899381576436443, 
-0.023968191919470902, -0.063326084327348223, -0.0028948808621728464, 
0.00048794260916166463, 0.021107606033951495, 0.018276749409557778, 
0.0039457562217965489, 0.019718353684626821, 0.023265566295354048, 
-0.076232258935118077, 0.11048907188830151, 0.023437794065415286, 
0.015464837846270674, 0.049211957186493599, 0.046008184108084514, 
-0.024166854352749935, -0.042592253122157704, 0.001481984772006709, 
0.029287092974727022, 0.020347227745816387, 0.019237108242960266, 
-0.0053901425015469425, 0.002064367560678221, -0.034569437290390657, 
-0.02892741515501708, -0.023548943805503764, 0.00048794260916166463, 
0.02433917991097493, 0.025397103128596599, 0.024544103159666431, 
0.0028544594252453608, 0.0055629435158139288, 0.0055564804815531046, 
-0.16423154265553772, -0.0302800052554064, 0.017726459044154371, 
0.0057707987670515401, 0.028351680888907233, 0.016261738245734712, 
0.0111265950265927, -0.070159097948026244, -0.017546311500513195, 
0.034266312215210835, 0.0062011986508269277, 0.010526532063457576, 
-0.015829748153672104, -0.0026617669583327017, -0.056398821252714705, 
-0.010406712890183863, -0.019626800946548829, 0.021107606033951495, 
0.025397103128596599, 0.029894731630959646, 0.021851232920568606, 
-0.002713001782477637, 0.0085644890908725593, 0.0057685409906206922, 
-0.16198556640315831, 0.034485319527592241, -0.0055908019578154158, 
0.0010247637616357173, 0.033319264979787891, 0.023014249808665253, 
0.019144515058439185, 0.046637902983786318, 0.011394687094706771, 
0.015892442772120936, -0.059862640617137509, 0.047766416000880607, 
-0.014438628805352877, 0.021430037232434869, 0.022303625506410473, 
0.045311149466161597, 0.033749712289948969, 0.018276749409557775, 
