structure(c(0.084936700282715064, -0.040163687939154438, 0.0053911190997650961, 
-0.0072907397793379614, 0.016907325022386493, 0.023673194263601396, 
-0.029718761549827107, 0.0024333701797263582, -0.0029768767370302492, 
-0.042725868605657497, -0.022982090455339582, 0.010979102699972772, 
0.0050304134777550977, -0.019426491831335751, -0.030127527545817514, 
0.0060125824434599196, -0.02476201264491017, -0.038295115304457866, 
-0.13997279985681371, 0.0093787338853340875, 0.0071181303054770806, 
-0.0021742996496944326, 0.0017624701691287738, -0.029563832555597358, 
-0.040163687939154438, -0.063007663614255457, 0.011291817155090427, 
-0.019813477930255608, -0.012306056829614236, -0.0077848205875887784, 
-0.014852039889934809, -0.007744287563107825, -0.044324593320699955, 
-0.018018945940093921, -0.0097529656503850693, -0.00076286272671282837, 
0.0035901852931468918, -0.00069006252402571331, -0.01514946589756775, 
-0.0030452408507347277, -0.017373496064574171, -0.027594015328950481, 
0.092912978042240593, 0.015608236626351735, -0.018198185966864837, 
-0.0054605193355643112, 0.00030753516511912774, -0.012245660757041839, 
0.0053911190997650961, 0.011291817155090427, 0.038906425110183801, 
-0.014585909478579788, 0.011406344058908387, -0.0089186113878719098, 
0.0070762651400733453, 0.015787443905747912, 0.0036405532822603721, 
0.0024889760098213759, 0.0025876317566140639, -0.0023788403516920866, 
-0.00099328933076269703, -0.0067494448583483892, -0.0030456261393512533, 
0.0052359946020361474, -0.00072773057398602006, 0.0037355985682752126, 
-0.028166796380677647, -0.018632047888615687, 0.00089800110995307415, 
0.0017539237555287074, 0.00091774750677782544, -0.0047890199356518184, 
-0.0072907397793379614, -0.019813477930255608, -0.014585909478579788, 
0.010598836632071035, 0.0081139588387409978, -0.013691373001341961, 
-0.0019462869422694929, -0.0059903454941367751, -0.023666422835703783, 
0.019700313267158258, -0.048743241000534641, 0.0084249456844866753, 
-0.00061365103343175964, 0.0042366809294829598, 0.0035204787573205995, 
-0.009426852245169981, 0.0011412289241392341, -0.013565516799811351, 
0.047959102137937831, -0.0064049132146581905, -0.016031917687300778, 
-0.00084603182362384026, -0.0013822298834860415, -0.0022634688695514849, 
0.016907325022386493, -0.012306056829614234, 0.011406344058908387, 
0.008113958838740996, -0.027988479518977753, -0.015015588257008055, 
0.024654472973544856, 0.010533643205349066, -0.012628430674769941, 
-0.012105373012618969, -0.034173550239342106, 0.018805716935247473, 
0.0010805571444464693, -0.0033164433667291484, -0.018958515192858339, 
-0.0065690279779029997, -0.019118288777027002, 0.00051644879293721488, 
0.0052696046693715901, -0.10372865534948195, 0.0013745798003178429, 
-0.0095482835767186497, -0.011532122743371578, -0.0059634751317198089, 
0.023673194263601392, -0.0077848205875887784, -0.0089186113878719098, 
-0.013691373001341961, -0.015015588257008055, -0.025290989396027638, 
-0.00052814689905092784, -0.010490490332316091, -0.0089285397482199141, 
-0.00061750473840693646, 0.023255547251409641, -0.011473765521274203, 
-0.002602475222832845, -0.0032421990578358501, -0.0010496630474519848, 
0.00063356566334486449, -0.0027954457317022796, -0.00048924308569948331, 
0.025173789663105683, -0.025594558477701878, -0.0098509264839050214, 
-0.0092123313990088804, -0.006080877493124393, -0.018234789468591105, 
-0.029718761549827104, -0.014852039889934806, 0.0070762651400733453, 
-0.0019462869422694929, 0.024654472973544856, -0.00052814689905092795, 
0.0027969527257618808, 0.0085239259110802233, 0.032467925144899025, 
-6.362350592977065e-05, -0.016855873621297358, 0.0037369132499361071, 
-0.0058583910065046372, -0.0052200564063304101, -0.0014779436043205988, 
-0.007281780658944431, -0.011980661878345388, 0.0014978452329282329, 
0.030385821755356587, -0.046318872058675617, -0.012496523661047839, 
-0.0093139683343763015, -0.0071183365104016093, -0.0046045213570530159, 
0.0024333701797263586, -0.007744287563107825, 0.015787443905747912, 
-0.0059903454941367751, 0.010533643205349066, -0.010490490332316089, 
0.0085239259110802233, 0.022677087548094589, 0.040429627965784268, 
-0.005937604752586893, 0.033700956756269079, -0.013385612321670681, 
0.0030460400851570306, 0.0036506151671127462, 0.00048001962734241997, 
-0.006130785814667911, -0.0020745665291251355, 0.0075289392764720502, 
0.048734161587087092, 0.031529342367652896, 0.0039026901467301496, 
-0.001394837584870147, -0.00078846908115631439, 0.0017729774376698834, 
-0.0029768767370302487, -0.044324593320699955, 0.0036405532822603721, 
-0.023666422835703783, -0.012628430674769943, -0.0089285397482199141, 
0.032467925144899025, 0.040429627965784261, -0.095599663845551255, 
-0.011756022403121489, -0.010673867494089941, -0.0085044537010255244, 
-0.0027635993546670577, -0.016697014326876734, -0.016290527039966734, 
-0.026874546579601383, -0.027417800117090354, 0.0052352841235269289, 
-0.19471840230669291, 0.090742139112968759, 0.0029075975073448476, 
-0.011203998980610494, -0.0020907264071900922, -0.024370638606789407, 
-0.042725868605657497, -0.018018945940093921, 0.0024889760098213763, 
0.019700313267158258, -0.012105373012618969, -0.00061750473840693635, 
-6.3623505929770663e-05, -0.005937604752586893, -0.011756022403121489, 
-0.0069220617586832562, -0.010146125272915769, 0.022375793368352478, 
-0.01499387514000571, -0.018371940812083088, 0.017340104780242446, 
-0.0032906878470621093, -0.00098584889149020858, -0.0099963796050312175, 
-0.028809135175749154, 0.063532654868077298, -0.012183466567682851, 
-0.0069667140416883972, 0.0116970747626425, -0.0086365410072873246, 
-0.022982090455339582, -0.0097529656503850693, 0.0025876317566140635, 
-0.048743241000534641, -0.034173550239342106, 0.023255547251409641, 
-0.016855873621297358, 0.033700956756269079, -0.010673867494089943, 
-0.01014612527291577, -0.10000856961455937, -0.01934858213027037, 
-0.012110462147957732, -0.018886109014739905, -0.033576726784217324, 
-0.0062065955393059164, -0.021928527484536883, -0.043980679822682278, 
0.062664956810414646, -0.18428570174177586, 0.0049149904999261119, 
-0.0066467182670421811, -0.0061379053706045435, -0.016830266253662685, 
0.010979102699972773, -0.00076286272671282837, -0.0023788403516920866, 
0.0084249456844866753, 0.01880571693524747, -0.011473765521274201, 
0.0037369132499361075, -0.013385612321670681, -0.0085044537010255262, 
0.022375793368352478, -0.01934858213027037, 0.044001183814102333, 
0.0028360411085525438, 0.002502475755502592, 0.0012550397832831015, 
0.0026098873656142385, -0.0059927187650948132, -0.015711211985565014, 
-0.06352240524032704, -0.060996794720248021, -0.0051940249077578153, 
-0.013381717843893016, -0.014476902737135077, 0.00042345940569594645, 
0.0050304134777550977, 0.0035901852931468918, -0.00099328933076269703, 
-0.00061365103343175964, 0.0010805571444464693, -0.002602475222832845, 
-0.0058583910065046381, 0.0030460400851570306, -0.0027635993546670577, 
-0.014993875140005707, -0.012110462147957732, 0.0028360411085525438, 
-0.0065400052959852829, -0.0027285157215953967, -0.004737601734633755, 
-0.0016161277042591247, -0.00064202334154154399, 0.0028673858467176943, 
-0.010715824165903352, -0.0076983171075023643, 0.013044665369711861, 
-0.007690583594418249, -0.0035774736775869278, -0.00090968887509605494, 
-0.019426491831335751, -0.00069006252402571331, -0.0067494448583483892, 
0.0042366809294829598, -0.0033164433667291484, -0.0032421990578358501, 
-0.0052200564063304093, 0.0036506151671127462, -0.016697014326876734, 
-0.018371940812083088, -0.018886109014739902, 0.002502475755502592, 
-0.0027285157215953967, -0.00088171348192307589, -0.0030158802836311085, 
-0.0052326404886480016, -0.0024406237840640678, 0.0031202428902469561, 
0.036073563716195224, -0.0031712837776231928, 0.013053366566893732, 
-0.0051295972949144779, -0.0037917494697209094, -0.0040484446299166033, 
-0.030127527545817514, -0.015149465897567752, -0.0030456261393512537, 
