structure(c(0.036504028496720728, 0.002285292953517181, -0.021357962244614295, 
0.046152612463315278, -0.010643360415171334, 0.0047263401817984572, 
0.051146021030595436, 0.047621142942355789, -0.053009649023876851, 
0.021041379200660446, -0.081903080758414959, 0.027795939218945069, 
0.0096075625430506965, 0.018438480835684005, 0.024297549557828767, 
0.01316988114221799, 0.017836599982297439, -0.0048504778323757505, 
0.036805452217129803, 0.052523256604035146, 0.020445021526833994, 
0.037630620594137014, 0.027244740256338208, 0.017394801662499008, 
0.002285292953517181, -0.030276713570149376, -0.033864011725440214, 
0.0090425285418599833, -0.00081558758425848219, 0.010256954406873143, 
-0.0039203515771913545, -0.0025910129552181643, -0.072053925596036919, 
-0.0071422522805420765, -0.071605232462539151, -0.0063004211625927314, 
0.015652244499006492, 0.0090390959935709118, 0.017341177188245262, 
-0.002068859563140363, 0.00089389654738549157, -0.01262931838538205, 
-0.11721356299782626, -0.027054025119932237, -0.0064616602830166372, 
0.0090087068482601809, -0.0078031240095245633, 0.010948663088385683, 
-0.021357962244614292, -0.033864011725440214, 0.019896124168179763, 
-0.009723348728443517, 0.0089349919507433727, -0.0054319847481492118, 
0.00351838986993318, 0.0061660713129778801, -0.026933649713440599, 
-0.021851847792893061, 0.0015244243586805101, 0.010832751181591783, 
-0.0044941385735191141, -0.0049105723725411856, -0.0030869997291016475, 
0.0046181464025983202, -0.0034344130594994283, 0.0074348121550346464, 
-0.0063560281664110088, 0.051343838412778627, -0.00083911399461492108, 
-0.0023508514205825741, 0.0032112844550187341, 0.0090470921698263818, 
0.046152612463315278, 0.0090425285418599833, -0.009723348728443517, 
-0.0088149699237374951, -0.0014421712484218026, -0.016064527078898758, 
0.00096714808954804013, -0.0049935494319383131, 0.016852723832531426, 
0.033546252106071657, -0.030743174769065993, -0.018442998155295903, 
-0.00093232453012950692, 0.0031993307761931304, -0.0058445660710433863, 
0.01133426829286987, 0.0076104173511654747, -0.0061848739359990981, 
-0.069412280420278777, -0.011177900846227782, 0.0044594453572679299, 
-0.0023458954436203429, 0.015044589026242916, -0.0074565102930618009, 
-0.010643360415171334, -0.00081558758425848209, 0.0089349919507433727, 
-0.0014421712484218026, -0.0092035902738035608, -0.006724343214437465, 
-0.0033627330341305414, 0.0081182388890663204, -0.01079485651930303, 
0.016293798237415558, 0.010485749326504984, 0.010121885235098606, 
0.0040819693026420151, 0.0086218185463038735, -0.004490598035941951, 
0.012175551550749491, 0.00012794687042479928, 0.0099211414438369061, 
0.10760942086548872, 0.075665139192857347, 0.0020063766263044456, 
0.01324681227197291, 0.016746072520341614, 0.003173877010276474, 
0.0047263401817984572, 0.010256954406873143, -0.0054319847481492118, 
-0.016064527078898754, -0.006724343214437465, -0.013061778451828113, 
-0.0066529260052416326, 0.002385730996093652, -0.015028838559740354, 
0.010572075137245583, -0.013898352629327435, -0.0097430914394006883, 
-0.0024932817257354435, -0.003007146943415443, -0.0012377605511427003, 
0.0055937908998876431, -0.0010720755850883877, 0.00084951387963859166, 
-0.087571365178989793, 0.0037869961243615241, 0.0021076786088190754, 
-0.002856139726935672, -0.0018178555749756328, -0.0036797382248439474, 
0.051146021030595436, -0.0039203515771913545, 0.00351838986993318, 
0.00096714808954804013, -0.0033627330341305414, -0.0066529260052416326, 
0.0017838639224764126, -0.0044161528796391424, 0.020737230371324238, 
0.010348844083863813, -0.0035610310367269324, 0.017598074720922875, 
-0.0010691916821687218, -0.0020914634882422331, -0.0074432733193527962, 
0.0033668930204373182, -0.0056933824618811508, 0.0023888063365135998, 
0.011763661656940131, 0.039602271108007618, -0.0031919241876489754, 
-0.00437201323597383, 0.0013238763901655879, 0.00054851826420959865, 
0.047621142942355789, -0.0025910129552181647, 0.0061660713129778801, 
-0.0049935494319383131, 0.0081182388890663204, 0.002385730996093652, 
-0.0044161528796391424, 0.014370694682135018, 0.0041884299865321837, 
0.011635846033057118, -0.0055334763849547147, -0.0041448563603293772, 
0.00063243195952922726, -0.0017345353723123916, 0.002381097540650749, 
0.0064943116330478659, 0.0058467841117438232, 0.0040029204864041939, 
0.015498277021382956, -0.05414547909822167, 0.00087584570023899091, 
-0.0015191849210150778, -0.0023335533879757517, 0.0013905418367155104, 
-0.053009649023876851, -0.072053925596036933, -0.026933649713440602, 
0.016852723832531426, -0.010794856519303031, -0.015028838559740354, 
0.020737230371324238, 0.0041884299865321837, -0.059894479358959356, 
-0.029560617637365155, -0.050282181192876467, 0.00034693263003508985, 
0.01266518715292759, 0.008231472727926745, 0.0041040627439783489, 
0.016799278921893139, -0.0022297376120968418, -0.013528121986496531, 
-0.042294468887577645, -0.047663879341436295, 0.0029172450672440521, 
0.0036825710157921522, 0.0031652508612672677, 0.0039261845224704273, 
0.021041379200660446, -0.0071422522805420765, -0.021851847792893061, 
0.033546252106071657, 0.016293798237415558, 0.010572075137245585, 
0.010348844083863813, 0.011635846033057118, -0.029560617637365151, 
-0.0035494927032805245, -0.012887001611585503, -0.0059744418274394187, 
-0.0090439973391092526, -0.00052417446703987669, -0.00123477296342337, 
0.0063646140055103051, 0.0031172106064780323, 0.017335836321538095, 
-0.016530660327778876, -0.044262401594202298, -0.0044263537806987253, 
0.0084513625428342398, 0.019270765836218201, -0.0076276675616990652, 
-0.081903080758414959, -0.071605232462539151, 0.0015244243586805101, 
-0.030743174769065993, 0.010485749326504984, -0.013898352629327435, 
-0.0035610310367269324, -0.0055334763849547147, -0.05028218119287646, 
-0.012887001611585501, -0.028179188392404787, -0.017348635248977215, 
0.0057792900129891222, -0.0074237939447576598, 0.0069609277140567482, 
0.0052786141041071067, -0.017972925181134004, 0.012175397156521436, 
-0.032965118133054014, 0.17174916770594081, -0.013936143190193151, 
-0.0033032090118141899, 0.024587423984057687, -0.0030880611323333617, 
0.027795939218945069, -0.0063004211625927323, 0.010832751181591785, 
-0.0184429981552959, 0.010121885235098606, -0.0097430914394006883, 
0.017598074720922875, -0.0041448563603293763, 0.0003469326300350899, 
-0.0059744418274394187, -0.017348635248977215, 0.010169295214782001, 
-0.0023672164627633291, -0.0053935945469842251, 0.0069478555917879452, 
-0.0053269481322908204, 0.0010461983296305706, -0.0016973302653570551, 
0.014679454949085917, 0.047877332954915655, 0.00050644971774630766, 
-0.0078684299607295598, -0.0098958118441997301, -0.012545628343892732, 
0.0096075625430506965, 0.015652244499006495, -0.004494138573519115, 
-0.00093232453012950692, 0.0040819693026420151, -0.0024932817257354435, 
-0.0010691916821687221, 0.00063243195952922726, 0.012665187152927592, 
-0.0090439973391092526, 0.0057792900129891214, -0.0023672164627633291, 
-0.0028438281418345346, -0.00026489604555275924, 0.00069842140119795069, 
-0.0035397978095656163, -0.0011652755145027756, -0.0038003593796328539, 
-0.016248991833080033, -0.010213788128192807, -0.0026863336060412124, 
-0.0008103990850433342, -0.0026321435088562791, -0.0004727777619018879, 
0.018438480835684005, 0.0090390959935709118, -0.0049105723725411847, 
0.0031993307761931304, 0.0086218185463038735, -0.003007146943415443, 
-0.0020914634882422331, -0.0017345353723123918, 0.008231472727926745, 
-0.00052417446703987669, -0.0074237939447576598, -0.0053935945469842242, 
-0.00026489604555275924, 0.00078761599698726529, 0.00063174171247010907, 
-0.0021967780641746855, -0.0030313597384035509, -0.0039950258068895926, 
0.013285006130143851, -0.0089247149390501244, 0.0016286861081675559, 
-0.0017160439759376683, -0.002749883151384535, 0.002339880880876524, 
0.024297549557828767, 0.017341177188245259, -0.0030869997291016475, 
