structure(c(-0.024851487529926927, 0.0077255552740086407, 0.0087878223962155159, 
-0.020214497269163665, -0.020040677169048039, -0.014681436729820837, 
0.0157584359182933, -0.015120589069171322, -0.038071812810194096, 
-0.020470131709541834, -0.019534897419988682, -0.016436214050134793, 
-0.00073754746987173751, 0.0004637213628856967, 0.0036078695132018969, 
0.0017969721607261225, -0.0018124525423836653, -0.015949414332294326, 
0.029968167901460091, 0.033353568366490498, -0.00080182492268491222, 
0.0027174008392745717, -0.0075974259742824738, -0.0046766752152259498, 
0.0077255552740086407, 0.021119609337556976, 0.0046471731802310168, 
0.0034148577460699501, -0.00032198191673047391, -0.0050636278890397223, 
0.0076611861583427794, -0.004628969575985682, -0.0028811837798727829, 
-0.015702341474160695, -0.014488894270515508, -0.0047029844248103036, 
-0.00036232772713204865, 0.0015593823440818453, 0.0047331790370668311, 
0.0097238507312518551, -0.00038701477731864774, -0.0059105607498530091, 
0.015220525209927858, 0.028615614357945879, -0.0012688617714982139, 
0.014465559892261838, 0.00012816287684358084, 0.0064415599694216926, 
0.0087878223962155159, 0.0046471731802310168, -3.2451925025944901e-06, 
-0.0025318123570088505, -0.008907568719452889, 0.0025148833548202737, 
0.00070164351557430694, 0.0014701711761353679, -0.0067352275326735839, 
-0.001496888828946716, -0.0023240404518436787, -0.0050744006702696095, 
-0.00025877619428129418, -0.001699703101877201, 0.0019520668931969568, 
-0.0016092917844062868, -0.00070638335048838039, -0.00043258087854916133, 
-0.0014392997822738913, 0.0036215419420330742, -0.00078639567537744858, 
-0.0024726734499688407, -0.0033840696250427914, 0.0005157953841969543, 
-0.020214497269163665, 0.0034148577460699501, -0.0025318123570088509, 
0.0033656479227396285, 0.00033754377368684548, 0.0030647696174441693, 
0.0017456724313182261, -0.002980552693506651, -0.010671224097725947, 
0.0030165168326096066, -0.0085005884335092666, -0.0019560634116366758, 
-0.0012567084162908384, -0.0014632205732694433, -0.0010112450848667025, 
-8.5762178697915253e-05, 0.0026527713289101239, -0.0025659318762445357, 
0.024144556887456824, -0.00028299488265378666, 0.0022688528844554824, 
0.0035946930880370325, 0.0030858589269179061, 0.0001993068833311389, 
-0.020040677169048043, -0.00032198191673047391, -0.0089075687194528873, 
0.00033754377368684548, -0.0019337815053402057, -6.4936888808883944e-05, 
0.0037362069614423087, -0.0035867049863176326, -0.015861215924092401, 
-0.0020078081393213056, -0.0060972217504346813, -0.0070626591705592245, 
-0.0027647014282079522, -0.0019389937002053162, 0.0023756089084048682, 
0.0019605056499536612, 0.0017526798929128065, -0.0031818201500894852, 
0.014323257521449494, -0.01076443020781951, 0.00088213913559824215, 
-0.0011628505397135544, 0.0054168495045422357, 0.005158567395819518, 
-0.014681436729820837, -0.0050636278890397223, 0.0025148833548202737, 
0.0030647696174441693, -6.4936888808883944e-05, 0.0016267918196978621, 
0.0026809612800295173, -0.00068254334525509467, -0.00052233015298389117, 
-0.0014237548185722546, -0.00047254846366415182, -0.0005002201789255867, 
0.0021295770538857554, 0.0039809231515619808, 0.0016473006967348239, 
0.001273190770679672, 0.0041478505992415616, 0.0030634391098923004, 
0.020748284246239829, -0.0052557386714744822, 0.0092899547566901476, 
0.004463997891065827, 0.0088591943379433477, 9.1978961619151053e-05, 
0.0157584359182933, 0.0076611861583427802, 0.00070164351557430694, 
0.0017456724313182259, 0.0037362069614423087, 0.0026809612800295169, 
-0.00088188716789600497, 0.0015411044604682525, -0.00058191288613367899, 
-0.00041137405305150389, 0.00091728489997706486, 0.00096046836815128292, 
0.00016862614178041359, -0.00021885410260306243, -0.0029299344225195683, 
0.0026815822039570579, -0.0024704418514530863, -0.0018584657781002931, 
0.022666404462539199, -0.014724539705924177, -0.0066856414421970697, 
-0.0022780758021273503, 0.0005600466495516473, 0.0013458563574241808, 
-0.015120589069171323, -0.004628969575985682, 0.0014701711761353679, 
-0.002980552693506651, -0.0035867049863176331, -0.00068254334525509467, 
0.0015411044604682525, 0.0048321599777157486, -0.0130526682979668, 
0.00016215770554627425, 0.00092044669281688611, 0.001956832601562332, 
-0.00055939706779565743, -7.1988726433788735e-05, 0.00079205456673303001, 
0.00052258448850307489, -0.00020649740680414618, 0.0024832054144768093, 
0.012252381803706901, 0.0026624183823693204, 0.0019758642738944799, 
0.0018048964619100036, 0.0061181300015373374, 0.0033356466135140584, 
-0.038071812810194096, -0.0028811837798727829, -0.0067352275326735839, 
-0.010671224097725947, -0.015861215924092401, -0.00052233015298389117, 
-0.00058191288613367899, -0.013052668297966802, -0.010270054985134515, 
-0.016620293035486237, -0.0062988205059347187, -0.0091076817869263152, 
0.0052524568099582974, 0.0064068643748431868, 0.0056146197371871988, 
0.0041497872498885268, -0.0044738483081160577, 0.0058350123558221067, 
-0.075827504603267537, -0.037589042034487721, -0.00010624010365798722, 
0.01113053059560749, 0.0057846020550753894, 0.0083508352865365974, 
-0.020470131709541834, -0.015702341474160695, -0.001496888828946716, 
0.0030165168326096062, -0.0020078081393213056, -0.0014237548185722546, 
-0.00041137405305150383, 0.00016215770554627425, -0.016620293035486233, 
-0.0097536019740740755, -0.020437853227941484, 0.0024605912898685717, 
0.0016149956916144174, 0.002615973008070354, -0.0021365645652309134, 
0.0076922044649248055, -0.0021086347795820541, 0.0026553326482629779, 
0.0411942921117113, -0.014679795405675884, -0.0020735428696617804, 
0.0026033633285816346, 0.0055503128120042251, 0.0054795352618033531, 
-0.019534897419988678, -0.01448889427051551, -0.0023240404518436782, 
-0.0085005884335092666, -0.0060972217504346813, -0.00047254846366415188, 
0.00091728489997706486, 0.000920446692816886, -0.0062988205059347187, 
-0.020437853227941484, -0.032684022966341819, -0.0093507157835890486, 
0.0028484312505892453, 0.0027503487835616623, 0.0062993022661519387, 
0.0067720861424361853, -0.0010592537803902067, 0.0058971212694116371, 
0.0025980842147867219, 0.029053253421860249, 0.0038938264385090498, 
0.0072496521379244493, 0.0037505068803060271, 0.0044435137256808163, 
-0.016436214050134797, -0.0047029844248103045, -0.0050744006702696104, 
-0.0019560634116366758, -0.0070626591705592254, -0.00050022017892558659, 
0.00096046836815128281, 0.001956832601562332, -0.0091076817869263135, 
0.0024605912898685717, -0.0093507157835890486, 0.0086505396934854397, 
-0.0038791638352232071, 0.0016995867066567909, -0.0003703618885124588, 
-0.00066613844534158472, 0.0041803680465432114, 0.0040607122162701452, 
0.022886928822790403, -0.019280635383860909, 0.0021118332065337185, 
0.0021363050308303281, 0.0035689795675515426, 0.0031413237580489219, 
-0.00073754746987173762, -0.00036232772713204871, -0.00025877619428129418, 
-0.0012567084162908384, -0.0027647014282079522, 0.0021295770538857554, 
0.00016862614178041356, -0.00055939706779565743, 0.0052524568099582974, 
0.0016149956916144174, 0.0028484312505892458, -0.0038791638352232067, 
0.00046538260048439021, 0.00036461491678791254, -0.0023734375371580563, 
-8.2258643373728734e-05, 0.00054989528929462125, -6.2641342713835012e-05, 
-0.0057278178985277579, 0.0083955996055820586, -0.00099547007186739206, 
0.00017907958642848228, 0.00036920082386867275, 0.0029135822592637802, 
0.00046372136288569675, 0.0015593823440818453, -0.0016997031018772012, 
-0.0014632205732694433, -0.0019389937002053164, 0.0039809231515619816, 
-0.00021885410260306243, -7.1988726433788735e-05, 0.0064068643748431868, 
0.0026159730080703536, 0.0027503487835616627, 0.0016995867066567909, 
0.00036461491678791254, 0.00019955390646689627, -0.0020862153845187192, 
0.0010827126480062383, -0.00022818713631347229, 4.3900920213749564e-05, 
-0.0035440035267114297, 0.0055370974500482039, -0.0015574547644606235, 
