structure(c(0.031224979650862919, 0.11338171597864691, 0.082360401843359771, 
-0.034421885093788594, 0.070234011799938378, 0.00040090716538815921, 
-0.001161211269921521, -0.010038131207840162, 0.071026631476397081, 
0.081283972734818119, 0.07905220467730556, 0.0027408263195548115, 
0.022096672142704412, 0.02845000918901033, 0.018935601465955923, 
-0.0022148730953230928, 0.012497371092884632, 0.011579349909020388, 
-0.077322010934049681, -0.0067827188428993658, -0.011914618745988367, 
0.012453744140624999, -0.0013086964585972418, 0.022197565327727785, 
0.11338171597864689, 0.11874668380136269, -0.010744681235967515, 
0.033889496948507715, 0.057985811599019763, 0.0082884076421619705, 
-0.010128068941556575, 0.0029030518379354266, 0.030586989729598106, 
0.050298077956282439, 0.014553990126259183, -0.029843551194632653, 
0.014399028802285002, 0.021297082672997184, 0.011977668045755554, 
-0.014907068726723868, 0.0098287600029875119, -0.0039047718368920179, 
0.039249394584482962, -0.1069451325210001, 0.0091290876562078859, 
-0.014387842013299968, -0.010105540783473791, -0.019250805527404335, 
0.082360401843359771, -0.010744681235967514, -0.012927493464360704, 
0.0013018230512731046, -0.0048983044231365926, -0.0029362706255299312, 
0.012771294349339189, 0.0038327076056193649, 0.021947529688354107, 
0.0094335215463545279, 0.047905653266897261, -0.0054211288517792295, 
0.0047430778527677549, 0.0040344340845141482, 0.0036104605540099458, 
-0.0011883835253727716, 0.0099489114951640794, -0.0049564999233589141, 
-0.058002034980368287, 0.019647068474212163, 0.0033406420310873944, 
0.0067507112411079205, 0.0015590211878750107, -0.0045063670811700488, 
-0.034421885093788594, 0.033889496948507715, 0.0013018230512731046, 
-0.022102869820662001, -0.0074084102637200803, 0.015524361792603331, 
-0.0036058461374646818, 0.0046861117196093423, 0.033542739491832264, 
-0.012706906725783592, 0.013147900437768105, 0.00074771430087812213, 
0.0075133443405582109, 0.006637123087123064, -0.0001770538324208273, 
-0.0065262814962769068, -0.015699486889536117, 0.0046665379009651784, 
0.10326174625815647, -0.0069067875542609871, 0.0063946461128481999, 
-0.0048461066303917581, 0.0027655233143608553, 0.016997183402302864, 
0.070234011799938378, 0.05798581159901977, -0.0048983044231365926, 
-0.0074084102637200803, 0.0033910041641549878, -0.00080365296321441358, 
-0.0036425066405373612, -0.0054316304523672971, -0.014871884476784704, 
-0.0087165331576655423, 0.025378873296871132, 0.0040500769715846761, 
0.0065815160192182849, 0.0066236205112294565, -0.00087582335405581382, 
-0.0019884158107667852, -1.1581653150958928e-05, -0.028715512893712936, 
-0.19442344195961553, 0.037755134064773009, 0.0031526099933138043, 
0.0039278037268482158, 0.0071454305433308911, -0.0036370532411711429, 
0.00040090716538815916, 0.0082884076421619688, -0.0029362706255299312, 
0.015524361792603331, -0.00080365296321441358, -0.011376430840514911, 
-0.0039210681879412847, -0.0033537055788949092, 0.035736455398783278, 
0.0030380617614975004, 0.029792936157047544, -0.017062237373860676, 
-0.0072389891973847339, -0.0053143431545806617, 0.0036646043177581923, 
-0.0027976188241460214, -0.0029339039168893776, 0.0063052480208657816, 
-0.12562779120638448, 0.066142789127760171, -0.00449214663868828, 
0.0028226354905111725, -0.0049662146842240898, 0.014557783932965701, 
-0.001161211269921521, -0.010128068941556573, 0.012771294349339189, 
-0.0036058461374646814, -0.0036425066405373612, -0.0039210681879412847, 
0.0072341619904407956, 0.0019202542586445653, -0.01363763998027832, 
-0.009131960373901838, -0.015703445448819336, -0.0044588664244915267, 
0.008146850146887142, -0.0010818797612004005, 0.0047129739097751455, 
0.007208069333011909, 0.011635599744348833, 0.0028299365627751957, 
0.010336295084824329, -0.059047420767863547, 0.012045029281104336, 
0.0035212608318562944, -0.002837932611588722, 0.0049875892338949093, 
-0.01003813120784016, 0.0029030518379354266, 0.0038327076056193649, 
0.0046861117196093423, -0.0054316304523672962, -0.0033537055788949092, 
0.0019202542586445653, -0.014883693331002425, 0.0011818106238349238, 
-0.0154644429665771, 0.016342528314735847, -0.0095815194340919362, 
0.0098164138372454132, -0.00073222115510044369, -0.0033484705632284427, 
-0.020007822468639046, -0.0091796531380288204, -0.019832253251700998, 
-0.036754714174759374, 0.037083334728743207, -0.014786428345709521, 
-0.0085499403736757056, -0.015235637793676255, -0.0056285407614193742, 
0.071026631476397081, 0.030586989729598106, 0.021947529688354107, 
0.033542739491832264, -0.014871884476784704, 0.035736455398783278, 
-0.013637639980278319, 0.0011818106238349238, 0.049578877281987448, 
0.07322670128036525, -0.0037216707830628488, -0.014229512039253777, 
-0.012911867320398564, -0.0090201997483144447, 0.023990408398429825, 
-0.0041104502938750787, 0.018996359419416128, 0.018290277408667462, 
-0.065145897974563868, -0.099423258762640188, 0.0078078257055102813, 
-0.011223107312639525, -0.0052709897003702794, -0.016737598158394117, 
0.081283972734818119, 0.050298077956282446, 0.0094335215463545279, 
-0.012706906725783592, -0.0087165331576655423, 0.0030380617614975004, 
-0.0091319603739018363, -0.0154644429665771, 0.07322670128036525, 
-0.051045769971093738, 0.018658469247447993, 0.0017022429292403759, 
-0.016850063088822299, -0.010187335623443773, -0.0018386635224942756, 
-0.0077476289744709964, 0.0093889873738862446, -0.0050304825013376938, 
-0.010253732853177383, -0.035875604431051825, -0.010705431522325181, 
-0.017539311510715222, 0.0023830584805107657, -0.0026636602392290662, 
0.07905220467730556, 0.014553990126259185, 0.047905653266897268, 
0.013147900437768105, 0.025378873296871135, 0.029792936157047544, 
-0.015703445448819332, 0.016342528314735847, -0.0037216707830628488, 
0.018658469247447993, 0.04006833861132629, 0.013710825349743654, 
-0.00013613499048145423, 0.0017732140664979384, 0.012471222272709054, 
-0.02635913929886094, -0.0014345767341550665, -0.027035675109121755, 
-0.015949159636636959, -0.073404945368521518, -0.0058376050234789792, 
-0.0091221093597512286, -0.013355922207215494, 0.021997627749980344, 
0.0027408263195548115, -0.02984355119463265, -0.0054211288517792295, 
0.00074771430087812224, 0.0040500769715846761, -0.017062237373860676, 
-0.0044588664244915258, -0.0095815194340919344, -0.014229512039253777, 
0.0017022429292403757, 0.013710825349743654, -0.0038023370248210973, 
0.0028345944299194036, -0.003157787802801276, -0.0072414000924082246, 
8.8219329286585388e-05, -0.0045575123707436811, -0.0038194495125517011, 
-0.040998221751686797, -0.040306466648847648, 0.010936745764145619, 
-0.0053433719560648943, 0.0029357912995085808, 0.00062998629377485115, 
0.022096672142704412, 0.014399028802285002, 0.004743077852767754, 
0.0075133443405582109, 0.006581516019218284, -0.0072389891973847339, 
0.008146850146887142, 0.0098164138372454132, -0.012911867320398564, 
-0.016850063088822299, -0.00013613499048145423, 0.0028345944299194041, 
0.0037186447960454528, -0.002361808470164838, -0.0061236740841826894, 
-0.0031994853407010392, -0.0024072246593354212, 0.0033623187096523083, 
-0.020021114973490149, 0.0036039973937613177, 0.0040331232832260221, 
-0.0049809005371527441, -8.0845241436493075e-05, -0.00098511262286038242, 
0.028450009189010327, 0.021297082672997184, 0.0040344340845141482, 
0.006637123087123064, 0.0066236205112294565, -0.0053143431545806617, 
-0.0010818797612004005, -0.00073222115510044369, -0.0090201997483144447, 
-0.010187335623443773, 0.0017732140664979386, -0.0031577878028012764, 
-0.002361808470164838, -0.0049604930164388944, -0.0038404190649278256, 
-0.0029828862035678801, -0.006441405297541016, 0.0034559680534447445, 
-0.014204759208424693, 0.018704087839095378, 0.003301788700257166, 
-0.0028314131357446357, 0.0031928609291496856, -0.0039401088326506571, 
0.018935601465955923, 0.011977668045755552, 0.0036104605540099458, 
-0.00017705383242082732, -0.00087582335405581393, 0.0036646043177581927, 
