structure(c(0.038626959588575725, -0.0030333474976522558, -0.005887808655498373, 
0.014628035546503416, 0.00077853006727299061, 0.0049051575697264182, 
-0.024428173102377094, 0.0076902782092416683, -0.011239803648716398, 
-0.0073908032706182028, -0.0080621730797294251, 0.0034260689957208977, 
-0.0024388922914499885, 0.0013138585809989675, 0.0050064260934158536, 
0.0060080629879635788, 0.018419423699396819, 0.0095028213982448796, 
0.036780525178663356, 0.092688352406049404, 0.015038190039908703, 
0.0063624793686201855, 0.015656020963207166, 0.0038076414290889016, 
-0.0030333474976522558, 0.02834505752859641, -0.0040708006750567825, 
-0.018922584064480392, 0.0087218734459878055, 0.0093062706732895423, 
0.0013407196103437048, 0.014536718907826414, 0.025246391764027831, 
0.00060381947204242751, -0.013126481130492614, -0.018393821997547976, 
0.0074178870900139145, 0.0073121723273767989, 0.0012254777023284879, 
0.0098753576743617448, 0.0080309430145008055, -0.010420838469416275, 
0.11590619275813821, -0.017203457436966114, 0.012406328370389635, 
-0.012036641533333715, -0.0016231722476646394, -0.0012520865347647621, 
-0.005887808655498373, -0.0040708006750567825, 0.00050653335047243372, 
-0.013860472587654996, -0.016908371587119692, -0.0048922173521034236, 
0.0044288604775704473, 0.0011841345582355692, -0.0042492370618708464, 
-0.010901279502169061, -0.020006023470487685, -0.0078129962994228815, 
-0.0012059430780675107, -0.00028022811027342227, -0.0042619248708310568, 
-0.0045801802563797383, -0.0050108603921954183, -0.005265337007842371, 
-0.086988294558287702, 0.012993109890405054, -0.011726106359968682, 
-0.0090210714643256338, -0.0051920115403436369, 0.0055821524416755685, 
0.014628035546503416, -0.018922584064480396, -0.013860472587654996, 
0.0052948374146535582, 0.0038786315424892987, 0.0059052544756555657, 
-0.00015493513107425486, -0.001548377026430307, 0.0073250258907674587, 
0.0014278602920977581, -0.0086641818752026291, -0.0052995647157938483, 
0.00097426766234790766, -0.00020441782291178982, 0.0049050614238048797, 
0.0040436884478254236, 0.00037216346761160716, -0.0029849917222483746, 
0.049066076818786795, 0.00078812938335516634, 0.0035872181284455937, 
0.00029351866439136673, 0.00040068606447072084, -0.0049132684158328232, 
0.0007785300672729905, 0.0087218734459878055, -0.016908371587119688, 
0.0038786315424892987, -0.016164392729728149, 0.008801839118604082, 
0.014755193274233374, -0.0055836838575798863, -0.03732888785467265, 
0.014939953172722341, -0.016209193086657112, 0.0090117292125291744, 
0.002608068704325586, 0.0042705910012853284, 0.0011896354472033834, 
-0.0054751571280322415, -0.0029572665187586763, -0.0089633599900439051, 
-0.057265554627369861, 0.037805299605592042, 0.0069776482503307721, 
-0.0044030627587058205, -0.0033797805649607273, -0.0041699167154056324, 
0.0049051575697264182, 0.0093062706732895441, -0.0048922173521034245, 
0.0059052544756555666, 0.008801839118604082, 0.001958446719806369, 
0.0061703440395515221, 0.0013273145701861611, 0.015750348133657686, 
-0.0046559008793405536, 0.030972467937394881, -0.0033107517745764497, 
-0.00011743146086555981, 0.00081710736748057057, -0.0049141308316651665, 
-0.0050036276023440879, -0.004990731791205882, 0.0042378792677846442, 
0.012414133719294063, -0.037881180389578342, 0.0032537339161979877, 
0.002884958492327735, 0.0014665573499189107, -0.0028299357381004219, 
-0.02442817310237709, 0.0013407196103437046, 0.0044288604775704465, 
-0.00015493513107425486, 0.014755193274233374, 0.0061703440395515221, 
0.0076013966836503384, -0.0014676535422970176, -0.002525496611828821, 
-0.0028976676658789202, 0.010599388159136171, -0.010638455675643223, 
0.0011557573374888701, 0.0037725842105376171, -0.0017189195524153528, 
-0.0014055042418892475, -0.0061793932765653436, -0.0052944954806422202, 
-0.00082674223087259415, -0.03059666269241329, -0.0078032930342658968, 
-0.0046620232061846227, -0.0027001877910207786, -0.0040805374547452609, 
0.0076902782092416683, 0.014536718907826414, 0.0011841345582355692, 
-0.001548377026430307, -0.0055836838575798863, 0.0013273145701861611, 
-0.0014676535422970174, 0.0086086898032755425, -0.0032206595065435517, 
0.020839753453294523, 0.00015534061760222101, 0.0043816547243420755, 
-0.00088848842493388983, -0.00072137455711700986, 0.0030201233478908511, 
-0.001119104611117925, -0.0034725891942551336, -0.00072519020594403951, 
0.0028145479290398825, 0.0079148223968300499, 0.0042676546097735269, 
0.0013996821690256509, -0.00072316490695358915, -0.0019297483185396773, 
-0.011239803648716396, 0.025246391764027831, -0.0042492370618708464, 
0.0073250258907674587, -0.037328887854672643, 0.015750348133657686, 
-0.002525496611828821, -0.0032206595065435517, -0.025168838415263302, 
-0.015507576693803721, 0.016987375636691757, -0.013280330142123091, 
0.0022803943482773434, 0.0037609792964333651, 0.0014011103659676988, 
-0.0028493398756652571, -0.0060900948738806214, 0.0049014343143479163, 
-0.0023857795566616445, 0.041527480100263504, 0.015131721625728576, 
-0.011069622596886357, -0.012584913567614452, 0.00024742834388210899, 
-0.0073908032706182019, 0.00060381947204242751, -0.010901279502169061, 
0.0014278602920977583, 0.014939953172722341, -0.0046559008793405536, 
-0.0028976676658789197, 0.020839753453294523, -0.015507576693803721, 
-0.0037033897919925649, -0.0068875641921024499, 0.013283655902268899, 
-0.0023859737032550436, 0.0019579141735128016, -0.00057572582062879779, 
0.0011075792821831996, 0.00899523220885152, -0.00073544839191776461, 
-0.042749258821721856, 0.023550860577867271, -0.001830571838413929, 
-0.0022754167250974848, 0.0046703466038354059, -0.006939528756781381, 
-0.0080621730797294268, -0.013126481130492614, -0.020006023470487681, 
-0.0086641818752026308, -0.016209193086657112, 0.030972467937394881, 
0.010599388159136173, 0.00015534061760222101, 0.016987375636691754, 
-0.0068875641921024508, -0.059575299515238427, -0.0027357019229608732, 
0.0056951040466673847, 0.0088253598042936695, -0.00012494229685114906, 
0.001679883084073111, 0.003643393954943007, 0.0078489174551763328, 
-0.042983161803430363, -0.048185480609174533, -0.0027733753985525003, 
0.0059786569184982815, -0.0074443330985975564, 0.01000865134872117, 
0.0034260689957208981, -0.018393821997547976, -0.0078129962994228815, 
-0.0052995647157938483, 0.0090117292125291727, -0.0033107517745764497, 
-0.010638455675643223, 0.0043816547243420755, -0.013280330142123091, 
0.013283655902268897, -0.0027357019229608728, 0.003787928795817172, 
0.00099052869654720258, 0.00023795869196817731, -0.0040992394442333309, 
-0.012255559065408999, -0.0013330830773692552, -0.014836391743819165, 
-0.0095538853280167091, 0.026500612947905747, 0.00045724360852395413, 
-0.0022153162086801697, -0.0021191326207584903, -0.0008820869469442651, 
-0.0024388922914499885, 0.0074178870900139153, -0.0012059430780675105, 
0.00097426766234790766, 0.002608068704325586, -0.00011743146086555979, 
0.0011557573374888698, -0.00088848842493388983, 0.0022803943482773439, 
-0.0023859737032550436, 0.0056951040466673847, 0.00099052869654720258, 
0.00038817303981038986, 0.00041151359897918474, -0.00057464914584974677, 
-0.0022036163631051924, 0.0021521566989837525, -0.0022346829855047954, 
0.012811657531385289, 0.013614564696452424, -0.0029250918004613295, 
-0.0027280544237801587, -0.0023662077609557367, 0.0023438710274310353, 
0.0013138585809989675, 0.0073121723273767989, -0.00028022811027342233, 
-0.0002044178229117898, 0.0042705910012853284, 0.00081710736748057057, 
0.0037725842105376167, -0.00072137455711700986, 0.0037609792964333651, 
0.0019579141735128016, 0.0088253598042936695, 0.00023795869196817731, 
0.00041151359897918474, -0.00028206018631758597, 0.00046886110256416424, 
-0.0010898632326996152, 0.0040805659171772425, -0.0019252627856405746, 
0.012445569506212161, 0.02248463283879553, 0.0015816705730647784, 
0.0015159097472868398, -0.00079937448480211777, 0.00052836801193820561, 
