structure(c(-0.09133964197479004, 0.027201864911774145, 0.0037791625217095852, 
0.0020557976267651834, -0.091923255268210269, -0.018739678035857243, 
0.026670964835054198, 0.008890742765731768, -0.036753076109391318, 
0.03582928596556452, 0.022627885203235797, -0.01609589450335866, 
-0.0058726474863443597, -0.00051588506269065388, 0.0059929010371617339, 
-0.0046465371912540769, -0.043165240170085134, 0.017448552802713738, 
0.13939552379390951, 0.016482829393331618, 0.021193426124637635, 
0.015574843573744385, 0.0088913967453193455, 0.0059923397456851562, 
0.027201864911774145, -0.008785888486063204, -0.0044745334697963114, 
0.0090002617641734336, -0.0029047638512302108, -0.010410904621893438, 
-0.009398539886934858, -0.0062989961581799451, -0.022173238888175812, 
0.016923484201367568, 0.075724818432905613, -0.015623870581834984, 
-0.0062551528557224382, -0.0093517034912965272, 0.021925488616023787, 
-0.015463189112463326, -0.02210148183521438, 0.04999307984026221, 
-0.13033498017555004, -0.045579802505474318, -0.013507376953586994, 
0.027725115895187419, 0.00070707949179578346, 0.043337798970575374, 
0.0037791625217095848, -0.0044745334697963105, -0.058873947078050465, 
0.041620563170854871, 0.0026544943341395687, 0.0044548185704383798, 
-0.019714177068666162, 0.0013437731843752175, -0.018908478803733107, 
-0.015661228572882515, -0.0050295360224246743, 0.024010615612912983, 
0.017437599477047684, 0.020671078688833729, 0.020460886280596419, 
0.0029468166569218239, 0.0072329913834786623, -0.0041054766207010559, 
0.051077790945671872, -0.011949432934743027, 0.002379125926004446, 
0.0095118147423240516, 0.010562496538728044, 0.0082397118900830214, 
0.0020557976267651834, 0.0090002617641734353, 0.041620563170854871, 
-0.048336581970650612, -0.007753153792860114, 0.0087929768084193637, 
0.0019804683279339079, 0.0053724714285487566, 0.015187736633455321, 
0.020942142659355671, 0.06342404634308442, -0.0061381160483327396, 
-0.0047514065483761636, -0.0027537444520447226, -0.019701065897116114, 
0.0083121216381717121, -0.0025925301110240676, 0.018445676591000656, 
0.047638114363011762, 0.022180433918140865, 0.0073902526452648051, 
0.01823783701662542, 0.00096685513791738473, -0.00077949110980444027, 
-0.091923255268210269, -0.0029047638512302108, 0.0026544943341395683, 
-0.0077531537928601131, 0.027475407600019597, -0.0056886985556115384, 
-0.042569754199397257, -0.012977274290834008, 0.02909174619981976, 
-0.042460860324710387, -0.024833091544966778, -0.020227324657001194, 
-0.0055520987605956439, -0.0072937141795398723, 0.010866795321930005, 
-0.0035059039888661069, 0.00089144177152093262, -0.0035057608858432942, 
-0.044731270954015773, -0.0087628336605296182, -0.035437711193633238, 
-0.0039556761992694577, -0.0011869409607796835, 0.012032949508834793, 
-0.018739678035857247, -0.010410904621893436, 0.004454818570438379, 
0.0087929768084193637, -0.0056886985556115384, 0.0068116498393413884, 
-0.01730158597621189, 0.01086773989662097, -0.022829902211425689, 
0.02192577358156389, 0.014415163282042379, -0.010127155640435629, 
0.001991358878680489, -0.0060073044861233497, 0.010445117879289374, 
0.014830322039179637, 0.0084663323886289173, 0.0041677375137334962, 
-0.14048391171167035, 0.038742919469582179, -0.0093880153477870001, 
-0.0086134718362456744, -0.015985867910687634, 0.0099074767778092928, 
0.026670964835054194, -0.009398539886934858, -0.019714177068666166, 
0.0019804683279339079, -0.042569754199397257, -0.01730158597621189, 
-0.0025234707279409756, -0.0092143862274399781, -0.023923537767703288, 
-0.027638818139739903, 0.013721936214404411, 0.0051179671262093626, 
0.0067427995064994941, -0.00391420606093914, 0.0061199063251849576, 
0.0050104353269539931, 0.0099054084066309001, 0.0075045626630541049, 
-0.10389836244645052, 0.096204659852073521, 0.0048690178539800566, 
-0.0011463351337083138, 0.0011890691851195107, -0.0015419723441233637, 
0.008890742765731768, -0.006298996158179946, 0.0013437731843752175, 
0.0053724714285487574, -0.012977274290834008, 0.01086773989662097, 
-0.0092143862274399781, 0.0019789024887068166, 0.0022794648596946216, 
0.0019144371143913705, 0.0089274977013373159, 0.010555195798590608, 
0.0014966154693964358, 0.00033664471260394318, -0.0022133057164117624, 
0.0057711895433804651, 0.0050530288683245253, 0.0035599950157893263, 
-0.073345897908669577, -0.062674578550848417, -0.0083701042262949461, 
-0.005918356231983688, 0.0094734827125810203, -0.0022381594740130228, 
-0.036753076109391318, -0.022173238888175812, -0.018908478803733107, 
0.015187736633455321, 0.02909174619981976, -0.022829902211425689, 
-0.023923537767703288, 0.0022794648596946216, 0.18216716214221895, 
0.015320129186939747, 0.058315300482737323, 0.012406900046446321, 
-0.036029214220979974, -0.030068324633362987, 0.020446445720746654, 
-0.003207095444654346, -0.015288895354369361, 0.0059103640764601104, 
0.02594430733922741, -0.1206073321732531, -0.046797190617745267, 
-0.0036549230680088074, -0.018621461687387306, -0.024475129219773201, 
0.03582928596556452, 0.016923484201367571, -0.015661228572882512, 
0.020942142659355671, -0.042460860324710387, 0.02192577358156389, 
-0.027638818139739899, 0.0019144371143913705, 0.015320129186939747, 
0.018147053894094978, 0.024571721324431903, -0.038167687546607675, 
0.017071444280591687, 0.024757084461807556, -0.00076987662275193863, 
-0.022154015323600333, -0.017726612273815456, 0.0093361880250560914, 
0.17282940161160698, -0.056534050681375056, 0.019292791601254355, 
0.0088462040552460611, 0.007164698202638895, -0.00077949236722833315, 
0.022627885203235793, 0.075724818432905613, -0.0050295360224246743, 
0.06342404634308442, -0.024833091544966775, 0.014415163282042377, 
0.013721936214404411, 0.0089274977013373176, 0.058315300482737316, 
0.024571721324431903, 0.16220562835979713, 0.043035270779680189, 
0.012227678684572937, 0.016042019160689071, 0.0033208292142952889, 
-0.0075017539962654919, 0.0076000532858924875, 0.023144032660070916, 
-0.19962611015728912, 0.090735819694469533, -0.0083715305825895463, 
-0.006930197336642234, -0.017625288484739782, -0.025621675323207169, 
-0.01609589450335866, -0.015623870581834983, 0.024010615612912983, 
-0.0061381160483327396, -0.020227324657001194, -0.010127155640435629, 
0.0051179671262093626, 0.010555195798590608, 0.012406900046446321, 
-0.038167687546607675, 0.043035270779680182, -0.01359814140802244, 
-0.010976668977643829, -0.0015348799512445491, 0.010217173510720158, 
0.018620094450459736, 0.0014046736096786834, 0.014970482613105546, 
-0.04935647536064959, 0.035335505714899532, 0.0044647087542848711, 
0.0007612927078702211, 0.016759669880623464, 0.0070233772482474182, 
-0.0058726474863443588, -0.0062551528557224382, 0.017437599477047684, 
-0.0047514065483761636, -0.0055520987605956439, 0.001991358878680489, 
0.0067427995064994941, 0.0014966154693964358, -0.036029214220979981, 
0.017071444280591687, 0.012227678684572937, -0.010976668977643831, 
-0.0041328391514943667, -0.0032576716097604385, 0.0097858824092039894, 
0.0019292805809010779, -0.0044077918572072291, 0.0018660580564130148, 
-0.022623180020522077, -0.0021111084056344353, -0.0015185458463073162, 
0.0050449149579536055, 0.0009823315897740958, 0.00041483016382404665, 
-0.00051588506269065388, -0.0093517034912965272, 0.020671078688833725, 
-0.0027537444520447231, -0.0072937141795398723, -0.0060073044861233497, 
-0.00391420606093914, 0.00033664471260394318, -0.030068324633362987, 
0.02475708446180756, 0.016042019160689071, -0.0015348799512445493, 
-0.0032576716097604381, -0.005761266925278688, 0.0069399106002129909, 
0.0013161649198299777, -0.0022333673071867509, -0.0049328326420519852, 
-0.075466033819427625, -0.012253776121769974, -0.0099318120770235246, 
-0.00031092720066290411, 0.0043668498888449359, 0.0017197946640171251, 
0.0059929010371617348, 0.021925488616023787, 0.020460886280596419, 
-0.019701065897116114, 0.010866795321930007, 0.010445117879289373, 
