structure(c(0.0051094370807305235, 0.010740887174494089, 0.0056067831241883182, 
0.0077507570744288655, 0.02555153366935763, 0.012130804912151797, 
-0.0011187643504218562, -0.0029904030552236715, 0.025827986670087049, 
0.020097080402553199, 0.029426409281764068, 0.0064593102329206934, 
0.00078524588844613367, -0.0029906271854233174, -0.0011982603489288438, 
-0.0029027468086656426, -0.0086160825089373217, 0.010666298007135984, 
0.065329912797330594, -0.031370638348966001, -0.00081427724927875288, 
-0.005130128014755886, 0.0045700593760170929, -0.00028631685729841867, 
0.01074088717449409, -0.004188953875409805, 0.0018507553476244042, 
-0.0020458224233820383, 0.0017704513293874322, -0.00077304707543654103, 
-0.0013737691223838534, -0.0011473961750359015, 0.007461930770454506, 
0.014811357004575487, 0.01118380609231672, 0.0043092862721462099, 
-0.0014651986132944092, -0.0014456701746347988, -0.0041274900665439276, 
0.00071358951964716128, -0.0034588270600821383, 0.0070012199019090782, 
0.025045783488045342, 0.0029522857674921027, 0.0094295590230231031, 
-0.0017539482669056688, 0.0012902203853265969, -0.0037499882711538347, 
0.0056067831241883182, 0.0018507553476244045, -0.0057245847997453225, 
-0.00013405539633356493, 0.0036913449001778763, -0.0040520473906845034, 
0.00064346866217884476, -0.0027507296996896824, 0.014789277588336437, 
0.0017376780539158402, -0.0014753450895947393, 0.0055645325638158374, 
-0.00011441524202758994, 0.00054513925675379567, 0.0011633401714922576, 
0.00030620059403124229, 0.0013172640220282662, 0.00072777726644456127, 
0.021538798726804934, 0.0094008379658066434, 0.0074112072089226703, 
0.0037709377788214321, 0.00087861281480098837, -0.002570506117637397, 
0.0077507570744288655, -0.0020458224233820383, -0.0001340553963335649, 
0.0017373403826378949, 0.0046925354240473366, -0.0022335031997036871, 
-0.0015271265466701193, 0.001754693398754055, 0.0063611008358795493, 
-0.0041209630375541621, 0.012580992848587604, 0.0027107297620308324, 
-0.00022662234306140573, -0.0003025487205322532, -0.00030530471968446432, 
-0.0011477631189928653, -0.0031672211103791386, -0.0024081682581125596, 
-0.0042635546865359367, -0.007940633807566759, -0.0020966781829059315, 
-0.0057091500940467423, -0.0027536360920895637, 0.00076248409975216303, 
0.025551533669357626, 0.0017704513293874322, 0.0036913449001778763, 
0.0046925354240473366, 0.010476631032483771, -0.0030976647003735443, 
0.00019853234009422211, -0.0017699471255030034, 0.0081710388069514729, 
0.0036258576096474, 0.018752807951502169, 0.010416496667649764, 
0.00087743612338585459, 0.00061263570437383816, -0.00038308340349495266, 
-0.0015790790989232493, -0.0037824547093879275, -0.00097250377193971473, 
0.0047617843910564518, -0.017028256904935788, 0.0021891900765955673, 
-0.00018441749156978586, -0.0045803432311956977, -0.001302786490406066, 
0.012130804912151797, -0.00077304707543654114, -0.0040520473906845034, 
-0.0022335031997036871, -0.0030976647003735443, 0.001318815619402738, 
-0.00130434041025804, -0.0032888342014705304, -0.0049094007349605607, 
0.0035800940953170891, 0.00037233710311267821, 0.00010708517047469134, 
-0.0011266947093044042, -0.001389053810318812, -0.0023239031456487708, 
-0.00122208574716102, -0.00018016329336452181, -0.0010013388284824259, 
-0.018803538477956089, 0.0049698312556134333, -0.0056321887481393506, 
0.00045915097753610016, -0.00019899554001221256, 0.001007183523794412, 
-0.0011187643504218562, -0.0013737691223838534, 0.00064346866217884476, 
-0.0015271265466701193, 0.00019853234009422211, -0.00130434041025804, 
0.0021435943560673058, -0.0011670115298075506, 0.00050880831761541511, 
0.0034044793643149803, 0.0012213894605000756, -0.00090127355843044855, 
-0.00096657685765588579, -0.00071824853124126777, -0.00084183925684386349, 
-0.00057334409066615974, 0.0017464060015719015, 0.00021523624831285584, 
-0.00062427669442531803, 0.0025997584947335113, 0.0017369945104195755, 
-0.0016366980036528673, -0.0013890891246364852, -0.001300727416064316, 
-0.0029904030552236715, -0.0011473961750359015, -0.0027507296996896824, 
0.001754693398754055, -0.0017699471255030032, -0.0032888342014705304, 
-0.0011670115298075506, -0.0019787652012870178, 0.0054852504691013928, 
-0.0025774831266017618, 0.007015581738239636, -0.0003897037181205618, 
0.0039135328070607645, 0.0024420005989098229, 0.0030150769167999612, 
-0.0037939220645980313, -0.0022878696623901277, 0.00096399798851266221, 
-0.0081868085417549259, 0.002868956448602686, -0.001014822276754914, 
-0.0014361839235484005, -0.0047555825501969205, 0.00038589296101420136, 
0.025827986670087049, 0.007461930770454506, 0.014789277588336437, 
0.0063611008358795502, 0.0081710388069514747, -0.0049094007349605607, 
0.00050880831761541511, 0.0054852504691013928, 0.012790220734545284, 
0.00891123434141846, 0.0046518500139353883, 0.0062600554983707783, 
-0.0012516860405152432, -0.0031954534826515099, -0.00040029313385739449, 
-0.0028585370893277301, -0.0014031938604950735, -0.001993613662921283, 
0.0069786669112031994, 0.027860703297738463, 0.0051422891962971864, 
-0.0040090602663449175, -0.0095635762927780959, -0.0045500078802697972, 
0.020097080402553195, 0.014811357004575487, 0.00173767805391584, 
-0.0041209630375541621, 0.0036258576096473995, 0.0035800940953170895, 
0.0034044793643149803, -0.0025774831266017614, 0.00891123434141846, 
0.0028517173755684506, 0.0083071369118997065, 0.0044221515411705138, 
-0.0016591129031690427, -0.0035400342600020586, -0.0017262450720056475, 
-0.0040462886782517667, 5.1025899309930073e-05, -0.0019169958060659634, 
-0.0024422096076599153, 0.00065728353662232041, 0.0074512641165204478, 
-0.0048305372010093682, -0.0030953925128653619, -0.0042272042406636765, 
0.029426409281764068, 0.01118380609231672, -0.0014753450895947393, 
0.012580992848587604, 0.018752807951502169, 0.00037233710311267821, 
0.0012213894605000758, 0.0070155817382396369, 0.0046518500139353875, 
0.0083071369118997065, 0.0059872438805601428, -0.00016563255168238836, 
-0.002034924046882007, 0.00041768500730771324, 0.0031778918634984806, 
-0.0084311454520372853, -0.0011835466452517608, -0.0028758206393102561, 
-0.073253740227878547, -0.035985780676499893, -0.0017699510464609909, 
-0.0014933342231437541, -0.0077972985339937687, 0.0031431813818168048, 
0.0064593102329206934, 0.0043092862721462099, 0.0055645325638158365, 
0.0027107297620308328, 0.010416496667649764, 0.00010708517047469134, 
-0.00090127355843044876, -0.00038970371812056185, 0.0062600554983707774, 
0.0044221515411705138, -0.00016563255168238836, -0.008369488890001716, 
0.00036889135701028661, -0.0014399874030236784, -0.00072603322197317894, 
0.0014391269379182153, -0.00044599236156343672, -0.0019741935659594125, 
0.003904377757970734, 0.0056162181944223455, -0.0011394483265436727, 
-0.0031170683788370426, -0.00034920221960639682, -0.00017839699038603492, 
0.00078524588844613356, -0.0014651986132944092, -0.00011441524202758994, 
-0.00022662234306140573, 0.00087743612338585469, -0.0011266947093044044, 
-0.00096657685765588579, 0.0039135328070607645, -0.0012516860405152432, 
-0.0016591129031690427, -0.0020349240468820065, 0.00036889135701028661, 
0.00040116412321960848, -0.00025980387970770969, 5.302530858224682e-05, 
0.00088222564722750568, -9.660471754433913e-05, 0.00021090849822003074, 
0.013182344399868647, -0.006053404271538187, -0.0014301667803100768, 
-0.00040370121986330911, -0.002411644783431712, -0.0026692669075238607, 
-0.0029906271854233178, -0.0014456701746347988, 0.00054513925675379567, 
-0.0003025487205322532, 0.00061263570437383816, -0.0013890538103188117, 
-0.00071824853124126777, 0.0024420005989098229, -0.0031954534826515099, 
-0.0035400342600020586, 0.00041768500730771324, -0.0014399874030236784, 
-0.00025980387970770964, -0.00080991807893536873, -0.00014254092715111183, 
-0.00056003944527920242, 0.0003462664257996067, 0.00059374601680303274, 
0.0028166452548691262, -0.0012895620199872568, -0.0012264022455265814, 
