structure(c(0.05065298637209209, 0.042830890825746176, -0.061341531524334685, 
0.070616233338581177, -0.072069073826298666, 0.019131648116644709, 
-0.021984735662444379, -0.013424505976627969, -0.013480934552210036, 
-0.039281693999408125, 0.00059730188146799393, 0.050121111705711305, 
0.013846174865853144, 0.012238784955436391, 0.023334899733940387, 
0.0075014952468254736, 0.013650130961310769, -0.021939529163077322, 
-0.3963702746318738, 0.0044838226990824952, 0.0095771708695613599, 
0.015709578985866932, 0.046673963469609545, -0.0016509944652911336, 
0.042830890825746183, 0.079065026755319304, -0.037533023992236063, 
0.028241468175340463, -0.037228308746641937, 0.00037175949484633756, 
-0.021415649594463734, -0.015994553048622497, -0.019306182402022021, 
-0.043764849462816037, 0.097180640713546207, 0.023592134265755484, 
-0.0019675863478504701, 0.017798587228142149, 0.0099575711449130678, 
0.01532242608992416, 0.0077019485800025132, -0.02029914314703405, 
-0.002409211966067045, -0.058660961716788952, -0.015923293685071303, 
0.005044303433348463, -0.0056396814897043531, -0.0031916798677665203, 
-0.061341531524334685, -0.037533023992236063, -0.026460349680569106, 
0.0040467120825816438, -0.015628874690836948, 0.018520334596020708, 
0.028979976192254189, -0.0021794350180100158, 0.0094765851175397323, 
-0.049486185803501566, -0.059374886482233324, -0.01466097022585915, 
-0.0006587691559750454, 0.0048980204496695476, -0.013180546579854095, 
-0.0019360038777732069, -0.0046178786269221147, 0.010178151016347527, 
0.09424777507502044, 0.049472392475893787, 0.016286434984106066, 
-0.0038489790894312916, 0.002076140626320467, -0.0064513886570644139, 
0.070616233338581164, 0.028241468175340463, 0.0040467120825816438, 
0.00091834372537813761, 0.048690457779371213, -0.0098610065636517575, 
-0.016473685090491318, -0.010030037876863553, -0.046886962691759466, 
0.012898214888182966, 0.045010440556166882, -0.0048929577150729183, 
-0.0058166148746863055, 0.0051050781049095887, 0.0065478312547947995, 
0.0024014052179117899, -0.0017097202380958385, 0.0011314090621651993, 
-0.18758401170408495, -0.025841709206237962, 0.0012601731628534725, 
0.0083225937032372996, -0.0082725823870160985, -0.00967701290785738, 
-0.072069073826298652, -0.037228308746641937, -0.015628874690836948, 
0.048690457779371213, 0.0068982318590246668, 0.017663874438398685, 
0.0074204430888691964, 0.0036469979666527538, 0.063049808924853332, 
0.036969718616141407, -0.034347314632872876, 0.03156858937328489, 
0.0032318538153122247, 0.022232673420523801, -0.01257082844482336, 
-0.0086150873653151744, -0.0026080162701868628, 0.012541736074842297, 
-0.050592286661343189, -0.011895273957636988, 0.00067869294858986958, 
-0.023280686291481605, 0.02411181531221987, -0.01689168286544002, 
0.019131648116644709, 0.00037175949484633756, 0.018520334596020708, 
-0.0098610065636517575, 0.017663874438398688, 0.016829983585547423, 
-0.014167390823174024, 0.0058367190959894722, -0.00092837971860525051, 
-0.023209650842235693, 0.092812528905010933, -0.017511072060809853, 
0.016468784923684993, 0.013819683787764993, 0.0068369562127970455, 
0.0081858416821611931, -0.0017424565184354726, -0.00056966042036514649, 
-0.0058010456458107169, -0.040966247478987999, 0.010790660046466423, 
0.016977439171875563, 0.018201492628236674, 0.0169592881770495, 
-0.021984735662444375, -0.021415649594463734, 0.028979976192254189, 
-0.016473685090491314, 0.0074204430888691955, -0.014167390823174024, 
0.0040171761706129976, -0.00098479097193564127, -0.013611274267606945, 
-0.012953444430435735, -0.013361168482401018, -0.01769411178246599, 
-0.0030624915774013868, -0.0024192204401327229, -0.0098332146282374203, 
0.0066362454789487988, 0.013993569815897857, -0.019022054237733101, 
-0.0047783410511701508, 0.11314641941572301, 0.016164608426449685, 
-0.0051522258186258154, 0.0081086430117935718, -0.010522213054456237, 
-0.013424505976627969, -0.015994553048622497, -0.0021794350180100158, 
-0.010030037876863553, 0.0036469979666527538, 0.0058367190959894722, 
-0.00098479097193564127, 0.034116497005021, -0.00082455101730640053, 
-0.013865388641257413, -0.010436881570843454, -0.00038915871898595629, 
0.010804183756907521, 0.0050334728109310877, -0.0040165455525937943, 
0.0091076651330102443, 0.0062045485536939551, -0.0035369261033440101, 
-0.0021081799085906428, -0.063430640503063365, 0.0075711794933136633, 
0.00070073996628725261, 0.014236741472119719, 0.013652315152830257, 
-0.013480934552210036, -0.019306182402022021, 0.0094765851175397323, 
-0.046886962691759466, 0.063049808924853332, -0.00092837971860525051, 
-0.013611274267606945, -0.00082455101730640043, -0.068938485668065791, 
-0.029483421175864197, 0.0633943657667487, 0.029521024685167555, 
-0.011971030813395544, -0.0028671799252427176, -0.036749543154980635, 
0.025719372382024042, 0.023791676399885955, -0.011282827230441664, 
-0.039825470870947635, 0.097059108874120975, -0.022688073529350296, 
0.00179331641648841, -0.02185372803322443, 0.020519113419517811, 
-0.039281693999408125, -0.04376484946281603, -0.049486185803501566, 
0.012898214888182966, 0.036969718616141407, -0.023209650842235696, 
-0.012953444430435737, -0.013865388641257413, -0.029483421175864194, 
0.0073293591672898379, 0.03613327451451552, -0.016032437307250718, 
0.022175996082159893, 0.0079630217243033402, -0.041511199529594298, 
0.027327261443710182, 0.0088172552380768755, -0.02173356065273279, 
0.16725967615015602, 0.040074409727361773, -0.015105478688564482, 
0.021785153987099109, -0.0075886609437497395, 0.016092296074376299, 
0.00059730188146799393, 0.097180640713546207, -0.059374886482233317, 
0.045010440556166882, -0.034347314632872876, 0.092812528905010933, 
-0.013361168482401016, -0.010436881570843456, 0.0633943657667487, 
0.036133274514515527, -0.070598720153715072, -0.0081123741091932728, 
0.0028637286352042437, -0.017986713809301266, -0.025465875918241607, 
0.0019699014660528127, -0.025564190258154068, -0.035763736141209444, 
-0.0035540718098099671, -0.084008136135489894, -0.06039993865326726, 
-0.0087614710375367826, -0.0083253325919580602, -0.02152469440340651, 
0.050121111705711305, 0.023592134265755481, -0.01466097022585915, 
-0.0048929577150729183, 0.03156858937328489, -0.017511072060809853, 
-0.01769411178246599, -0.00038915871898595624, 0.029521024685167555, 
-0.016032437307250718, -0.0081123741091932728, 0.036693711350845426, 
0.015409705450657472, 0.0064277915165214111, -0.015281833103481631, 
-0.0048484341164467815, -0.0079174757842386447, -0.0010169604806674634, 
-0.065801561510327539, 0.055054796276241907, -0.0055904802637880106, 
0.0050927569694655941, 0.01103202299918902, 0.0071947410053275519, 
0.013846174865853147, -0.0019675863478504701, -0.0006587691559750454, 
-0.0058166148746863064, 0.0032318538153122242, 0.016468784923684993, 
-0.0030624915774013863, 0.010804183756907521, -0.011971030813395544, 
0.022175996082159893, 0.0028637286352042437, 0.015409705450657472, 
-0.00056073126816355925, -0.0056603961301374267, -0.0019623459472973758, 
-0.0082614935932752483, -0.0036256228726202861, 0.0018931462191631972, 
-0.035459182821299534, 0.017121864844008162, -0.0026577092271814254, 
-0.0077123906268375467, 0.0035430716620702268, 0.0060283173531603786, 
0.012238784955436391, 0.017798587228142152, 0.0048980204496695484, 
0.0051050781049095887, 0.022232673420523798, 0.013819683787764993, 
-0.0024192204401327229, 0.0050334728109310877, -0.0028671799252427176, 
0.0079630217243033419, -0.017986713809301266, 0.006427791516521412, 
-0.0056603961301374267, -0.0051280103738094579, 0.00368560483349445, 
-0.0060884185831632095, -0.0041282953908519529, 0.0022629860326360911, 
-0.0851752801225579, 0.016310497136771553, 0.0065874687065194506, 
-0.0065567199922807228, 0.008747944084207775, 0.0081752632487946172, 
0.02333489973394039, 0.0099575711449130678, -0.013180546579854093, 
0.0065478312547947986, -0.012570828444823358, 0.0068369562127970455, 
