structure(c(-0.19357908405203908, -0.015299781253599071, -0.016911120248400156, 
0.036504173996225492, 0.042365733174879669, -9.0642217113254056e-05, 
0.059328327237636203, -0.032867569129435108, -0.066216250799677315, 
-0.02054503261368593, -0.066959048778632665, -0.043954815721374954, 
0.00064941561406923305, 0.013924114262530334, 0.022687361576500368, 
0.025196750626817189, -0.026683958123070332, 0.052310837607318118, 
0.05505745726131988, -0.053929258820033785, -0.016064224820235493, 
0.0074567357711501098, 0.0064673803484792403, 0.0070460764294626834, 
-0.015299781253599071, 0.10274237997802566, 0.023089591304334866, 
-0.021348617568206035, 0.027039892107738661, -0.035671455505562104, 
0.020232642788635392, -0.00014163527726790707, 0.058043178799612662, 
-0.021125784543344031, 0.056902583142681949, -0.018783789937890608, 
0.0045583128049312477, -0.0085289436568325872, 0.02464252178573274, 
0.021763598854726913, 0.0083593348304861169, 0.012297180393373103, 
0.28600829173179015, -0.11106338260103679, -0.0040190429718374807, 
-0.00012461792355185399, -0.010677555984616166, 0.027007165171522879, 
-0.016911120248400156, 0.023089591304334866, 0.0091668142154743958, 
-0.0092803948123442864, 0.00074871181686447645, 0.0015345116401703264, 
-5.9195837417283505e-05, -0.0029564522935533796, -0.05450918515768146, 
-0.0031496308687133491, -0.0097640736377826911, -0.0091376801161308745, 
0.0068442702137153999, 0.0049196123899411569, 0.015797266810870212, 
0.0048579513558379148, -0.0060094774636811378, 0.0024953415217535361, 
0.064622402255141001, 0.026483492525559343, 0.005880064739729126, 
-0.00086173542434524002, -0.0012266668616043412, -0.0040660069541260972, 
0.036504173996225492, -0.021348617568206038, -0.0092803948123442864, 
0.020160545861712377, -0.036975289651876422, 0.022697297623843989, 
-0.0043527287150639535, 0.013117718711722655, 0.026240300767625912, 
-0.0013505862014983195, 0.0035459553113727608, 0.0097781319230396315, 
0.015136188862139839, 0.0097687945789343752, 0.016143248554878205, 
-0.0060212084993920756, -0.0015407036284596398, 0.0029431585523449046, 
-0.039864181027129277, 0.01847946926735353, -0.010322559025018694, 
0.0045379139826085641, 0.0039596616705613215, 0.009609203055730476, 
0.042365733174879662, 0.027039892107738661, 0.00074871181686447634, 
-0.036975289651876422, -0.0035532565068393382, -0.024899090837755523, 
-0.0081530619545207225, 0.023342569323383921, 0.057220496936161006, 
-0.022024138824209245, 0.012601755027043523, 0.0057087921457543685, 
0.01164347161812402, 0.0044868163575559009, 0.00080813761145894945, 
0.010806779475298386, 0.015465401546721956, -0.023539134157522942, 
0.035985510525244103, 0.0028560968319173491, -0.0061878990699822806, 
-0.010241535635024031, 0.0089205225750676465, -0.0025571817292661878, 
-9.0642217113254056e-05, -0.035671455505562104, 0.0015345116401703264, 
0.022697297623843989, -0.024899090837755523, -0.0074743833844893208, 
-0.0092883759749385619, 0.0030658660638003825, 0.007358330023851012, 
-0.024695101698389538, -0.0041733354894807105, -0.027997443155141914, 
7.6525805792915117e-05, -0.0022931896375760472, 0.0084870092453274495, 
0.0008406976440017578, -0.0015737418977606913, 0.0032640413748320587, 
-0.05404100724425695, 0.028652653558689796, -0.0023218548200404309, 
-0.0090524047216672832, -0.013435543483733671, 0.01871906323010979, 
0.059328327237636196, 0.020232642788635392, -5.9195837417283498e-05, 
-0.0043527287150639544, -0.0081530619545207208, -0.0092883759749385619, 
0.0056850576249779221, 0.0039633811827475933, -0.0064602031445860596, 
-0.037198255626989141, 0.0087424850495927808, -0.014541040624247777, 
0.0039826023867895891, 0.0052832864298102801, -0.0049077412955863967, 
0.010490143656460529, 0.01110908325172214, 0.0039725917540586811, 
0.11892429324369122, 0.0444359163483466, 0.023332619651667354, 
-0.0015521875755238391, 0.0038274740486494083, -0.00092296682654907636, 
-0.032867569129435108, -0.00014163527726790707, -0.00295645229355338, 
0.013117718711722655, 0.023342569323383921, 0.0030658660638003825, 
0.0039633811827475942, 0.010095785296494447, 0.0099150119974582129, 
-0.004173401779637321, -0.011883141638713795, 0.0093430998241450704, 
0.001666239762450976, -0.001003693508659393, -0.005354037058920868, 
0.0011441439732167258, 0.0060898178102327437, -0.0032881616797042624, 
-0.033568112114943184, -0.070536489229761329, 0.006741393849951499, 
-0.0041551674481499403, -0.0013895073105347833, 0.0087756925679201275, 
-0.066216250799677315, 0.058043178799612655, -0.05450918515768146, 
0.026240300767625912, 0.057220496936160999, 0.007358330023851012, 
-0.0064602031445860587, 0.0099150119974582129, 0.0053517190914371968, 
-0.048878713356557184, -0.0028427706405610999, -0.022170496032141652, 
0.0072749129241920568, -0.001595517436371127, -0.020381308206253751, 
2.1601086561245465e-05, 0.0089021394182297094, 0.0061998158189948555, 
-0.083443595442091872, 0.10106627891336646, -0.00077819716626635822, 
0.043195978888621568, 0.028620691966234419, 0.024542854445255623, 
-0.020545032613685926, -0.021125784543344031, -0.0031496308687133491, 
-0.0013505862014983193, -0.022024138824209245, -0.024695101698389538, 
-0.037198255626989141, -0.0041734017796373219, -0.048878713356557184, 
0.0084528534696343919, -0.058241767898632668, 0.017850341764440877, 
0.0033338356084327337, 0.0076674875589200541, -0.0035226183141075975, 
0.037712256038372492, 0.015911967392018948, 0.0040769475507016718, 
-0.11529686819920927, 0.10982400419100241, 0.0031998782135004671, 
0.03374245891331195, 0.019918059548623558, -0.013180642152145726, 
-0.066959048778632665, 0.056902583142681956, -0.0097640736377826928, 
0.0035459553113727613, 0.012601755027043523, -0.0041733354894807105, 
0.0087424850495927808, -0.011883141638713795, -0.0028427706405610999, 
-0.058241767898632675, -0.03770878010612938, 0.029185153944925032, 
-0.0026363789078936756, -0.014004339655278105, -0.019349795456136069, 
0.031463133167244112, -0.024244586609293389, -0.014853785521951957, 
-0.0018677435459276818, 0.18509289114803107, -9.7251175136648735e-05, 
-0.015222792559580924, -0.022383351680187555, -0.0014907868449131841, 
-0.043954815721374961, -0.018783789937890608, -0.0091376801161308745, 
0.0097781319230396298, 0.0057087921457543685, -0.027997443155141917, 
-0.014541040624247777, 0.0093430998241450704, -0.022170496032141652, 
0.017850341764440877, 0.029185153944925032, 0.022643735976068183, 
0.0065512817388238076, 0.003780095013366977, -0.0028066809276329715, 
0.015713429727261023, 0.013459222201647403, -0.012550581417388613, 
-0.12707897036023896, -0.0094749282837128072, 0.030757797987697798, 
0.0015316600675135789, 0.019967980249704923, 0.00024500579226750406, 
0.00064941561406923305, 0.0045583128049312468, 0.0068442702137153991, 
0.015136188862139839, 0.01164347161812402, 7.6525805792915117e-05, 
0.0039826023867895891, 0.001666239762450976, 0.0072749129241920568, 
0.0033338356084327342, -0.0026363789078936756, 0.0065512817388238076, 
0.0023602872490047057, 0.002220046873343544, 5.1986333783822569e-05, 
-0.0033933530193865939, -0.003117901551074559, 0.0042393273097166761, 
0.036490141218162103, -0.0039133096434696589, -0.0022667688628690255, 
-0.0013175276328669723, 0.0038704741554280225, -0.0021950404855842023, 
0.013924114262530336, -0.0085289436568325872, 0.0049196123899411578, 
0.0097687945789343752, 0.0044868163575559018, -0.0022931896375760477, 
0.0052832864298102793, -0.001003693508659393, -0.001595517436371127, 
0.0076674875589200541, -0.014004339655278105, 0.0037800950133669766, 
0.002220046873343544, -0.00015366175613466297, -0.0033504110423628556, 
-0.0073236298592657557, -0.0024266161019316007, 0.0020738785499103581, 
0.015275479496806391, -0.038559078146322902, -0.0016577982126181813, 
0.0025327270801969643, -0.00032239448623538365, -0.0083007059923082618, 
0.022687361576500371, 0.02464252178573274, 0.015797266810870212, 
0.016143248554878205, 0.00080813761145894934, 0.0084870092453274495, 
