structure(c(-2.1353089072199999e-15, -2.308506458176249e-15, 
-4.7820882217766754e-18, 3.3435975044977751e-15, 1.2550237799865785e-17, 
-1.1578699066570789e-15, -1.5818291431575188e-15, -2.4432350439470592e-15, 
-4.918240418891409e-15, 9.0739708594254585e-16, -1.777871139178104e-15, 
2.6941840051553951e-17, 1.9929399769014277e-15, 1.272086837075302e-15, 
1.2346895733621668e-15, -1.7589777567795705e-15, 6.9821390387628169e-16, 
-1.3537411905849583e-15, 1.4436644293639223e-14, 5.5634737152370391e-15, 
1.5528401256496449e-15, -1.7501257832243654e-16, 4.0294537634095957e-16, 
6.8894906215911994e-16, -2.308506458176249e-15, -1.9134159415053499e-15, 
7.2039701520551096e-16, 1.1488273378047889e-15, 3.3398641901793915e-16, 
-7.7804913842863241e-16, -6.4586501636980065e-16, 1.145541810090219e-15, 
-2.5022244277308146e-15, 1.6699967428304605e-15, -4.0018822425517172e-15, 
1.3610208944674917e-15, -4.6989838317727851e-17, -5.4441936787515749e-16, 
-7.2251333367922737e-17, -1.2924109076635637e-15, -1.74732416308317e-16, 
2.1957239997151973e-16, 1.3405005431670563e-14, 3.3918970525895411e-15, 
3.5337406706653801e-16, -2.8237777437720129e-16, 6.2413828370360367e-16, 
-1.8991890455985528e-17, -4.7820882217766762e-18, 7.2039701520551096e-16, 
3.8249668620007443e-16, -8.3193245190743741e-17, 1.2602520221132638e-15, 
-1.2644569621175906e-15, 6.6839615834320837e-16, -2.2309565943065316e-16, 
1.0878812456923124e-15, 6.1878622781144587e-16, -5.6789577132896802e-16, 
8.8920647550431242e-16, 2.5714676317234047e-16, 6.290463692028954e-16, 
1.8677891834550698e-16, 7.320415667443582e-16, 2.7292155055436892e-16, 
5.9664252856071404e-17, 6.6397039257323787e-15, -1.4355791291173166e-15, 
3.0238571614511508e-16, 4.2219949431584833e-16, 9.5714784091252094e-16, 
-5.4057508021022749e-17, 3.3435975044977751e-15, 1.1488273378047889e-15, 
-8.3193245190743741e-17, -6.8826823939948798e-16, -8.7138086561902991e-16, 
6.9110218840549037e-16, -4.6228674883636751e-16, 6.239308820715376e-16, 
-1.082964411843811e-15, 1.1532616663176659e-15, -6.4122843188641152e-16, 
2.9991629001351558e-16, -2.1449623122239317e-16, -2.3923025222586324e-16, 
-1.062114922943471e-16, 4.0390132471620431e-16, 3.2154340305559846e-16, 
2.2257225077319203e-16, -2.4598366713026389e-15, 2.7069119428020526e-15, 
-1.290125787642246e-16, 4.1365556106089895e-18, -2.5016540075483174e-17, 
-6.6406128303698221e-16, 1.2550237799865785e-17, 3.3398641901793915e-16, 
1.2602520221132638e-15, -8.7138086561902991e-16, 2.004081410496187e-15, 
-1.0155769227377867e-15, -6.4901643352847789e-16, -3.1031906225297983e-17, 
2.2296533930698599e-16, 1.0202310957908719e-15, -1.2311395622615976e-15, 
1.3666953852633288e-17, 6.2933035911871146e-16, -1.1482264065965496e-16, 
7.6302826529799508e-16, -5.6815579360088598e-16, 1.0576390079582597e-15, 
4.6929231452119891e-17, 4.0051408395996177e-15, -4.4522607946022525e-15, 
-7.0053997458117865e-17, 1.0385009201631132e-15, 1.3760575794499669e-16, 
-6.4703631888882397e-16, -1.1578699066570787e-15, -7.7804913842863231e-16, 
-1.2644569621175904e-15, 6.9110218840549027e-16, -1.0155769227377867e-15, 
-1.0180127581142198e-16, 7.1145456042428114e-17, -3.3794111796399978e-17, 
8.6845893122586047e-16, 4.9602945710600775e-16, -1.8867317424818377e-16, 
-2.7952158674828243e-16, -1.0926421134839699e-16, 2.5519255846622671e-16, 
1.356620721972562e-16, 3.2851423700929062e-16, 5.7432817451743824e-18, 
2.5078999577325155e-16, 1.1014881291138448e-15, 4.3552511349544966e-15, 
4.7066206814313824e-16, -2.5330179717859654e-16, -8.0594764384070859e-16, 
-9.5008204804659943e-16, -1.5818291431575188e-15, -6.4586501636980065e-16, 
6.6839615834320847e-16, -4.6228674883636751e-16, -6.4901643352847789e-16, 
7.1145456042428114e-17, -6.6810348853416678e-16, -1.2851326033590506e-16, 
2.9217897612025318e-15, 1.6832651346083494e-15, 1.8278261205557061e-18, 
1.0543576342618661e-15, 2.6647437366353002e-16, 3.9184467053982986e-16, 
-5.556143359084096e-16, 4.2931232045956467e-16, 2.0163009062320321e-16, 
7.6865747927265951e-16, 5.1478363895529142e-15, -1.2520830808455485e-15, 
-1.1287095279800207e-16, 3.7108906658004126e-16, 3.6617022537855818e-16, 
1.6452837944215068e-16, -2.4432350439470592e-15, 1.145541810090219e-15, 
-2.2309565943065316e-16, 6.239308820715376e-16, -3.1031906225297977e-17, 
-3.3794111796399985e-17, -1.2851326033590506e-16, 1.1626263101353737e-15, 
4.2807601015794876e-16, -2.2916781960361966e-16, 7.8878746368750556e-16, 
-1.1061952215217769e-16, 2.1954928464785167e-16, 2.7866548823660338e-16, 
-2.1053344324460663e-16, -2.5012033300135636e-16, 7.4194463595620477e-16, 
-6.0033500546360115e-16, -1.5226217898195013e-15, 3.3733914838492782e-15, 
1.398233224133648e-16, 1.2030734854178547e-16, -3.0815968789187333e-16, 
-1.073819150302127e-16, -4.918240418891409e-15, -2.5022244277308142e-15, 
1.0878812456923122e-15, -1.082964411843811e-15, 2.2296533930698604e-16, 
8.6845893122586037e-16, 2.9217897612025318e-15, 4.2807601015794881e-16, 
1.7184665999776661e-15, -2.6559335274543761e-15, -3.7287201628221794e-15, 
1.4516098533084187e-15, -2.0066842526640489e-15, -1.5983272883845771e-15, 
-1.8001186646443813e-16, 4.0581482090622379e-16, -2.1639971742306667e-15, 
9.8559461676090405e-16, -4.5857281729569607e-15, 9.6092475330891755e-15, 
-1.9860362450205115e-16, -1.6422818854223577e-16, 1.9971141424029633e-15, 
1.5626018278203038e-15, 9.0739708594254585e-16, 1.6699967428304607e-15, 
6.1878622781144587e-16, 1.1532616663176661e-15, 1.0202310957908719e-15, 
4.9602945710600775e-16, 1.6832651346083496e-15, -2.2916781960361966e-16, 
-2.6559335274543761e-15, -1.950401404693302e-15, 5.2057228977473122e-17, 
-1.1799729202966638e-16, -6.9367374502343055e-16, -2.8845687470691074e-16, 
-4.6973576837499228e-16, 1.1851524159070758e-15, 1.0121574776117864e-15, 
2.6006734144146407e-16, 1.8377536553330603e-15, -3.4110956592094152e-15, 
1.2411147345647686e-15, -4.0624654476450118e-16, 1.0999190897901696e-15, 
-4.0394817733621622e-16, -1.777871139178104e-15, -4.001882242551718e-15, 
-5.6789577132896802e-16, -6.4122843188641152e-16, -1.2311395622615974e-15, 
-1.8867317424818377e-16, 1.8278261205557061e-18, 7.8878746368750556e-16, 
-3.7287201628221786e-15, 5.2057228977473128e-17, -2.4026494693272423e-15, 
2.3882951643716197e-15, 1.2854637117471692e-15, 8.3068538506566137e-16, 
2.7770960932352323e-16, 2.3894267463974064e-16, 6.2274453012404237e-16, 
1.2126149036811481e-15, 1.2187930163226328e-14, 2.6773498266270205e-15, 
8.6758802132572821e-16, 4.9117486875938381e-17, 1.5036123513659893e-15, 
1.6241662653671836e-15, 2.6941840051553951e-17, 1.3610208944674915e-15, 
8.8920647550431242e-16, 2.9991629001351553e-16, 1.3666953852633288e-17, 
-2.7952158674828243e-16, 1.0543576342618659e-15, -1.1061952215217768e-16, 
1.4516098533084187e-15, -1.1799729202966638e-16, 2.3882951643716197e-15, 
3.1383429813101563e-15, -5.1939481637698813e-17, 3.1638460323786754e-16, 
-3.1288835584031583e-16, -4.3665031907005931e-16, 9.2390346073484805e-16, 
6.5166159056610407e-16, 3.7779260708686496e-16, 2.2172582568692564e-15, 
2.9102166633371223e-16, 1.0416395509940567e-16, 9.6425729156880897e-16, 
3.3401968970827644e-16, 1.9929399769014277e-15, -4.6989838317727845e-17, 
2.5714676317234047e-16, -2.1449623122239314e-16, 6.2933035911871156e-16, 
-1.0926421134839698e-16, 2.6647437366353002e-16, 2.1954928464785167e-16, 
-2.0066842526640489e-15, -6.9367374502343055e-16, 1.2854637117471692e-15, 
-5.1939481637698807e-17, 2.2479519585954344e-16, 2.8707672463273705e-16, 
-1.1546344753348579e-16, 2.6446148368665362e-16, -4.6002373952010409e-17, 
4.0602647023796567e-16, 3.0390707181384904e-15, 1.1116516517258233e-15, 
-1.1549206374214837e-16, 1.0712399198151093e-16, -3.3091517637399566e-16, 
2.1026924316522609e-17, 1.2720868370753018e-15, -5.4441936787515739e-16, 
6.290463692028954e-16, -2.3923025222586324e-16, -1.1482264065965496e-16, 
2.5519255846622671e-16, 3.9184467053982986e-16, 2.7866548823660343e-16, 
-1.5983272883845771e-15, -2.8845687470691074e-16, 8.3068538506566137e-16, 
