structure(c(4.3274633790821182e-07, 3.4126621947698038e-07, -4.160734116150341e-07, 
-5.426348912191551e-07, 2.2475500207188523e-07, -3.7477259333379519e-07, 
-1.7062043848636238e-07, -2.5692082402740255e-07, 3.4872480765492797e-07, 
-1.1726428981201736e-08, -3.3270463944908337e-08, -7.2999868955213814e-08, 
1.1667453082714375e-07, -1.1215331914644018e-07, -1.5866241064434707e-07, 
-1.8176268145546356e-07, -2.9096687845023938e-07, 8.2116418410163158e-08, 
-3.0854606093367867e-06, 1.105865965312016e-06, -3.8591238494245254e-07, 
-4.2598159928219102e-07, -5.8927111086941308e-07, 1.0067809835498886e-07, 
3.4126621947698038e-07, 6.0550019668979762e-07, -1.2066913839698952e-07, 
-8.5738582918654907e-08, 8.3750216406716285e-08, -3.8597939194734725e-07, 
1.2310267726168189e-09, 1.2136063150111714e-07, 2.5227219434817246e-07, 
4.7971673021675177e-07, 1.1324115527529714e-07, -2.3749043507494813e-07, 
2.1939487391410056e-08, 5.5075465783896863e-09, -2.1642867911211316e-07, 
6.5071098001103511e-08, -2.0295404920999656e-07, -1.5318624761961887e-09, 
6.779137916873225e-07, -7.0044403965721909e-07, -2.2684619784908737e-08, 
2.4944545288890103e-09, 9.4556318286223076e-09, 1.9374055691632201e-07, 
-4.1607341161503415e-07, -1.2066913839698952e-07, -2.6983221666393462e-07, 
1.0429734226991651e-07, -5.9568047176707219e-08, 8.5796744030516283e-09, 
7.4353790539679787e-08, 4.6714195977311872e-08, 3.5155492259244317e-07, 
1.2202594069157355e-07, -2.2236374986416314e-07, -5.9315972518167096e-08, 
-1.6547664727095357e-08, 1.0872870028165451e-07, 1.4935467389579454e-08, 
1.6695289123983939e-07, 1.2150209659518075e-07, -1.5873581328098278e-07, 
6.8970010945487354e-07, -4.7198126775753038e-07, -5.3877866438192337e-08, 
-1.4958561952540715e-08, 4.8676647913182763e-08, 1.7177969740767302e-07, 
-5.4263489121915521e-07, -8.5738582918654907e-08, 1.0429734226991651e-07, 
-2.4667678668109605e-08, -3.0474693694102208e-07, 7.1632379539012355e-08, 
1.2224820204173497e-07, 1.9179941670004076e-07, -8.4764211946646512e-07, 
1.3703683076092901e-07, -2.1993389934630391e-07, 8.5064995261216341e-08, 
8.2568601456256558e-08, -4.6818596611423197e-08, -7.5317014683211068e-08, 
-5.3670423259964843e-08, 6.5656367372717708e-08, 9.2461357399034371e-08, 
3.3363339827522951e-08, -5.6629576673946694e-07, 2.647870419265104e-08, 
2.2431371713601068e-08, -6.5665154659774267e-08, -2.2083489617274226e-07, 
2.2475500207188523e-07, 8.3750216406716285e-08, -5.9568047176707212e-08, 
-3.0474693694102203e-07, 2.1845777540730563e-07, -9.3187044626601093e-08, 
1.4213563503785315e-09, 9.774245111250118e-08, 4.5419579411055518e-07, 
2.3937060560407169e-07, -1.2276917112617074e-07, -1.7914152164870875e-07, 
3.7913136443086284e-08, -7.2260512308499542e-08, -4.535244719501652e-08, 
5.0321444467926928e-08, -4.1098882564242241e-08, -5.0768197504719784e-08, 
-3.9152617715303213e-07, -4.7443652331545576e-07, -3.0964473372386475e-07, 
-1.0647329735391221e-07, -6.7818034828677409e-08, -2.0427928253858973e-07, 
-3.7477259333379514e-07, -3.8597939194734725e-07, 8.5796744030516299e-09, 
7.1632379539012368e-08, -9.3187044626601093e-08, -1.7781927773501134e-07, 
7.7225695288454898e-08, -1.1057614831149613e-07, 8.7676904262520823e-08, 
-6.2110939925614123e-08, -3.3305740145229864e-07, 8.0848171653106893e-09, 
-2.8062925725656253e-08, 1.4938130866833927e-08, 4.3279007148735107e-08, 
4.9274419470670903e-08, 3.7885085357528744e-08, -2.9747985910595105e-08, 
6.6795387596243364e-07, 5.9728057276657755e-07, 7.2732166916369277e-08, 
7.5305287168806738e-08, -2.4262765323481014e-08, 4.61589344757217e-09, 
-1.7062043848636238e-07, 1.2310267726168187e-09, 7.4353790539679801e-08, 
1.2224820204173494e-07, 1.4213563503785315e-09, 7.7225695288454898e-08, 
-1.1347791794137789e-09, 8.8657881662879439e-08, 2.9063034490744884e-08, 
5.0129834515465096e-07, -3.8930765714235784e-09, 2.533579683948024e-07, 
-5.9304539369926555e-08, -4.2913963230361285e-08, -1.0386828792517811e-08, 
8.1006851482851417e-08, 1.4128673710737361e-07, 5.7292591259081293e-08, 
5.3063572181812661e-07, 4.2702970527951422e-07, -1.8011847420494432e-08, 
9.0258844908022381e-08, 6.1375507639315694e-09, -7.6837888617345531e-08, 
-2.5692082402740255e-07, 1.2136063150111714e-07, 4.6714195977311872e-08, 
1.9179941670004074e-07, 9.774245111250118e-08, -1.1057614831149613e-07, 
8.8657881662879439e-08, 3.3792648178964295e-08, 3.4662401922659083e-07, 
-2.7387260211596142e-07, 2.6404959778626842e-08, -2.1789092341401632e-08, 
4.498757148779088e-08, 1.0998481315407681e-08, -1.2436302551677083e-07, 
-4.4351769710427664e-08, 6.4111106255347768e-08, -1.5178111400545462e-07, 
-2.498118817307524e-07, 6.8938250045837946e-07, -1.3411709112291903e-07, 
2.359313271192262e-08, -1.3414269699523996e-07, 1.5370179997372182e-08, 
3.4872480765492797e-07, 2.5227219434817246e-07, 3.5155492259244317e-07, 
-8.4764211946646512e-07, 4.5419579411055524e-07, 8.7676904262520823e-08, 
2.9063034490744884e-08, 3.4662401922659083e-07, 3.3847316768746024e-07, 
4.9138915671420793e-07, 7.4832732574895375e-07, 1.9901425519949247e-07, 
5.3305013902262414e-08, 3.9261906641967463e-08, 4.1259598421940825e-08, 
-9.6505660666783279e-08, -1.2824031068106584e-07, 2.8067577785557192e-07, 
-2.8277540931675949e-06, 9.5570009821429505e-07, -4.2875116029914837e-08, 
1.5546627223750043e-08, 2.8233997956682889e-07, 1.6505841582297466e-07, 
-1.1726428981201736e-08, 4.7971673021675166e-07, 1.2202594069157355e-07, 
1.3703683076092901e-07, 2.3937060560407163e-07, -6.2110939925614123e-08, 
5.0129834515465096e-07, -2.7387260211596142e-07, 4.9138915671420793e-07, 
-1.605240475063662e-07, 6.4652217897362759e-07, 7.8423213268232046e-08, 
-2.767364653218725e-08, 1.0420816104011431e-07, 2.7566927052739684e-07, 
5.9209676006529659e-08, 6.5639192331052985e-08, -8.6593136937336629e-08, 
-3.8861176309762767e-07, -4.8926813627060739e-07, 2.0370780282069095e-07, 
-1.1235996894776282e-07, -7.3958348405914306e-08, -1.779757987318179e-07, 
-3.3270463944908337e-08, 1.1324115527529714e-07, -2.2236374986416311e-07, 
-2.1993389934630391e-07, -1.2276917112617074e-07, -3.3305740145229864e-07, 
-3.8930765714235784e-09, 2.6404959778626842e-08, 7.4832732574895375e-07, 
6.4652217897362759e-07, 6.5759207439497835e-07, -2.7949144901432808e-07, 
2.860256698657907e-08, -1.1545403757194824e-07, 3.6049513361155892e-08, 
-1.0154667077977236e-08, -1.2376918395553169e-08, 2.9827369747439727e-07, 
1.2121900209515465e-06, -7.2106630300103607e-08, -1.2715859216614724e-07, 
-1.6554279658356419e-07, -1.0080866805875316e-07, 3.6670814186576667e-08, 
-7.2999868955213828e-08, -2.3749043507494813e-07, -5.9315972518167096e-08, 
8.5064995261216354e-08, -1.7914152164870875e-07, 8.084817165310691e-09, 
2.533579683948024e-07, -2.1789092341401632e-08, 1.9901425519949244e-07, 
7.8423213268232059e-08, -2.7949144901432808e-07, 1.6516623864204939e-07, 
2.7863267629684831e-08, -2.9359402256046437e-08, 2.2236913321812928e-09, 
-5.3000651729979258e-08, -2.3464056029089562e-08, -6.3709802890732372e-08, 
-9.3736307906388134e-07, -3.040838580866974e-07, -1.148980679363091e-07, 
-1.1434319448226358e-07, -1.0059444074890217e-07, -1.9362938091550102e-07, 
1.1667453082714376e-07, 2.1939487391410056e-08, -1.6547664727095357e-08, 
8.2568601456256558e-08, 3.7913136443086284e-08, -2.806292572565625e-08, 
-5.9304539369926555e-08, 4.498757148779088e-08, 5.3305013902262414e-08, 
-2.7673646532187254e-08, 2.860256698657907e-08, 2.7863267629684831e-08, 
-6.5571994620550106e-08, -5.0526137128601875e-08, -1.3487388122510827e-08, 
5.7534890901003006e-09, -6.1746506250838284e-08, -3.2746624712083322e-08, 
5.3141882472735439e-07, -4.4376751805813039e-07, 7.9093054721182092e-08, 
-1.0176652080645178e-07, -1.1967941692760253e-07, 3.3251325828926995e-08, 
-1.1215331914644017e-07, 5.5075465783896863e-09, 1.0872870028165451e-07, 
-4.6818596611423197e-08, -7.2260512308499542e-08, 1.4938130866833927e-08, 
-4.2913963230361278e-08, 1.099848131540768e-08, 3.9261906641967463e-08, 
