structure(c(0.0016089008389142227, 0.0018484585760271761, -4.9110423136500701e-05, 
-0.00067344655205824023, 0.00058039021443126307, -0.00058187802082747785, 
4.1875192803040909e-05, -0.00016235490384908423, 0.0023275674014522009, 
0.00066053348137269402, 0.0024840967995513451, -0.00022346032637744325, 
1.0172303824298475e-05, 6.5786488906733129e-05, -5.8435234127409224e-05, 
2.8957276926200976e-05, -0.00012145354256067798, 6.4119492267877612e-05, 
0.0028657686010540783, 0.0004954647080255292, -6.4931694375770199e-05, 
-3.3094610201870734e-05, -6.8630014578762228e-05, 3.2408634856534315e-06, 
0.0018484585760271761, 0.00070319121298751926, 2.4923215854111181e-05, 
-0.00035504071875973282, 0.00042316698264432587, -0.00022445224167378451, 
9.2745960206853869e-05, 6.7665640193554402e-06, 0.0015413149354741899, 
0.00055847013707687073, 0.001399740107265022, 3.9976856037249785e-05, 
4.9689402249077341e-05, 1.780425794892021e-05, -7.1941858696372317e-05, 
-8.6176944968700291e-05, -7.4194361543013804e-05, -5.8730069531420411e-05, 
0.00079865668962975545, -0.00028531963426518098, 3.1532980655152537e-05, 
-1.7169380699352015e-05, 1.5964713412104198e-05, -2.1576274419290492e-05, 
-4.9110423136500701e-05, 2.4923215854111181e-05, -9.022170591890634e-05, 
-4.5233092403482461e-05, 4.3412906710949978e-05, 0.00017120437319674981, 
-8.171434102577237e-05, -1.2000006552937709e-05, -1.5956762990513214e-06, 
-9.8625997315718086e-05, -0.00016044698090474636, -7.1396128513272891e-05, 
1.821890011856097e-06, -4.8469046610398681e-06, 7.5797909178610469e-06, 
-2.1020266880094882e-05, -7.6645876346432242e-06, 2.6167670759010745e-05, 
0.00032353130824099816, -0.0003765022161329063, -6.534411266639408e-05, 
-2.1352834866822483e-05, -2.7862235886737726e-05, 1.4066604165924592e-05, 
-0.00067344655205824012, -0.00035504071875973282, -4.5233092403482461e-05, 
8.0072010004548244e-05, -0.00017334697282047793, 1.0737066013173225e-05, 
-7.781220824744328e-06, -3.8999174559858603e-05, -0.00051007101426904131, 
-0.00022792325602018359, -0.00075687308518933489, -3.4836259328125919e-05, 
-1.5859318284576607e-05, 2.8773810467871692e-05, -1.5637988002177466e-05, 
-4.276838822905968e-05, 3.4346511050425475e-05, -3.3660897264047078e-05, 
-0.00061758235008572775, 0.00016434020547901696, 0.00012751518702112539, 
5.038611102118434e-05, 4.1106318506301353e-05, 8.2341954032735326e-06, 
0.00058039021443126307, 0.00042316698264432587, 4.3412906710949978e-05, 
-0.00017334697282047793, -5.7135184375560244e-05, -8.0953188110079931e-05, 
-4.2235190043799028e-05, -4.9159173009543596e-05, 0.00056018793535826607, 
7.4131175735444153e-05, 0.0006501155520272266, 1.0827727671352207e-05, 
-8.6324136143218019e-05, -6.4107750076711749e-05, 8.9191273306154882e-05, 
-0.00010538871082212606, -1.6982252752541632e-05, -1.7713179249812403e-05, 
0.00033308856535623984, -1.5853485363842385e-05, -6.5573810978363677e-05, 
1.9896588707775953e-05, 1.2333530056104176e-05, -1.4147482445578438e-05, 
-0.00058187802082747785, -0.00022445224167378451, 0.00017120437319674979, 
1.0737066013173224e-05, -8.0953188110079931e-05, 5.8450275684916848e-05, 
2.5839552811920986e-06, 2.5561424462190546e-05, -0.00044005795427835847, 
-0.00014342124752793684, -0.00032945235039682152, -3.4022763897052223e-05, 
6.2365946976700293e-05, 1.2324377828189062e-05, -2.3655767672161109e-05, 
4.0334447443277737e-06, -2.1066298132769771e-05, 2.6844412934660511e-05, 
-0.00042383896794732917, -0.00013653220395480411, 1.3298605133548885e-05, 
6.0775360168820488e-05, 4.3963540250041676e-05, -2.5534990174645357e-05, 
4.1875192803040909e-05, 9.2745960206853882e-05, -8.171434102577237e-05, 
-7.781220824744328e-06, -4.2235190043799028e-05, 2.5839552811920986e-06, 
-0.00010855380983233407, -1.1975005427157653e-05, 0.00012730009749032921, 
-1.5908423513381263e-05, -5.5810340008260441e-05, -1.4262479567412076e-05, 
8.7772869460228196e-06, 3.7662143642183347e-06, 3.9985674712602193e-05, 
-1.4626992936569978e-05, 1.8589718295879113e-06, -8.9333314592474805e-06, 
-2.2600112907381128e-05, -0.0004808284579977203, -5.0858365447610575e-05, 
1.1183819647480799e-05, -6.663980302909157e-05, 2.0598797145481109e-05, 
-0.00016235490384908423, 6.7665640193554402e-06, -1.2000006552937709e-05, 
-3.8999174559858603e-05, -4.9159173009543596e-05, 2.5561424462190546e-05, 
-1.1975005427157655e-05, -0.00011235371008299196, -0.0002243910390857807, 
-0.00017886556809352857, -0.00028379720970730455, -5.9090807541420976e-06, 
5.4331412059065146e-07, 1.8263822440444261e-05, 1.4026987368833186e-05, 
-5.8111858509187134e-05, -4.0924996152463843e-06, 3.8204507124550011e-05, 
-0.00013097663886209673, -3.4581444356395368e-05, 0.00011235910116679903, 
-1.3933026326946272e-06, 0.00010359788347830029, -3.0688374502395608e-05, 
0.0023275674014522009, 0.0015413149354741899, -1.5956762990513214e-06, 
-0.00051007101426904131, 0.00056018793535826596, -0.00044005795427835853, 
0.00012730009749032921, -0.0002243910390857807, 0.00210557761088128, 
0.0013874562935795123, 0.0026925816647076677, 0.00038826413308177431, 
7.3745602912864659e-05, 4.552143989327308e-05, -0.00013061132535904595, 
7.5809780167731706e-05, -0.00023559162192314143, 9.4337539315148369e-06, 
0.0028070430089596533, -0.00022449684699498186, 9.2313471735367791e-05, 
5.7399818747387275e-05, -0.0001553160552766574, -0.00013075305871190762, 
0.00066053348137269392, 0.00055847013707687073, -9.8625997315718073e-05, 
-0.00022792325602018362, 7.4131175735444153e-05, -0.00014342124752793686, 
-1.5908423513381263e-05, -0.00017886556809352857, 0.0013874562935795123, 
0.00023063070433452501, 0.00087620322477029318, -3.3175497002111233e-05, 
4.529477437663791e-05, 5.7980205890793628e-05, 4.8841169820203893e-06, 
-7.9037748132020034e-05, 0.00011473143982480937, -1.8991886208869684e-05, 
0.00043130861461755004, -2.8828845510841932e-05, 9.8505020952951965e-06, 
-9.1954871295178494e-06, -7.3504131045382573e-05, 6.8666051322743218e-06, 
0.0024840967995513451, 0.001399740107265022, -0.00016044698090474633, 
-0.00075687308518933478, 0.0006501155520272266, -0.00032945235039682146, 
-5.5810340008260441e-05, -0.00028379720970730455, 0.0026925816647076677, 
0.00087620322477029308, 0.0018662271095314664, 0.00018619225484515408, 
3.130013608434929e-05, 0.00014578952879454766, -5.4759859881636247e-05, 
-0.00010984325390389341, 8.0167945632207596e-05, -3.2652454504044655e-05, 
0.0014418771976866683, 0.0002391699492578639, 0.00042475461085536348, 
8.3710487915035763e-05, 0.00010480916579306193, -3.6938316540801564e-05, 
-0.00022346032637744328, 3.9976856037249785e-05, -7.1396128513272891e-05, 
-3.4836259328125919e-05, 1.0827727671352207e-05, -3.4022763897052216e-05, 
-1.4262479567412078e-05, -5.9090807541420976e-06, 0.00038826413308177431, 
-3.3175497002111226e-05, 0.00018619225484515408, -7.2024760327613356e-05, 
-8.4948491325474894e-05, -6.0908494265506684e-05, 1.5273927348497012e-05, 
-4.811359457500546e-05, 5.5621166972217562e-05, -2.4707539574180555e-05, 
-0.00011108671213062765, -0.00034353172312897662, 2.2378233507448144e-05, 
-2.5334015333063115e-05, 1.9938659281763234e-05, -4.2063317513169443e-05, 
1.0172303824298475e-05, 4.9689402249077347e-05, 1.8218900118560972e-06, 
-1.5859318284576607e-05, -8.6324136143218032e-05, 6.2365946976700293e-05, 
8.7772869460228179e-06, 5.4331412059065156e-07, 7.3745602912864659e-05, 
4.529477437663791e-05, 3.130013608434929e-05, -8.4948491325474894e-05, 
-2.6784032080887459e-05, -3.7894558827607243e-05, -1.487301669396189e-05, 
-3.1510710793849502e-06, -1.1950857736414409e-05, 9.8602331025381099e-06, 
0.00010007793035781947, 0.00011039494474427328, -2.3985943986630887e-05, 
3.2336981190742938e-07, 4.4591067123077672e-05, -2.6451680989711102e-05, 
6.5786488906733129e-05, 1.780425794892021e-05, -4.8469046610398681e-06, 
2.8773810467871689e-05, -6.4107750076711762e-05, 1.2324377828189062e-05, 
3.7662143642183351e-06, 1.8263822440444261e-05, 4.552143989327308e-05, 
