structure(c(-0.48097664715454208, -0.34215994726606469, -0.01737900771342811, 
0.1479617634777704, -0.14953823713289224, 0.10852642901352104, 
0.039326484114163299, 0.026960264599091822, -0.54281036830818652, 
-0.1700714705392623, -0.55969518695557252, 0.022904826920957907, 
0.022774261479239114, 0.022600889741766231, 0.016580135764859411, 
0.0095881832415630197, 0.031676751341152241, 0.023185044756067606, 
-0.12933452527482472, -0.16857807647229181, 0.034322764941395356, 
-0.022364659305609803, -0.003717050461213105, 0.0076397558027290965, 
-0.34215994726606463, -0.17648307265305968, -0.00018583876943945366, 
0.10582307053223462, -0.091298949739338137, 0.043065282051764235, 
0.025066829014733977, 0.031807713781265463, -0.31357753600542121, 
-0.055772143781223013, -0.31771717182394732, -0.027765674581834536, 
0.0064335373400965495, 0.010604827738361378, -0.0031197606304907365, 
0.0024396903995431924, 5.9538847760420496e-05, 0.01374879226471235, 
-0.062461864615288985, -0.06597852225255138, -0.0068484835791041282, 
-0.025693093952276719, -0.004055453613003592, 0.0014819207627196338, 
-0.01737900771342811, -0.00018583876943945369, 0.0025621138252735496, 
0.0075990421239217048, 0.013963464190307586, 0.000685381061945551, 
0.019492929236063192, -0.0028689737906055519, -0.033592868499295811, 
-0.01737870481052118, -0.020104476469212668, 0.0033986491552117784, 
0.00058069289161257777, -0.00095262578733664057, 0.0070155283236036387, 
0.0055534162066116066, 0.0049730893551898992, 0.0082643131791066173, 
0.0084334636548027853, 0.022762602334705583, 0.0089059183875777985, 
-0.0065410949769888465, -0.0040886102828691989, 0.0038328595969469316, 
0.1479617634777704, 0.10582307053223461, 0.0075990421239217039, 
-0.038823701528338153, 0.034122778491976306, -0.020470573379673535, 
-0.0026765522835645586, -0.011225037630523509, 0.14974262885418552, 
0.086166038300685296, 0.14718851469862754, -0.011372603658826291, 
0.0047770398018039378, 0.0061372317814885856, -0.0044500482668874191, 
-0.0065802641673942241, -0.0052604791015140491, 0.0001584504687249507, 
-0.0081028088448578742, -0.0044073253684171693, 0.0042175289240036565, 
0.0052009256589875194, -0.003407781603148907, 0.0096074132567741041, 
-0.14953823713289224, -0.091298949739338123, 0.013963464190307586, 
0.034122778491976299, -0.00019039183398617267, 0.028568796136830166, 
0.014235391648876645, 0.012764052286634705, -0.17138467150068587, 
-0.062486323433525427, -0.17000865210421051, 0.018451212814649318, 
0.01280283959804689, 0.013520722275835966, 0.0044746605299405204, 
-0.015404929784397144, 0.006825906424789298, 0.0066318987593242864, 
-0.027761865332977951, 0.041954961610692357, 0.01353528577974005, 
0.012134650804605723, 0.0064582988886957571, 0.011662690020578287, 
0.10852642901352105, 0.043065282051764235, 0.00068538106194555111, 
-0.020470573379673535, 0.028568796136830162, 0.0043193689816234549, 
-0.0053052894513929034, 0.001280186724190195, 0.12909717445683128, 
0.048216600450625251, 0.1167289279226099, 0.009530364110836808, 
-0.00065731249075959145, -0.0014959306873056507, 0.00056386223654092079, 
-0.0068943658858429801, 0.005330694021421889, 0.0062252817179304304, 
0.007123165761708402, -0.011817264686736531, 0.011221884271053762, 
0.0011787607333081187, -0.00075073375498641286, -0.0027995526802312215, 
0.039326484114163299, 0.02506682901473398, 0.019492929236063189, 
-0.0026765522835645586, 0.014235391648876645, -0.0053052894513929034, 
0.015568691733787396, -0.0035592351966940968, 0.010734940895599407, 
-0.00010875544479574209, 0.012796845627954731, -0.010639062733046671, 
0.0053289428002089578, 0.0077097305367319407, 0.00062477897624217617, 
-0.004182945391158324, -0.0060060447559818833, 0.0083447014244257978, 
-0.019230412982929657, 0.0097896635971523992, 0.0015550653741732037, 
-0.003449141897039112, -0.0056685677336625198, 0.0039744172078511773, 
0.026960264599091822, 0.031807713781265463, -0.0028689737906055519, 
-0.011225037630523509, 0.012764052286634705, 0.0012801867241901948, 
-0.0035592351966940968, -0.0072852638459902606, 0.046434998711773499, 
0.012621913687600841, 0.070390390081342055, 0.003962022490726004, 
-8.7277927384749409e-05, 0.0024277877085309651, -0.0010302329404058349, 
0.0038226243980878111, 0.0080519267309287056, 0.0081086429778623702, 
-0.021146519383754604, 0.032457412322144705, 0.00075362120541258733, 
-0.002445838039009861, 0.0010223225531142209, 0.0017025150444654816, 
-0.54281036830818641, -0.31357753600542121, -0.033592868499295811, 
0.14974262885418549, -0.17138467150068587, 0.12909717445683128, 
0.010734940895599407, 0.046434998711773499, -0.40552547773556913, 
-0.19115135639298728, -0.52401071344415762, -0.013230430823521865, 
0.00091876609625138566, -0.0053038116703119425, 0.0055618674898361429, 
-0.025596278804621515, 0.0048279207663502015, -0.00076788794183990021, 
-0.13712036141692957, -0.041365583699248719, 0.0068925171327011868, 
-0.0059415560893124964, 0.010748497968471724, 0.0089881804419131815, 
-0.1700714705392623, -0.055772143781223006, -0.017378704810521183, 
0.086166038300685296, -0.062486323433525427, 0.048216600450625251, 
-0.00010875544479574208, 0.012621913687600841, -0.19115135639298728, 
-0.032976733363081302, -0.17034067763011645, 0.017430421942108795, 
-0.0031196748738719885, -0.0056748471720330478, -0.0055737939254709894, 
-0.014667188430688659, -0.01053840019217926, -0.0080975730739824368, 
-0.093484163277275475, -0.012592530298808653, -0.0064841046116542803, 
0.00086371214725230615, 0.0088690251209833787, -0.00056717620180984755, 
-0.55969518695557263, -0.31771717182394732, -0.020104476469212665, 
0.14718851469862754, -0.17000865210421048, 0.1167289279226099, 
0.012796845627954731, 0.070390390081342055, -0.52401071344415751, 
-0.17034067763011643, -0.51605305356542008, 0.027816836581899401, 
0.0076704180144180718, -0.0037093100123600066, 0.0045978862017573034, 
-0.00033102127921494026, 0.012238603318117186, 0.00044091963787557962, 
-0.13247461617536235, -0.14913837363461896, -0.0099414846176425729, 
0.007500630316612444, 0.0016421376826177864, 0.0051289834609999346, 
0.022904826920957907, -0.027765674581834536, 0.0033986491552117789, 
-0.011372603658826292, 0.018451212814649315, 0.0095303641108368097, 
-0.010639062733046671, 0.003962022490726004, -0.013230430823521865, 
0.017430421942108795, 0.027816836581899401, 0.0252140875751896, 
0.011182433464577229, 0.0061062953656417741, 0.0033785725494828969, 
-0.0068884547233118969, -0.0025901919987265033, 0.0084196672105903148, 
-0.039205020791811651, -0.052277030118522395, 0.0038640813299863951, 
0.0054406869275351486, -0.00068081711965649382, 0.0033895900037688442, 
0.022774261479239111, 0.0064335373400965503, 0.00058069289161257777, 
0.0047770398018039369, 0.01280283959804689, -0.00065731249075959156, 
0.0053289428002089578, -8.7277927384749409e-05, 0.00091876609625138566, 
-0.003119674873871988, 0.0076704180144180718, 0.011182433464577228, 
0.0079036382121666013, 0.0075208734582037917, 0.0022008907442194331, 
0.0019234274416478083, 0.0033427968025787182, 0.0010385383803096389, 
0.021944907045236654, 0.033499071999171189, 0.0014870247693878518, 
0.0056425754711412505, 0.0018307824686918234, 0.0040042390811100143, 
0.022600889741766227, 0.010604827738361378, -0.00095262578733664068, 
0.0061372317814885856, 0.013520722275835966, -0.0014959306873056507, 
0.0077097305367319399, 0.0024277877085309646, -0.0053038116703119425, 
-0.0056748471720330486, -0.0037093100123600062, 0.0061062953656417741, 
0.0075208734582037917, 0.0052526742194622415, 0.00036025680234011279, 
0.0010922293664703425, 0.0028506871113735763, 0.0017532072229237909, 
-0.0082407455917418194, 0.018254109919347075, 0.0030253740204900315, 
-0.0011806162340613146, -0.00048812689889662621, 0.0017603810599457993, 
0.016580135764859411, -0.0031197606304907369, 0.0070155283236036387, 
-0.0044500482668874191, 0.0044746605299405195, 0.00056386223654092079, 
0.00062477897624217617, -0.0010302329404058347, 0.0055618674898361429, 
