structure(c(-0.53887888897295089, -0.35151780237073799, -0.042221572022615547, 
0.15949754836015564, -0.18598434790003524, 0.092435991174417462, 
0.022909866145206528, -0.0012343070302431841, -0.56484473587261619, 
-0.19519128853828016, -0.56282165931034733, -0.0018381770640881641, 
0.020165572722515082, 0.0082572616260300335, 0.034519637058708919, 
-0.0054122907234196342, 0.0048040609130382064, -0.011164631919032818, 
-0.13706739243047286, -0.13108290776442907, 0.041977979575327111, 
-0.020420791138006197, -0.0013038549820591405, 0.0067063531539909172, 
-0.35151780237073804, -0.23989215867653635, 0.002327635280391985, 
0.12194144243246595, -0.096926550626557986, 0.055295250423889213, 
-0.0037209528567147022, 0.032520881958604322, -0.29181812316868927, 
-0.10421906786286499, -0.33684684646727647, -0.0017756580811859337, 
0.0016085399391469637, 0.0034779379733734972, 0.0083417307246217379, 
0.0017662909534505668, 0.0051858399054785405, 0.017920585709335329, 
-0.0014657639437555034, 0.034714400619706653, 0.018368823991272626, 
-0.023114561752954732, 0.011242501363079903, -0.0002474089578098049, 
-0.042221572022615547, 0.002327635280391985, 0.011075146140975257, 
-0.00619640261920173, -0.00450459328169436, -0.01028318919342015, 
0.0043185660890955298, -0.00052600940470639223, -0.023851082382777427, 
-0.030085145704932221, -0.045259226554568883, 0.00076817859812023162, 
-0.0060785789346697377, -0.0087130416890450462, 0.0092872562713978337, 
-0.016983213500443867, -0.012592096413078655, 0.0025864955719823268, 
-0.057821883886269666, 0.013654141749368673, 0.00609212480348479, 
0.001118116958567386, 0.0044523094846078311, 0.0056095328266441433, 
0.15949754836015564, 0.12194144243246596, -0.0061964026192017291, 
-0.033632209140242807, 0.037405589742854434, -0.018635557665360729, 
0.0005493162479193979, 0.0045387513641054608, 0.16543757802763712, 
0.074310604040981915, 0.19206943186623132, 0.014939107694029528, 
0.0044156837442066868, 0.0076733508253615914, 0.0019149344161953537, 
0.022043283961683757, 0.004982260311257385, 0.0064787717825474178, 
-0.0049871228798969098, 0.029580428251248465, 0.0049782159963869107, 
-0.0026292402225682999, 0.00549475045729164, -0.0038606440726246158, 
-0.18598434790003526, -0.096926550626557986, -0.00450459328169436, 
0.037405589742854434, -0.023521737210848333, 0.022337140195968493, 
0.0018177229011406442, 0.017256696368724102, -0.13688304731884776, 
-0.057138657270170895, -0.1355674180442952, 0.0029156248145465538, 
-0.0013856806669571373, -0.002905371753610983, 0.014134125714756347, 
0.0030262928598285728, 0.0049519271484376581, 0.0012662519401007532, 
0.10682315826818986, -0.020060030430810703, 0.012418283918441485, 
0.013200930308121535, 0.010250448623485574, 0.0087625212112503806, 
0.092435991174417448, 0.055295250423889206, -0.010283189193420151, 
-0.018635557665360729, 0.022337140195968497, -0.001276593946747743, 
-0.0065827004968531345, -0.00086847720067438855, 0.11789293032483607, 
0.055586172406702848, 0.082179573204142098, 0.0040689238981817828, 
-0.0026303825865332748, 0.0025793548688518506, -0.0067633722112763073, 
-0.0014451534776199649, 0.0087310821180901776, 0.0073464268167577297, 
0.035371653766980336, 0.0098318965705846174, 0.0064313655280613365, 
-0.011997199733361604, -0.0017682746978299102, 0.0041451108906635781, 
0.022909866145206528, -0.0037209528567147022, 0.0043185660890955298, 
0.00054931624791939779, 0.0018177229011406444, -0.0065827004968531345, 
0.0017097230204554045, -0.0020475270964099594, -0.011504455626490931, 
0.015815039768604492, -0.0011099965108723674, -8.2114988407453737e-05, 
-0.0016520500699203748, 0.00057466213800636402, 0.0091536181664464526, 
-0.0023566893012223768, -0.0015885880265965827, 0.00041840461635229937, 
0.025872985921813793, 0.0081080040072183234, 0.0011302900506678921, 
0.0035601658745163934, 0.0025482336936865223, -0.00031180699538306897, 
-0.0012343070302431841, 0.032520881958604322, -0.00052600940470639223, 
0.0045387513641054608, 0.017256696368724102, -0.00086847720067438855, 
-0.0020475270964099594, -0.0052590380565260648, 0.039344134879450085, 
0.017377401379254687, 0.061145032144720141, 0.00041237328724581725, 
-0.0055454601500030589, -0.0040635230936562454, 0.0017026303418356183, 
0.0010289464913100712, 0.0057404838084766513, 0.0074595061146379244, 
-0.027799326556012919, 0.019231725185281684, -0.011219798719025849, 
-0.00019235219178058579, 0.0048934135806891349, 0.0073020201194871296, 
-0.56484473587261619, -0.29181812316868927, -0.023851082382777427, 
0.16543757802763712, -0.13688304731884773, 0.11789293032483608, 
-0.011504455626490931, 0.039344134879450085, -0.38891386041972936, 
-0.19691731279707916, -0.49063610725194096, 0.0068933758363638317, 
0.014018536530850062, 0.011215017495650754, 0.010359074334762962, 
0.00027276651853564549, 0.0090060173838535894, -0.0018582156297987768, 
-0.22903467410327116, -0.014018416980784765, 0.00053239045591895807, 
-0.01558784249011924, 0.022016713767312755, 0.0030692031690700565, 
-0.19519128853828016, -0.10421906786286499, -0.030085145704932221, 
0.074310604040981929, -0.057138657270170895, 0.055586172406702848, 
0.015815039768604492, 0.017377401379254691, -0.19691731279707919, 
-0.045438532903900396, -0.16593004013599175, 0.0070659936667474754, 
0.010220127256949815, 0.0054907318820561872, 0.0080097058080660227, 
0.0058871340708713041, -0.0057031322871157761, 0.012964610436615613, 
-0.038881423983774907, 0.0062550600178234075, 0.010689543321044364, 
0.011753381066396555, 0.0057758729834420887, 0.0031033953594030196, 
-0.56282165931034744, -0.33684684646727647, -0.04525922655456889, 
0.19206943186623132, -0.1355674180442952, 0.082179573204142112, 
-0.0011099965108723674, 0.061145032144720148, -0.49063610725194096, 
-0.16593004013599172, -0.53961545906096342, 0.0163461596574997, 
0.013633015025118022, 0.0080360151382357792, 0.01875879444527305, 
0.020235586737767465, 0.010861032978345512, 0.013622398398375004, 
-0.084806653775747962, -0.080555280191974818, 0.0018857458580799169, 
-0.0019705749053818239, 0.019565932767408388, 0.011903641155898988, 
-0.0018381770640881639, -0.0017756580811859335, 0.00076817859812023173, 
0.014939107694029528, 0.0029156248145465542, 0.0040689238981817828, 
-8.2114988407453723e-05, 0.00041237328724581725, 0.0068933758363638317, 
0.0070659936667474754, 0.0163461596574997, 0.0048892746830284904, 
0.015902940870255167, 0.011150064673399364, -0.0024451377334234934, 
-1.0021862830111181e-05, 0.00038168854135745868, 0.018705495539630541, 
0.087981711645942484, -0.037765914824801378, 0.0038653519108037878, 
0.0043141565500966232, 0.0096680369399061942, 0.0072689835796808178, 
0.020165572722515079, 0.0016085399391469637, -0.0060785789346697377, 
0.0044156837442066868, -0.0013856806669571375, -0.0026303825865332748, 
-0.0016520500699203748, -0.005545460150003058, 0.01401853653085006, 
0.010220127256949816, 0.013633015025118021, 0.015902940870255167, 
0.015514048568175322, 0.014050798436654214, -0.00046057437844216085, 
0.00096991421251044793, -0.0011208973642327503, 0.00022297403401962471, 
0.027515329843370323, 0.018112894160793046, 0.0027225255059301471, 
0.0081657731707973601, 0.0013109925545761636, 0.0084075243436379683, 
0.0082572616260300335, 0.0034779379733734972, -0.0087130416890450462, 
0.0076733508253615922, -0.002905371753610983, 0.002579354868851851, 
0.00057466213800636402, -0.0040635230936562454, 0.011215017495650754, 
0.0054907318820561863, 0.0080360151382357775, 0.011150064673399364, 
0.014050798436654214, 0.015659257687812185, 0.0017470856906985123, 
0.002819268375123773, 0.004409755019588707, 0.0054180098907811959, 
0.0021767711572132265, 0.03237792148770096, 0.0041225296206510607, 
0.007273247772790363, 0.0078572421356677847, 0.0057523404639186048, 
0.034519637058708919, 0.0083417307246217379, 0.0092872562713978337, 
0.0019149344161953537, 0.014134125714756349, -0.0067633722112763073, 
0.0091536181664464526, 0.0017026303418356183, 0.010359074334762962, 
