structure(c(-0.44133511296134781, -0.38505277826038758, 0.016794486111889342, 
0.12535133606268214, -0.1728208560908796, 0.10493621574242057, 
-0.020770496666172922, 0.041366743640608619, -0.48178454155691813, 
-0.17687121680399875, -0.558484497948881, -0.0090881319494244186, 
0.02691293634442565, 0.02115361734004334, 0.011157365946414732, 
0.014433872434370694, 0.013241553766429668, -0.0061667882565281202, 
-0.24080161364172625, -0.1639013093321065, 0.017754454812372571, 
-0.019069682337649094, 0.0053705436640596573, -0.0072799248568059553, 
-0.38505277826038753, -0.13264574555981085, 0.020475675336025647, 
0.10234206171914215, -0.084139432160659847, 0.059971691494351373, 
0.014001974579695037, 0.04028785498993117, -0.23150422836682066, 
-0.073867240615020688, -0.29023014317895923, 0.010021588987648135, 
0.013117601021803777, 0.011920889038023977, 0.0016491788203274757, 
0.01470233776242709, 0.020116888129051529, 0.0034742041981444234, 
-0.097996334389630083, -0.081979338093963544, 0.0059049164745623144, 
-0.0013933993300251971, 0.014749276829328431, 0.019439822510636928, 
0.016794486111889342, 0.020475675336025644, 0.019585045225925135, 
0.01094821365738729, -0.0047167108630075836, -0.010002972622622293, 
0.003103946527058261, -0.00096204507481811147, -0.030338316205322527, 
0.0041987568664255542, -0.016302033921732035, 0.0059878311861394284, 
0.0035830771575111023, 0.0056107806018234714, -0.0048980193754307516, 
0.0031262506929213203, 0.0030148312664751153, 0.017197271067178162, 
-0.0026860247331779879, 0.0081364761317299465, 0.011537817595463408, 
0.0035713028273078786, 0.019914872827730284, 0.0050201957412630066, 
0.12535133606268214, 0.10234206171914215, 0.010948213657387292, 
-0.029990738279217301, 0.026011205736157988, -0.011976754323547627, 
0.0010716223753639751, -0.0059087461844440992, 0.15461876716104794, 
0.07089800174690003, 0.16414607345900936, 0.0059300028322996296, 
0.012399203787345282, 0.013249480276810797, 0.010407493087949315, 
0.0032523089687073281, -0.001090596897407894, -0.0012400971696250923, 
0.090705284810741971, -0.0022878585739439109, 0.0060846116509847116, 
0.00057739940076156611, -0.0040083911087066375, 0.012455402570158767, 
-0.1728208560908796, -0.084139432160659833, -0.0047167108630075828, 
0.026011205736157988, -0.019392784870998384, 0.025969081261002117, 
0.0019100245331282581, 0.0023834423368667436, -0.14157652175332117, 
-0.058790286832054721, -0.15134702468470262, -0.0044540785475017889, 
-0.00028125797940141368, -0.0023778298116690034, 0.0015163478836974103, 
-0.012263722198848503, 0.0017097435621117826, 0.021278802160050035, 
0.054787574872869386, -0.084476140921776674, 0.0039870354795940024, 
0.008791434210712842, -0.0022104369290192796, 0.0029121761023551021, 
0.10493621574242057, 0.059971691494351366, -0.010002972622622293, 
-0.011976754323547627, 0.025969081261002117, -0.0031914452500674691, 
0.010730896627303867, 0.0079449906236147873, 0.10712037104296038, 
0.048414690758902625, 0.10142644357514861, 0.00066324099018455029, 
-0.0081398584422755407, -0.0019501678453850465, 0.0035320330658003161, 
-0.0030720859990864117, 0.006010182440408472, -0.0028808080696434897, 
-0.030702062761138429, -0.001031896508702319, 0.0049627691142851756, 
-0.0076818043941665358, -0.0012755096460232479, 0.012277861117709654, 
-0.020770496666172922, 0.014001974579695039, 0.0031039465270582614, 
0.0010716223753639751, 0.0019100245331282581, 0.010730896627303867, 
0.0070515208926842377, -0.0083758867411091557, -0.0035528399160571259, 
-0.0054130679275359809, 0.0028147941870419703, -0.0045757977226145476, 
0.0057915813258084823, 0.00930416258448424, 0.0033143876462391995, 
-0.0075186392286943522, 0.0055710597882921717, 0.0023608107837100128, 
0.00097597831899241664, 0.017157404177152401, 0.016748746981621675, 
0.0021198932222643505, 0.011003557969992384, 0.0055467898379733824, 
0.041366743640608612, 0.04028785498993117, -0.00096204507481811136, 
-0.0059087461844440992, 0.0023834423368667436, 0.0079449906236147873, 
-0.0083758867411091557, -0.005347079436916335, 0.04599827061569009, 
0.035664524071474975, 0.060928945941518535, 0.015140386739217478, 
0.00032908165602393212, 0.0027024246441416859, -0.0065129780659423818, 
0.0064222922731889441, -0.0018787061071935912, 0.0058770604928388174, 
0.051076122763681286, 0.01563742017881797, -0.0082973710282146871, 
-0.0034058144086177053, -0.0018243130444266994, -0.00054244848481530613, 
-0.48178454155691813, -0.23150422836682066, -0.03033831620532253, 
0.15461876716104797, -0.14157652175332117, 0.10712037104296038, 
-0.0035528399160571259, 0.04599827061569009, -0.41042085034968956, 
-0.22190498584785265, -0.54253459978664109, -0.020903163542495971, 
0.024641585528196511, 0.022851209569288461, 0.028904664857713876, 
-0.014347833158654568, 0.01513580249307403, 0.0028516846038030368, 
-0.14669497551076316, -0.077505970511783401, -0.0023779191134356407, 
-0.01118623838002852, 0.010129229249776718, 0.016361228486930467, 
-0.17687121680399873, -0.073867240615020688, 0.0041987568664255542, 
0.07089800174690003, -0.058790286832054714, 0.048414690758902625, 
-0.0054130679275359809, 0.035664524071474975, -0.22190498584785268, 
-0.028423011542964734, -0.16071059210333233, 0.0038558650396433398, 
0.01734008908471444, 0.010017703549992344, -0.0036951032536900125, 
0.0064842107371509798, 0.015376535140130787, 0.013282096200325203, 
0.026551472029232959, -0.041450508505998497, 0.020822974410277167, 
0.017702202358400688, 0.026100810828681806, 0.011040011243976097, 
-0.55848449794888089, -0.29023014317895923, -0.016302033921732038, 
0.16414607345900936, -0.15134702468470265, 0.10142644357514861, 
0.0028147941870419703, 0.060928945941518528, -0.54253459978664109, 
-0.16071059210333233, -0.51025550219912552, 0.021869845721730889, 
0.012411245201718867, 0.0041771784633245004, 0.0044344439916542055, 
0.027642580924695959, 0.001948101436306046, -0.0047418253416358037, 
-0.13364188877994088, -0.17215851147974601, -0.026175333062563883, 
-0.0072618737951917912, -0.0047109668704499981, 0.012716721837060636, 
-0.0090881319494244168, 0.010021588987648133, 0.0059878311861394293, 
0.0059300028322996304, -0.0044540785475017889, 0.00066324099018455029, 
-0.0045757977226145476, 0.015140386739217478, -0.020903163542495967, 
0.0038558650396433398, 0.021869845721730889, 0.022810308538873187, 
0.0038234709270882172, 0.0080518630861487282, -0.0034880523067327435, 
0.0033485156925734498, 0.0018873739245568253, 0.0048546738811529912, 
0.12992225180128292, 0.043111942749247414, -0.006326205924514495, 
-0.00064979199762565097, 0.0045386755493934767, 0.011663945536839951, 
0.026912936344425653, 0.013117601021803777, 0.0035830771575111023, 
0.012399203787345282, -0.00028125797940141363, -0.0081398584422755407, 
0.0057915813258084823, 0.00032908165602393207, 0.024641585528196508, 
0.017340089084714443, 0.012411245201718867, 0.0038234709270882172, 
0.0086578585595596686, 0.0087491228835452177, 0.0026904665725339806, 
0.0041544594776885277, 0.0015258162348947388, -0.0055329392350485776, 
-0.0027856841383355133, 0.059817561576526866, 0.0044917005936042052, 
0.0092775079278180975, 0.0052421973749950728, -0.00085254581874216599, 
0.021153617340043337, 0.011920889038023977, 0.0056107806018234705, 
0.013249480276810797, -0.0023778298116690034, -0.0019501678453850463, 
0.00930416258448424, 0.0027024246441416854, 0.022851209569288457, 
0.010017703549992344, 0.0041771784633245004, 0.0080518630861487282, 
0.0087491228835452177, 0.0081955248388148882, 0.0020515708698621692, 
0.0053382697678820944, 0.0050636245160544432, -0.0079349802349219338, 
-0.045276405863742632, 0.04660003494840767, 0.0090381548289995266, 
0.0083807688121155712, 0.0057120226192346867, 0.0006379646778056382, 
0.01115736594641473, 0.0016491788203274755, -0.0048980193754307524, 
0.010407493087949315, 0.0015163478836974101, 0.0035320330658003161, 
0.0033143876462391991, -0.0065129780659423809, 0.028904664857713876, 
