structure(c(-0.4107209851590799, -0.2614690402045301, -0.035708039656787503, 
0.13605911746786917, -0.16869265210677167, 0.10404493955301578, 
0.0042317820350249325, 0.058611246869199454, -0.3617285293753924, 
-0.18650879004943904, -0.42975517081751413, -0.016462087044747376, 
0.015543698776943072, 0.016073206846686425, 0.042738299112617957, 
-0.01739758740263507, 0.03569835829132928, -0.012293501525010646, 
0.032452538498165616, -0.040564153848710725, 0.016443840203201218, 
-0.020573736770574502, 0.029899456758436044, 0.0042058860365756113, 
-0.2614690402045301, -0.076531702497390608, 0.006170479345136236, 
0.096643778723815368, -0.094753160932723429, 0.059302600586210723, 
0.0062663492144212516, 0.029044465462700904, -0.2076192669933791, 
-0.068799023549840577, -0.24725569512264201, -0.0077835137916062204, 
0.0026874139723755998, 0.0092017003587966609, 0.011567819962178802, 
-0.00030168029766662054, -0.00033311649295098645, 0.023899859453512778, 
-0.032933235936674313, 0.0401492882253758, -0.023963151770555878, 
-0.015891104634149729, -0.0012164765673487133, -0.0026564672488344114, 
-0.035708039656787503, 0.006170479345136236, 0.0079932922740497125, 
0.014457149073250927, -0.019426272510591158, -0.0018805020302824231, 
0.011603072102281852, 0.0090095036046805802, -0.018674511657652312, 
-0.014442612356348892, -0.0043567924745379957, 2.2991731095699663e-05, 
-0.0042885599164465809, 0.0006156034249617696, 0.001153224865862037, 
0.013643678902680392, 0.010259725238801986, 0.015008607090860979, 
-0.031451958212282832, -0.010040566470360175, 0.0043721002554043672, 
-0.00087682040906888667, 0.007986494330664921, -0.0003593639881228409, 
0.1360591174678692, 0.096643778723815368, 0.014457149073250927, 
-0.048458268781592227, 0.040705549477969179, -0.01887854489052963, 
-0.0071172721688837412, -0.010953504771340878, 0.11170522441273623, 
0.044986401342567074, 0.12571829735399911, -0.0041047660505046076, 
0.0041486519998728153, 0.005827920431363879, 0.0043494330725025393, 
-0.010282303658841464, -0.0076034401910465592, -0.0028588823730783929, 
0.05553708565026462, 0.043873410898481707, -0.002039458450098312, 
0.0013848879183270936, 0.0018768178519391915, 0.0099585279703624137, 
-0.16869265210677167, -0.094753160932723415, -0.019426272510591158, 
0.040705549477969172, -0.039505761362790041, 0.011669159603705128, 
-0.011260589567841284, -0.0052612481743706443, -0.12092894435095668, 
-0.062854848845023861, -0.13409118702953801, 0.023239440806864277, 
-0.0071227644998338134, -0.0016548353903110288, 0.0060379667157233049, 
0.0053476444095753081, 0.015930810418462754, 0.0064248021892623821, 
-0.060633606965420819, 0.0036839060993547998, 0.0012726683599995764, 
0.01716859820321023, 0.006907220655742524, 0.0060467451220020171, 
0.10404493955301578, 0.059302600586210723, -0.0018805020302824231, 
-0.018878544890529626, 0.011669159603705126, 0.022573143962454814, 
-0.0032983372582703662, 0.0019702261161243032, 0.079959423136745922, 
0.019158711215869064, 0.080243807532778919, -0.0033220787284346741, 
0.0016997408627203597, 0.0034258240992956312, -0.0071036323421543165, 
0.0013612593112825092, 0.0058693458866759338, -0.0058378546226176371, 
0.022362219857479625, -0.029737363005680785, 0.0033650174298663097, 
-0.0051059691040583523, 0.00085511980083933224, 0.0036136400608038294, 
0.0042317820350249325, 0.0062663492144212516, 0.011603072102281854, 
-0.0071172721688837412, -0.011260589567841282, -0.0032983372582703657, 
0.0052498891028330136, -0.0099864492825227514, 0.00076758550872378271, 
-0.0052126655163585896, 0.010850393028904603, -0.0034555587269438112, 
0.0025719217033592259, 0.0044035797932164052, -0.00019840162369597536, 
-0.007727851709524486, -0.0055044775442223103, 0.0016372461918294251, 
0.050764021756038356, 0.021512745507337262, 0.0037048979296302994, 
-0.0012704415225736863, 0.0053173279711743312, 0.0015089607569923984, 
0.058611246869199461, 0.0290444654627009, 0.0090095036046805802, 
-0.010953504771340878, -0.0052612481743706443, 0.0019702261161243032, 
-0.0099864492825227514, 0.0018725531155205496, 0.022296089855545691, 
0.027968304621934691, 0.051868891190420083, 3.5615316921494978e-05, 
0.0012918963033722076, 0.0039306685306788238, 0.0049655514735881274, 
0.0044861401217066842, 3.437643776851821e-05, 0.0030981767618035567, 
-0.022016399357764119, -0.023692336451230471, -0.0060061807697632027, 
0.0013013022606265673, -0.0081188117048039202, 4.7272589594369093e-05, 
-0.3617285293753924, -0.2076192669933791, -0.018674511657652312, 
0.11170522441273623, -0.12092894435095669, 0.079959423136745922, 
0.00076758550872378271, 0.022296089855545691, -0.37540724301152206, 
-0.16988826301103796, -0.40715390281632402, -0.021632326849470258, 
0.018224583123133679, 0.010989548449541057, 0.013063165981362097, 
-0.01038538612708406, 0.0014972474528722238, -0.024275450672674646, 
-0.16916810606445135, -0.053989876056503787, 0.006504043824842788, 
-0.020229650624848633, 0.0043823052332216395, 0.00057260135832361389, 
-0.18650879004943904, -0.068799023549840577, -0.014442612356348892, 
0.044986401342567074, -0.062854848845023861, 0.019158711215869068, 
-0.0052126655163585896, 0.027968304621934691, -0.16988826301103796, 
-0.052223426002249079, -0.17037982058317047, -0.010090224701693358, 
0.012701950854385321, 0.00058716306679141574, 0.0083272191192640364, 
-0.01679841133521558, 0.012815802801841121, -0.0024763366735350641, 
0.024908425356869799, 0.0092845656645619279, 0.0041841428758322289, 
0.0043852854861310287, 0.0015177065639572595, 0.012602221460086532, 
-0.42975517081751413, -0.24725569512264201, -0.0043567924745379957, 
0.12571829735399911, -0.13409118702953798, 0.080243807532778919, 
0.010850393028904603, 0.051868891190420083, -0.40715390281632402, 
-0.17037982058317047, -0.41961853597081139, -0.00421864405522758, 
0.013049361072708638, 0.0043012466001346424, 0.02123611503907118, 
0.0081613175515172012, 0.0030621635608549182, -0.0076290736517322742, 
-0.029246198425514128, -0.03053360280464721, -0.0075935749918540048, 
-0.00027890933546509232, -0.0096319307650372006, 0.0067119226898407439, 
-0.016462087044747373, -0.0077835137916062213, 2.2991731095699663e-05, 
-0.0041047660505046076, 0.023239440806864277, -0.0033220787284346737, 
-0.0034555587269438116, 3.5615316921494985e-05, -0.021632326849470255, 
-0.010090224701693358, -0.00421864405522758, 0.0076250582506122346, 
0.0069163242951069629, 0.00430058703010751, -0.0061377300907550936, 
0.0056087079627260812, -0.00045597835463122966, -0.012004216548220278, 
0.052035259991878989, 0.054309081521692656, -3.8802769741986441e-06, 
0.010465627749753011, 0.0047667102208828419, 0.0072439124139934028, 
0.015543698776943072, 0.0026874139723755998, -0.0042885599164465809, 
0.0041486519998728153, -0.0071227644998338125, 0.0016997408627203597, 
0.0025719217033592259, 0.0012918963033722076, 0.018224583123133679, 
0.012701950854385323, 0.01304936107270864, 0.006916324295106962, 
0.0057814512660945153, 0.0030115113339276921, 0.0040657600098609435, 
-0.00045130358950596576, 0.0012204869711298998, -0.0039534343750519873, 
-0.0053166320819118739, 0.036270420044646937, -0.00044357405923750652, 
0.0052872406762104742, -0.0051305347049167664, 0.00096631854834749846, 
0.016073206846686425, 0.0092017003587966609, 0.0006156034249617696, 
0.0058279204313638798, -0.0016548353903110286, 0.0034258240992956317, 
0.0044035797932164061, 0.0039306685306788229, 0.010989548449541057, 
0.00058716306679141564, 0.0043012466001346424, 0.0043005870301075109, 
0.0030115113339276921, 0.00033436533071981887, 0.00066979030355254223, 
0.00051817452849257223, -0.0022881481156127492, -0.0022897772435049768, 
-0.026713099753503597, 0.033498821999070179, -0.00071682092855043593, 
-0.00025084625814454268, -0.0075227995996674808, -0.00088285513459959014, 
0.042738299112617957, 0.011567819962178802, 0.0011532248658620372, 
0.0043494330725025385, 0.0060379667157233049, -0.0071036323421543165, 
-0.00019840162369597536, 0.0049655514735881274, 0.013063165981362099, 
