structure(c(-0.48957632709414317, -0.3587390597175093, -0.024092358921436633, 
0.16217003976264616, -0.14485371315352569, 0.11215246432638652, 
-0.012480006590840934, 0.044960092168922806, -0.55896448053979297, 
-0.20911310131923291, -0.55860006292575182, -0.0011449451786942817, 
0.0007837078855549483, -0.0094703347252546935, 0.012803098694653476, 
-0.0038536731839359205, 0.016826805160562907, -0.0073172661912270214, 
-0.16825153898686412, -0.10845474892430289, -0.022451674899424508, 
-0.035242452364275256, -0.0031942198080939527, -0.0025590076343551659, 
-0.3587390597175093, -0.14545280790679574, 0.0052421995754610316, 
0.12898359067251558, -0.069375309240898589, 0.066741773483696656, 
-0.0017769717154900225, 0.025983481044016245, -0.33606191064691138, 
-0.10717648344937417, -0.38553381235930184, -0.026715436648410518, 
-0.015783275634922558, -0.0060000129797345026, 0.011333389320122109, 
0.010795335998017229, 0.010757411125200639, 0.0075450606703642556, 
0.090285868828954549, 0.026332972263286149, -0.017548131307183228, 
-0.021508616347658275, 0.022686276739565196, 0.0013737644717050179, 
-0.024092358921436633, 0.0052421995754610316, 0.017498664236352757, 
0.0022543641270645529, -0.020765614489951886, -0.0051232033502521352, 
0.012184974176253999, -0.0030255435202802953, 0.0010398282550099171, 
-0.0093816149090530324, -0.036760537007242529, -0.0052283080979295257, 
0.0020454394134769857, 0.0023758412835887125, 0.01357100731177513, 
-0.0082081556479455236, -0.0034407852605517785, -0.0017365569564645384, 
-0.035536244139199008, 0.031343335788413272, 0.0012307923599263312, 
-0.0013356349433537107, -0.0049044202442931053, -0.001582572333153091, 
0.16217003976264618, 0.12898359067251555, 0.0022543641270645529, 
-0.024461922200632015, 0.056462554124575307, -0.0065762338790839297, 
-0.0031358607446775452, 0.0070749985506897064, 0.14230195116378078, 
0.078384375041423524, 0.18153815728310793, 0.021038143432051352, 
-0.0062511870658119159, -8.6817804236926762e-05, 0.0028625574011193794, 
0.0033197689926475053, 0.010735901959094211, 0.0019873729105423571, 
-0.0045961212062175663, 0.033752032375850845, 0.0083522455394423184, 
0.0019973502357715201, 0.011754350141962943, -0.00057976014504874105, 
-0.14485371315352569, -0.069375309240898603, -0.020765614489951886, 
0.056462554124575313, -0.010789003013184795, 0.0038090788197479471, 
0.013310604878976005, 0.0016767395037034208, -0.15552427394202975, 
-0.055825671158691664, -0.12706053046460419, 0.00429234323569745, 
0.00028154643003643726, 0.0088487084909125852, 0.007289478625569383, 
0.011358056491652916, 0.009822673878221248, 0.0094472068846636961, 
0.0082641219321060704, -0.067693617931177077, -1.9372212952334159e-05, 
0.005581234120194377, -0.0091935298739292213, -0.0043825434860293305, 
0.11215246432638654, 0.066741773483696643, -0.0051232033502521344, 
-0.0065762338790839288, 0.0038090788197479471, 0.01049610193620543, 
0.00083586503816218531, -0.0033464105536480395, 0.10896189159914597, 
0.033031070002500981, 0.068873176224997695, 0.00068673151569917932, 
-0.0081789067149964038, -0.0049769918930001877, -0.0021211826962252325, 
0.0033834561595309674, 0.0088103750390534797, 0.00040460596194946441, 
-0.047062890494134861, 0.011809395442430029, 0.0059363018055421692, 
9.1274803156191653e-05, 0.0041489169131201532, -0.0063329911952277294, 
-0.012480006590840935, -0.0017769717154900225, 0.012184974176253999, 
-0.0031358607446775452, 0.013310604878976003, 0.00083586503816218531, 
0.0062414464151658621, 0.0033544062774276016, -0.0041402834545436239, 
0.0032268242330569432, 0.017846608904906348, 0.0018550366816276465, 
-0.0044559477971345051, -0.0024460208839126359, 0.005967718097872699, 
-0.0074378370224094719, -0.014840754916159622, -0.0089494370834536895, 
-0.074468632670636206, 0.031518694702404038, 0.0023296669495318336, 
-0.0035646959636900519, 0.0043946651019222708, 0.0027244051714619532, 
0.044960092168922799, 0.025983481044016248, -0.0030255435202802949, 
0.0070749985506897064, 0.0016767395037034208, -0.0033464105536480395, 
0.0033544062774276016, 0.0038078568224190461, 0.017792633526009311, 
0.013568833589016357, 0.051928423712556841, 0.0047394849147216755, 
0.00019319628966369017, -0.00093440867412306408, -0.005847383359803851, 
0.0084665310515563107, -0.0032175328887547156, -0.0008916831720985651, 
0.033209145750285177, -0.02073150804091374, -0.0073326965347787305, 
0.0016712138322492755, -0.011339891932462078, -0.0044247483782422579, 
-0.55896448053979286, -0.33606191064691138, 0.0010398282550099171, 
0.1423019511637808, -0.15552427394202975, 0.10896189159914597, 
-0.004140283454543623, 0.017792633526009315, -0.38912573593719957, 
-0.19059784227452092, -0.46643250531270969, -0.060881254500086607, 
0.014602019981180162, 0.0091513313305135249, 0.029689036806080146, 
-0.015910793047221275, 0.018899885320407206, -0.022293228373128096, 
-0.22449903500114277, -0.062347050843802279, -0.0036962763344749925, 
-0.011115457640690593, 0.0011299634063252741, -0.014623378233413619, 
-0.20911310131923294, -0.10717648344937415, -0.0093816149090530324, 
0.07838437504142351, -0.055825671158691671, 0.033031070002500981, 
0.0032268242330569432, 0.013568833589016359, -0.1905978422745209, 
-0.018479926974244346, -0.17661296614633271, 0.0075745815837718368, 
0.0034730138047109377, 0.013234567590072358, 0.0071448416873126181, 
0.0035847406352575066, 0.0046091162043289929, -0.0083888038804792401, 
-0.02675799036974778, -0.072872192699115768, 0.0064597463770179955, 
0.027175430556590788, 0.00852841151321229, 0.015559546832598229, 
-0.55860006292575182, -0.38553381235930184, -0.036760537007242529, 
0.18153815728310793, -0.12706053046460419, 0.068873176224997709, 
0.017846608904906348, 0.051928423712556841, -0.46643250531270974, 
-0.17661296614633271, -0.4858972049390553, -0.0078872118355046445, 
0.0072877128417512416, 0.0012475987903844857, 0.026076504695178852, 
-0.0082370194641765079, 0.0042167636239712238, -0.01395045617411388, 
0.044151416558062768, -0.068607080682731206, 0.0041829455365136013, 
0.0020227224602159229, -0.014572115800971432, -0.0094585714822562478, 
-0.0011449451786942817, -0.026715436648410518, -0.0052283080979295248, 
0.021038143432051352, 0.00429234323569745, 0.00068673151569917943, 
0.0018550366816276465, 0.0047394849147216755, -0.060881254500086607, 
0.0075745815837718359, -0.0078872118355046428, 0.015901015446217803, 
0.0063802924696531671, 0.0052178687903656467, 0.0057909441020064806, 
-0.0022004253052870623, -0.0064060913209111735, 0.0038717158523815282, 
0.012881790488207754, 0.018626275115578492, 0.0081421560399112317, 
0.007937960218597306, 0.0010548987436433501, 0.0049180167404154207, 
0.0007837078855549483, -0.015783275634922558, 0.0020454394134769857, 
-0.0062511870658119167, 0.00028154643003643726, -0.0081789067149964038, 
-0.0044559477971345043, 0.00019319628966369017, 0.014602019981180162, 
0.0034730138047109373, 0.0072877128417512416, 0.006380292469653168, 
0.00372272372787779, 0.0026229480353740209, 0.0024192448818698056, 
0.00051320255600959246, 0.0011336461769855491, -0.00085604788889809226, 
-0.0084888136324413575, -0.0012813521508674925, -0.0065131548830778757, 
0.0037574697980115187, 0.0015170536875171857, 0.00051971088418032699, 
-0.0094703347252546935, -0.0060000129797345026, 0.0023758412835887125, 
-8.6817804236926762e-05, 0.0088487084909125852, -0.0049769918930001877, 
-0.0024460208839126359, -0.00093440867412306408, 0.0091513313305135232, 
0.013234567590072356, 0.0012475987903844857, 0.0052178687903656458, 
0.0026229480353740209, 0.0050270309721997973, 0.0012089842179869564, 
-0.0010539503528394381, -0.0013883223627487733, 0.0059609629026481795, 
0.015129693891344182, -0.009720490465633785, -0.0054236788216237381, 
0.0057206432400023054, 0.00066251312656352397, 0.0030356802930711652, 
0.012803098694653478, 0.01133338932012211, 0.01357100731177513, 
0.0028625574011193794, 0.0072894786255693839, -0.0021211826962252325, 
