structure(c(-0.52417297828662701, -0.28308868227324435, -0.018936574842164253, 
0.16327176279036631, -0.16750433614334476, 0.090140560974892592, 
0.010538028932743087, 0.049403956484121075, -0.53590914615159324, 
-0.21235249011362656, -0.5387991108904483, -0.032420692683958398, 
0.0062948256689904069, 0.01010042714348164, 0.023707497362827613, 
-0.013975440967167433, 0.017223184418697021, 0.032100656662336274, 
0.092403436425835511, -0.26891913953755353, 0.011144868951180765, 
0.0084170732436547584, 0.019301442234049282, 0.01511785259158027, 
-0.2830886822732443, -0.14105037236866627, 0.028772411093155273, 
0.095629040693031922, -0.11141649885644862, 0.047736580565662642, 
0.010710962008924818, 0.052985212837839135, -0.27713613030055029, 
-0.12520389944851343, -0.34492132970685763, -0.011303239595216156, 
-0.0029927638446052649, 0.0028621309837275522, 0.01366958699012818, 
0.0017312457849972904, 0.014741079146594362, 0.020571444793419314, 
0.15096603143255111, -0.13737624410734034, -0.0086557995432092489, 
-0.011659884484893513, 0.0026246210987791378, 0.0048864211788744076, 
-0.018936574842164249, 0.028772411093155269, 0.0080473065545695523, 
0.0044349150412914661, -0.022694998356632894, 0.0091644424683984104, 
-0.0041580605075274019, 0.0043235357369811331, -0.036336047153837002, 
-0.016965623736449647, -0.027253036519782965, 0.0057675388612453103, 
-0.0061756338722083123, 0.0020179632350637989, 0.007969627373925264, 
0.0095026006267616529, 0.013161768394619713, 0.012876658742945159, 
-0.030544244015286756, -0.00024900274181253112, 0.010993563604112093, 
0.0056083377231108712, 0.018678051819232114, 0.0036479857440125979, 
0.16327176279036631, 0.095629040693031922, 0.004434915041291467, 
-0.023595631844625452, 0.052034160242875091, -0.027262938933491035, 
0.00084109318530073407, 0.0055053843800225103, 0.16353786878600612, 
0.066353429998016439, 0.14209757575532983, 0.0015253988349824955, 
0.0011362519079592722, 0.003957163498231984, 0.0040223815793232909, 
-0.003968568584357679, 0.00077019083724471423, -0.0046793425685787357, 
0.06105619959686983, -0.038913831820437991, -0.011630027164247637, 
0.0054128031540275727, -0.0085282932982046408, 0.0014281019712785387, 
-0.16750433614334476, -0.11141649885644862, -0.022694998356632894, 
0.052034160242875091, -0.036653047302677315, 0.019961463498353139, 
0.0080477419073827407, 0.0041621308691947318, -0.14592813357903645, 
-0.034668459648827921, -0.17989060117356601, 0.017779363961883388, 
0.0038351433173446766, 0.0073856446917126041, 0.005498270118089274, 
-0.0026510279420619699, 0.026100276866142115, -0.0048308716093415612, 
-0.0079305603164539773, 0.06305470550932693, -0.0025040714944523671, 
0.0068464677731872158, 0.0026950828906709585, 0.002808584669467248, 
0.090140560974892592, 0.047736580565662635, 0.0091644424683984104, 
-0.027262938933491035, 0.019961463498353142, 0.00074652497764581504, 
-0.01445520125032511, -0.0084019789952113986, 0.070630649639696175, 
0.026480700064185039, 0.082167684157558846, -0.016784533911082505, 
-0.0036867869438816049, -0.0023829347215699567, -0.0064627056346475446, 
-0.0040267440266090601, 0.0018599844886871327, 0.00010494583670031494, 
0.061459361666771531, -0.047882210969772625, -0.007839914421776813, 
-0.0050323326816494691, -0.0062118833522039063, -0.0073555444513718942, 
0.010538028932743087, 0.010710962008924817, -0.0041580605075274019, 
0.00084109318530073407, 0.0080477419073827407, -0.014455201250325109, 
0.03106890828378955, -0.0021472147250939056, 0.029340332090801377, 
0.0073904886986572837, 0.00017889643041887521, 0.0053855501782316753, 
0.001488972948563194, 0.00073026331848866078, 0.0022563772746100035, 
-0.0065301383288048484, 0.0065201879470768598, 0.0030707821175446578, 
-0.042396672971603051, -0.012231997477758267, 0.0036680314195049191, 
0.0016434147353528801, 0.0096208394701999995, 0.0034162761454608719, 
0.049403956484121075, 0.052985212837839142, 0.0043235357369811322, 
0.0055053843800225103, 0.0041621308691947318, -0.0084019789952113986, 
-0.0021472147250939056, 0.0054221901771346094, 0.008571995822563518, 
0.0074891070787262105, 0.060897215950551448, 0.0033291786822414867, 
0.00019708221556161238, 0.0051024008905820204, 0.00082753367235897967, 
0.0010905550042984084, 0.00098509104676058608, -0.0012068016974909948, 
0.025798673343642494, -0.0014874264125542107, -0.0075886667033196933, 
-0.0021515599141554223, -0.0058150434862165607, 0.0027634561327642307, 
-0.53590914615159324, -0.27713613030055034, -0.036336047153837002, 
0.16353786878600615, -0.14592813357903645, 0.070630649639696175, 
0.029340332090801374, 0.008571995822563518, -0.4108654711170488, 
-0.2055051262980632, -0.50334811161506654, -0.015874282253164458, 
0.0039176173341375466, -0.0020959348124357062, 0.0021871482457851087, 
-0.015945150918116515, 0.025231854184654023, -0.0065403765255944175, 
-0.14087164671902977, -0.12220424627117206, -0.01099432457945392, 
0.0037245248281448946, -0.01317221481673495, -0.00080462840096462342, 
-0.21235249011362659, -0.12520389944851343, -0.016965623736449647, 
0.066353429998016453, -0.034668459648827921, 0.026480700064185039, 
0.0073904886986572837, 0.0074891070787262114, -0.2055051262980632, 
-0.05566107968310155, -0.20526513242603212, 0.0066652068970985924, 
0.0026701327917758163, 0.0021909834988249268, 0.0022004348837960956, 
-0.011429498632795099, 0.0084807805870162675, 0.0010310156180104398, 
0.039072494169593894, -0.0090090174879855923, -0.0076209489069540828, 
-0.0098848500634097468, -0.0060756153583756342, -0.0083898471289372417, 
-0.5387991108904483, -0.34492132970685757, -0.027253036519782965, 
0.14209757575532983, -0.17989060117356601, 0.082167684157558846, 
0.00017889643041887521, 0.060897215950551448, -0.50334811161506654, 
-0.20526513242603212, -0.53852424253767939, 0.011524474413763043, 
0.017312656415770417, 0.011088376969789341, 0.034808029081972523, 
0.0062082567528414503, 0.021630323841246822, 0.0031882757160380791, 
-0.11922602123382381, -0.075633915097677348, 0.010616019477918877, 
-0.0094940192444047857, 0.00019076034163603104, 0.0072429924792009725, 
-0.032420692683958398, -0.011303239595216154, 0.0057675388612453103, 
0.0015253988349824955, 0.017779363961883388, -0.016784533911082505, 
0.0053855501782316753, 0.0033291786822414867, -0.015874282253164458, 
0.0066652068970985924, 0.011524474413763043, 0.0083468755655790611, 
0.0098957583279244629, -0.0029407590559937585, -0.0054305818207126492, 
-0.0065338274369410006, -0.0054506949508568124, -0.021245331865994203, 
-0.0028252226848711594, 0.025949315785637007, -0.0042131518338466662, 
-0.003784547181984137, -0.01527763354269966, -0.0028124033034756901, 
0.0062948256689904078, -0.0029927638446052649, -0.0061756338722083132, 
0.0011362519079592722, 0.0038351433173446766, -0.0036867869438816044, 
0.001488972948563194, 0.0001970822155616124, 0.0039176173341375457, 
0.0026701327917758159, 0.017312656415770417, 0.0098957583279244629, 
0.0075348995140127476, 0.0053506606752525025, 0.0053251020765168449, 
0.0025766749745977772, 0.0010688944494344327, -0.0012167600171119938, 
-0.035100295860386675, 0.024876712331265833, 0.0055261586259959354, 
0.0027347196795598733, -0.00039166784260780818, 0.0021123124250732911, 
0.010100427143481642, 0.0028621309837275522, 0.0020179632350637989, 
0.003957163498231984, 0.0073856446917126041, -0.0023829347215699563, 
0.00073026331848866078, 0.0051024008905820204, -0.0020959348124357066, 
0.0021909834988249268, 0.011088376969789341, -0.0029407590559937585, 
0.0053506606752525016, 0.0070746858469785158, 0.0017250777968046262, 
0.0047246415906099723, 0.0047456164587737016, 0.0023737725551764622, 
-0.023781958797625211, 0.030854672930238483, 0.0034885923552224769, 
0.0017582279534853582, -0.00028325849308324773, 0.0044783123505476134, 
0.023707497362827616, 0.013669586990128178, 0.007969627373925264, 
0.0040223815793232909, 0.0054982701180892749, -0.0064627056346475455, 
0.0022563772746100031, 0.00082753367235897967, 0.0021871482457851087, 
