structure(c(-0.50774045076351504, -0.29294096166853517, -0.0053808836970787709, 
0.11307128370083616, -0.20766321882825012, 0.12438290270999959, 
-0.013664704166142546, 0.03871804689739905, -0.48858781206657448, 
-0.19346302613373398, -0.56137639722561561, -0.028957412996427526, 
0.00081954953165991546, -0.0002861857475243792, 0.032632255151577423, 
-0.015591780748817915, 0.0054287819276366478, 0.0053612569960451422, 
0.12010318999386443, -0.25829585577560576, 0.0064573117596365311, 
0.0015749736532740454, -0.0063701678455663421, -0.013328380655946029, 
-0.29294096166853517, -0.16828233719085195, 0.0098278260878548462, 
0.10159566972811619, -0.091628762210086645, 0.053702588594644114, 
0.0099037181156468503, 0.04503602671115698, -0.30335426260470888, 
-0.12339942243797718, -0.30694945114087741, 0.0057172908607887925, 
0.0019461225331634587, 9.1417248847066552e-06, 0.021513086827934284, 
-0.0017641909777507752, 0.008201268111862229, 0.0091099102442359393, 
-0.1520184538476666, -0.086084640451550051, -0.018315094565421724, 
0.0034687777232974915, -0.0036952719088353667, 0.011436805567819302, 
-0.0053808836970787701, 0.0098278260878548462, 0.012844906194066402, 
0.014795376596184214, -0.012137810794690401, -0.0034768892248416379, 
0.0043576640379523919, 0.0033591582897014396, -0.030901377529013101, 
-0.0059072541911165807, -0.01771386838845769, 0.0039336237037595973, 
-0.0078664208278635111, -0.0044586402492308372, 0.0073048411477119402, 
0.0041363103224568926, 0.0011469573880519065, 0.008994176483315703, 
-0.056262270774191304, 0.024460086177877802, 0.0055265278445747572, 
0.0040992438168330047, 0.0007445797689013485, 0.0031624975161941497, 
0.11307128370083616, 0.10159566972811618, 0.014795376596184214, 
-0.045326393363534979, 0.062068580983859763, -0.021458597222069182, 
-0.0025360209361921862, -0.0070075894181379625, 0.14960377774609854, 
0.057262525391886185, 0.17402890264337287, 0.016488699189271771, 
0.0068725544056347301, 0.002481515073759303, -0.0037219982713142118, 
0.003578174054828423, 0.0019552779771412824, -0.00034640287558244167, 
0.12277204413158445, 0.0080182031936082941, 1.8482280943063403e-06, 
-0.0088632999757500344, -0.0041306646580320855, 0.0042542723905649813, 
-0.20766321882825012, -0.091628762210086645, -0.012137810794690401, 
0.062068580983859763, -0.034041940130417843, 0.014279338527752528, 
0.00095286274818162057, 0.011154121936288211, -0.13249365083533335, 
-0.073141123613833181, -0.13805870340344029, -0.0013137094880277971, 
0.0044609568279228573, 0.010365015556984374, -0.0011523619379485044, 
0.019139781447597336, 0.0010643508361596, 0.021235500401587386, 
0.00059806056872572892, -0.015120854222126312, 0.019254144321471708, 
0.00022138641881917049, 0.0028071789750661255, 0.0078303866421210212, 
0.12438290270999959, 0.053702588594644114, -0.0034768892248416379, 
-0.021458597222069182, 0.014279338527752528, -0.0033669170119719136, 
0.0020776296229121811, 0.0021769793485472157, 0.072844397602408975, 
0.027924075054197969, 0.071500501179530579, 0.011100153055670938, 
-0.00027788734815000599, -0.0021587460135596213, -0.0031954557386628733, 
-0.0016369722608510159, 0.0096634080185905094, -0.012511193038729621, 
0.063559381077074609, -0.048405917729812432, -0.00074187054266778739, 
-0.0063666248357680585, -9.3533558317907193e-05, -5.1210763959198886e-05, 
-0.013664704166142544, 0.0099037181156468503, 0.0043576640379523919, 
-0.0025360209361921862, 0.00095286274818162057, 0.0020776296229121811, 
0.012437913992685286, -0.0057037349593372809, 0.014493935518384139, 
0.0037881478797920586, 0.033824541332797504, 0.0075911215833835751, 
0.0014254908700735015, -0.001890212419994724, -0.0069040262342159311, 
-0.0030564511264196442, -0.0038965570454349363, 0.0045599675658714554, 
0.017192852074839556, 0.041825332992346385, -0.0014783289426487428, 
-0.00019267392025498081, 0.0052927580769048417, -0.00044343672056276886, 
0.03871804689739905, 0.04503602671115698, 0.0033591582897014396, 
-0.0070075894181379625, 0.011154121936288211, 0.0021769793485472157, 
-0.00570373495933728, 0.0064807791576882703, 0.031110783379166038, 
0.014913073423135612, 0.0517729895754553, 0.0068138999539908889, 
-0.0012578109829474698, -0.00081239790691285988, -0.002561837369070427, 
-0.0034203818773952781, -0.0067398535728861063, -0.00041217217609464438, 
0.016805371408599671, 0.022768826623330147, -0.0060493573264228081, 
-0.0016233748446267148, -0.0041746018898239515, -0.0050758502108565048, 
-0.48858781206657448, -0.30335426260470882, -0.030901377529013101, 
0.14960377774609854, -0.13249365083533335, 0.072844397602408989, 
0.014493935518384139, 0.031110783379166042, -0.45754079968097472, 
-0.22849538743843775, -0.53827088449434146, 0.010270548091030013, 
0.014435795337953227, 0.020360273576279495, 0.0016868063564046574, 
0.016441827225103425, 0.01220090444722639, 0.021304671904870554, 
-0.091427806420915886, -0.11920908745016871, -0.0025258696098925371, 
-0.012357069340221623, -0.00012689595539985509, 0.0079610739903387701, 
-0.19346302613373398, -0.12339942243797718, -0.0059072541911165798, 
0.057262525391886185, -0.073141123613833181, 0.027924075054197972, 
0.0037881478797920586, 0.014913073423135612, -0.22849538743843778, 
0.010734276208336708, -0.20459571822277872, 0.0062553775153102826, 
0.0035605759012229139, 0.0024283162261142001, 0.010106555634278747, 
-0.0043529352701411487, 0.0014315778051838457, 0.0048442244808180636, 
-0.035019697941733235, -0.027714223632695954, 3.0205384204222276e-05, 
0.003317101303650774, 0.0051376376742923932, 0.010134930515720769, 
-0.5613763972256155, -0.30694945114087741, -0.01771386838845769, 
0.17402890264337284, -0.13805870340344029, 0.071500501179530579, 
0.033824541332797498, 0.0517729895754553, -0.53827088449434157, 
-0.20459571822277875, -0.56938855486138007, 0.021681797045299208, 
-0.0035223795445414705, -0.0047229129841138565, 0.021229757523309172, 
0.0184794380067188, 0.0040215396230880744, 0.0031796776789856113, 
-0.033327157721796834, -0.053910536954202636, -0.020751403596456559, 
-0.0045949935805290115, -0.014325393590036371, 0.019973250257426838, 
-0.028957412996427529, 0.0057172908607887925, 0.0039336237037595973, 
0.016488699189271771, -0.0013137094880277974, 0.011100153055670938, 
0.0075911215833835751, 0.0068138999539908889, 0.010270548091030011, 
0.0062553775153102826, 0.021681797045299208, 0.02477551097170453, 
0.0049831063595823849, 0.0015838702332762427, -0.0012769286244705856, 
0.0021958060793343523, 0.0017978327920300326, 0.0061588816677937029, 
0.077314371402944379, -0.021786651360783775, 0.005744440695794429, 
0.0074980131022381446, 0.0089693081163589091, 0.010125882240469923, 
0.00081954953165991546, 0.0019461225331634587, -0.0078664208278635111, 
0.0068725544056347301, 0.0044609568279228573, -0.00027788734815000599, 
0.0014254908700735013, -0.0012578109829474698, 0.014435795337953227, 
0.0035605759012229139, -0.0035223795445414709, 0.0049831063595823857, 
0.0066680304007770879, 0.0054661300108347641, 0.0014588046434883103, 
0.0019844274810400112, 0.00029854987568855021, -0.0010289773532797687, 
0.027261504671723259, -0.0095275743892903157, 0.0087584737608295861, 
0.0047841359117218752, -0.004584342842079917, 0.0025988591498137901, 
-0.0002861857475243792, 9.1417248847066552e-06, -0.0044586402492308372, 
0.0024815150737593026, 0.010365015556984375, -0.0021587460135596209, 
-0.0018902124199947237, -0.00081239790691285988, 0.020360273576279495, 
0.0024283162261142001, -0.0047229129841138565, 0.001583870233276243, 
0.005466130010834765, 0.0052295544301008291, -0.00056722263771387177, 
0.0010248104448068265, -0.0005236387232297403, -0.0013131701047721543, 
-0.022341548100163894, 0.015740743030735495, 0.008217804260816395, 
0.0038031111172071135, -0.0039672822487901473, 0.0033420092118000818, 
0.032632255151577423, 0.021513086827934284, 0.0073048411477119411, 
-0.0037219982713142118, -0.0011523619379485042, -0.0031954557386628733, 
-0.0069040262342159311, -0.0025618373690704274, 0.0016868063564046576, 
