structure(c(-0.42944044908113327, -0.29408297932053745, -0.019920205963761647, 
0.14144984696288432, -0.12057371547807028, 0.10491812664845988, 
0.018778136780741469, 0.032442733698791693, -0.39699517326831679, 
-0.13994109446572331, -0.53540329715047152, -0.0043157565795885105, 
0.011066063126976644, 0.0074235748227619676, 0.023308180476898487, 
0.0051527018977834509, 0.0211661713194937, 0.034700553065765985, 
-0.20765317687646742, -0.18513564338853242, 0.013893873159679868, 
-0.022200380784352478, 0.024697170195091604, 0.0031229956274124587, 
-0.2940829793205374, -0.19416948662221237, -0.022061695609392935, 
0.096877326860222213, -0.07381356675906274, 0.058294865351392187, 
0.0048869526872913748, 0.034550668031542595, -0.23909954229544736, 
-0.080337269563051705, -0.35507353715476708, -0.00085690057709712677, 
0.0072507579956767139, 0.0040965231869898094, 0.01761284468006126, 
-0.0074744976358042947, -0.0039071242039917858, 0.013642636265238081, 
0.0098449914028786792, 0.028435144567646981, 0.011533892295027855, 
-0.01979082302369228, 0.0020731893271087516, -0.00041406003314324997, 
-0.01992020596376165, -0.022061695609392935, 0.015299139637020048, 
-0.0075012047429605664, -0.0082373566764932932, -0.00043298152991552794, 
0.0056652077130668645, -0.0022959755482699832, -0.015371649999800145, 
0.01076997036111812, -0.014767306932278118, 0.0026239745905935275, 
-0.00025516391943522222, -0.0045607903076037336, 0.0047022694549692075, 
0.0034000874414092351, 0.00078422208583867352, -0.0016370125241125597, 
-0.048878486971587101, -0.019589869591893481, -0.0016287105066389331, 
-0.0087063490160861016, 0.006613263763819795, 0.0035110372796018172, 
0.14144984696288432, 0.096877326860222213, -0.0075012047429605664, 
-0.027431315085615839, 0.045826899321209535, -0.021933460026635026, 
0.00077617200753902756, -0.0050385078555131762, 0.12807906928010368, 
0.061239796635970754, 0.14386115471121055, 0.0088545123628700501, 
0.0073984474313156592, 0.0095795905186937935, 0.0032161818632461237, 
0.0058339406880684678, -0.0048453124327087933, 0.0005059773755955782, 
0.041801678101847178, 0.055741384769972105, 0.0059014468448210415, 
0.001806953354327888, -0.007363382983248336, 0.007714299494581878, 
-0.12057371547807028, -0.07381356675906274, -0.0082373566764932949, 
0.045826899321209542, -0.0021534332991897066, 0.027400093960982266, 
0.027469495906685047, 0.012849640600130578, -0.13604262570854153, 
-0.025121306422489529, -0.13580274300582532, 0.014423898289920373, 
0.0016963129962140843, 0.0038846521622682207, 0.00056548463892082163, 
-0.0038722782889286001, 0.012389314610853852, 0.00056120480891330997, 
-0.017982075363852157, -0.018480220850430756, 0.006123340336296015, 
0.014711527349126978, 0.00535572816513003, 0.0068563984635391408, 
0.10491812664845988, 0.058294865351392187, -0.00043298152991552794, 
-0.021933460026635026, 0.027400093960982266, -0.0052340889739936093, 
-0.0084826383420088577, -0.0031470271899496373, 0.08549488403073352, 
0.021228976367316774, 0.084572822335229128, -0.0098899122842894156, 
-0.0054440383351595824, -0.0047118652961670874, -0.0024747618912060367, 
-0.0082566043993235836, 0.0041816669550939793, -0.0010869202917545204, 
-0.010309212519846692, 0.018307960259175089, 0.0046813244831975442, 
-0.0069241973389808503, -0.011229710645284259, 0.0029828927010280555, 
0.018778136780741469, 0.0048869526872913748, 0.0056652077130668645, 
0.00077617200753902756, 0.02746949590668505, -0.0084826383420088577, 
0.01289173751319358, -0.0035916538358286422, -0.0040502333931114508, 
-0.0078367644421737659, 0.009308061638778134, 0.0015002133926695035, 
0.0013699998051162488, -0.00027073717557689141, 0.00081317343887136215, 
-0.010045866954684851, -0.0032226974377153137, -0.0050467267912307889, 
-0.045253855701686871, 0.039523783579445193, 0.0046805786178559716, 
0.0050307187452429776, 0.0055360963830313904, 0.010912988004999463, 
0.032442733698791693, 0.034550668031542595, -0.0022959755482699832, 
-0.0050385078555131762, 0.01284964060013058, -0.0031470271899496373, 
-0.0035916538358286426, -0.0046047051921096517, 0.031327156880741613, 
0.014082281121654161, 0.056894941073401734, -0.0089266700902327963, 
-0.0092105959094391371, -0.0048033299689728736, 0.00064349174476064416, 
0.0012865108608632416, 0.0068825442091719653, 0.0035696729053282489, 
-0.00053816878392140793, 0.016356795769704412, -0.0073475798100358118, 
-0.00040002305372087611, -0.00016256741272687469, 0.0038057880009272822, 
-0.39699517326831679, -0.23909954229544739, -0.015371649999800145, 
0.12807906928010368, -0.13604262570854153, 0.08549488403073352, 
-0.0040502333931114508, 0.031327156880741613, -0.31916645273606953, 
-0.16971934543433181, -0.47695326222414347, -0.035352286004197639, 
0.012164864472306804, 0.0082551406188955817, 0.025010255423179893, 
-0.030150933954199252, 0.0092665210719878408, -0.0081576342081602343, 
-0.083834940231855531, -0.05823614941879901, -0.00036075353226921732, 
-0.0098766929915848622, -0.0011768355164821921, -0.00016689700795325112, 
-0.13994109446572334, -0.080337269563051705, 0.01076997036111812, 
0.061239796635970761, -0.025121306422489529, 0.021228976367316778, 
-0.0078367644421737659, 0.014082281121654161, -0.16971934543433181, 
-0.044653309400812656, -0.16759737755320123, 0.013336214729949081, 
0.0088394843269939717, -0.0027305043559390191, -0.0043373220915319463, 
-0.0094044522800700546, -0.013381218710501535, 0.01455389065126759, 
-0.021640226977646098, -0.027494610495540646, -0.011825128349644491, 
0.0028908064633704931, 0.00065333366694406668, 0.0044797668696862358, 
-0.53540329715047152, -0.35507353715476714, -0.014767306932278118, 
0.14386115471121053, -0.13580274300582532, 0.084572822335229114, 
0.009308061638778134, 0.056894941073401734, -0.47695326222414347, 
-0.1675973775532012, -0.4815440231243906, -0.00011196501324601019, 
0.0052752203436061129, 0.010917195551344112, 0.037079254109671528, 
-0.0097087339305731209, 0.018482980048706771, -0.026540997689717946, 
-0.18483195561184526, -0.10628354207746619, 0.011190381569924145, 
-0.0060857821227233997, 0.020460224364639245, 0.0087802584823589453, 
-0.0043157565795885105, -0.00085690057709712677, 0.0026239745905935275, 
0.0088545123628700501, 0.014423898289920373, -0.0098899122842894156, 
0.0015002133926695035, -0.0089266700902327981, -0.035352286004197639, 
0.013336214729949081, -0.00011196501324601019, -0.0098694565944821983, 
0.0089697999454692885, 0.0032830119391818965, -0.00098008532876752374, 
-0.0044938791893494286, 0.0035654778232039118, 0.0077228444446930961, 
0.10250971137362322, 0.065113758389604773, -0.0032593740910904717, 
0.0030341663046211157, -0.001209283404590502, 0.0077990637042329239, 
0.011066063126976644, 0.0072507579956767139, -0.00025516391943522222, 
0.0073984474313156601, 0.001696312996214084, -0.0054440383351595815, 
0.0013699998051162486, -0.0092105959094391388, 0.012164864472306804, 
0.0088394843269939717, 0.0052752203436061129, 0.0089697999454692885, 
0.0052635351350598372, 0.0012395996666547089, -0.001251746327226042, 
-0.0030426293289399779, -0.0022846390075528834, 0.00043122581657809765, 
-0.039763799876879564, 0.0078770865490193423, -0.0036096244218869495, 
-9.6354998364751079e-05, 0.0041189195459986989, 0.0029444973414823584, 
0.0074235748227619667, 0.0040965231869898094, -0.0045607903076037345, 
0.0095795905186937935, 0.0038846521622682216, -0.0047118652961670874, 
-0.00027073717557689147, -0.0048033299689728744, 0.0082551406188955817, 
-0.0027305043559390195, 0.010917195551344112, 0.0032830119391818965, 
0.0012395996666547089, -0.00089724236040378367, 0.00045092968445452418, 
-0.0011420141777236895, -0.00064663743628355099, 0.0014459409793611197, 
-0.052501302238100338, 0.0091855134957137853, -0.0030297096771962667, 
-0.00034850891174758773, 0.0014081673900072618, 0.0032086800268726801, 
0.023308180476898487, 0.01761284468006126, 0.0047022694549692075, 
0.0032161818632461237, 0.00056548463892082163, -0.0024747618912060363, 
