structure(c(-0.53094682798558446, -0.39695543826925644, -0.01744680247752196, 
0.11440608613768692, -0.13094805671995385, 0.075811125380559494, 
-0.00046135026347940655, 0.022088184151721129, -0.49992315406895133, 
-0.22348813655268376, -0.60292029223089494, -0.012105900824095029, 
0.015823794191490652, 0.0027354661064457569, 0.026316148854118038, 
-0.014299165788953979, 0.018751694682807293, -0.00026495482570368161, 
-0.090587293088463403, -0.038934998775285452, 0.014734641243796056, 
-0.032725185674989415, 0.0080549781498108798, 0.01670793325805766, 
-0.39695543826925644, -0.24319752906940581, -0.019552382080593619, 
0.10143534115189044, -0.082799816244386884, 0.040361617851657906, 
0.012997711591484039, 0.024659182023578995, -0.27079782259213825, 
-0.11578163791168354, -0.30548611622581257, 0.0076548265458732606, 
0.0083328568576264746, 0.0053268972354523448, 0.01764966726907519, 
0.0064941932414804039, -0.0019034812111005596, 0.023302293998657138, 
0.0036825033939765308, 0.001974841353105097, -0.0021658441508155303, 
-0.020710105027456835, -0.0043880283194543774, 0.00029632436284834966, 
-0.01744680247752196, -0.019552382080593619, 0.018062291929396828, 
0.0060205142962418525, -0.00077059738834958473, -0.013668201322452262, 
0.019062840218307946, -0.0059233403173518454, 0.0036062865196523609, 
-0.010926666170220036, -0.013568839112661431, 0.00172950422110608, 
0.0022587880242866789, -0.0011739956253354038, 0.0094588589552874972, 
0.00068155449235892816, 0.0089159438128825711, -0.00097917868048760879, 
-0.062651943374111563, -0.038964383460666267, 0.0010770183944882829, 
-0.012759425308769379, -0.0062516266184816328, 0.0010972390085627866, 
0.11440608613768692, 0.10143534115189044, 0.0060205142962418533, 
-0.044922886627650836, 0.040673200057748909, -0.016117666234080258, 
-0.0062026934016738439, -0.0085382833668760007, 0.13916803791096807, 
0.073285904998994109, 0.15651053323038849, 0.0071690101657364523, 
0.0017753523225581939, 0.0018483302906622918, -0.0069127616608355659, 
0.0019560394738638211, -0.010993801043737209, 0.00024597502671905476, 
0.13238391404224412, 0.050581794686228879, -0.003731503956324312, 
0.0014328302698300873, -0.0044704659890816836, 0.00040232633359689029, 
-0.13094805671995385, -0.082799816244386898, -0.00077059738834958462, 
0.040673200057748909, -0.0055004843339905348, 0.025950226959507033, 
0.0057765963817352373, 0.0034652085726415041, -0.10795689729318333, 
-0.056662199437105702, -0.13434034797254421, 0.0060059756050000416, 
0.007398572616196095, 0.0064956062039061655, 0.010872930536542137, 
0.0068055855695199593, 0.018270591041185898, 0.011511619136594329, 
-0.047247682875998093, -0.087902045785837171, -0.00097476913847739438, 
0.011516352913775561, -0.0011525641992823272, 0.0078039069220107865, 
0.075811125380559494, 0.040361617851657913, -0.013668201322452262, 
-0.016117666234080258, 0.025950226959507036, -0.0031965262526326001, 
0.0020428121026675248, -0.0097692683879144933, 0.080620977072043479, 
0.039629911716730498, 0.086210420990618528, 0.004479883086532889, 
-0.0051542514634963866, -0.002500986537196488, 0.0026677215404788423, 
0.0066090805314320301, 0.0026650893703576675, 0.0069287143958758606, 
0.10443102827970875, 0.032432742752212224, 0.0031881844900148366, 
-0.0019694778572074837, 0.0092046714712619472, -0.00091490544693958694, 
-0.00046135026347940655, 0.012997711591484039, 0.019062840218307946, 
-0.0062026934016738448, 0.0057765963817352373, 0.0020428121026675248, 
0.0046069916255074804, -0.0023483680218047533, 0.0062996066042445079, 
0.022936259908312284, 0.032755672031596274, 0.0085362880028185244, 
0.0019042160831659403, 0.0043143517406049308, -0.0047944792665033367, 
-0.006635355248381547, 0.0010256448539284295, 0.0043986740317981275, 
0.03062726678592979, 0.0065973758882267274, 0.0015469219772506024, 
0.012854520443110687, 0.0089683039739418807, 0.0037261747024661166, 
0.022088184151721129, 0.024659182023578995, -0.0059233403173518454, 
-0.0085382833668760007, 0.0034652085726415041, -0.009769268387914495, 
-0.0023483680218047533, -0.0073394727525796224, 0.024908674617336618, 
0.0025733799726460906, 0.055437140556943459, -0.0074374818079088285, 
-0.0046164125369404811, -0.0014639664629481524, -0.0027054288906206429, 
-0.0038737317576925923, -0.0042381535874807591, 0.00042595108049893661, 
-0.053232160773202586, 0.014917913253048316, -0.0065848749460807364, 
-0.010002648058831502, -0.0087400414140210991, -0.0064072670730828049, 
-0.49992315406895138, -0.27079782259213819, 0.0036062865196523613, 
0.1391680379109681, -0.10795689729318333, 0.080620977072043479, 
0.0062996066042445079, 0.024908674617336618, -0.4492541779879789, 
-0.20631738680820161, -0.49304660528450223, -0.035919518810118865, 
-0.0028088607426326839, 0.0036946976063166638, 0.041462364211155428, 
0.00052055963646736576, -0.0056522516142242371, 0.027415618488385394, 
-0.21492949399103739, -0.12067855067830864, 0.01648250998428355, 
-0.013185948038176697, 0.018164959188206337, -0.0012406540619967316, 
-0.22348813655268376, -0.11578163791168355, -0.010926666170220036, 
0.073285904998994122, -0.056662199437105702, 0.039629911716730505, 
0.022936259908312284, 0.0025733799726460906, -0.20631738680820161, 
-0.078474569289816207, -0.17587847397305018, -0.028656880142010663, 
-0.0064886691876060928, -0.0032535098027151343, 0.0080118074326067483, 
0.0018926560662378918, -0.0060454054749381654, -0.0031466453261545448, 
0.051001612081232259, -0.025630986855951332, -0.0070280563787059871, 
0.0092760887024837813, 0.0061289881423670246, 0.010000731812517656, 
-0.60292029223089483, -0.30548611622581257, -0.013568839112661431, 
0.15651053323038849, -0.13434034797254418, 0.086210420990618528, 
0.032755672031596274, 0.055437140556943452, -0.49304660528450217, 
-0.17587847397305018, -0.48875076848647564, 0.028618427205286401, 
-0.0078204018526139493, -0.019737510512674198, 0.021778981232679361, 
0.0088337808899998805, 0.00033974453945439322, -0.025305446748124159, 
-0.09232454041238132, -0.1701712422216079, -0.024044481024175456, 
-0.0052526679805222007, -0.01745872945044219, -0.0048356411767411936, 
-0.012105900824095031, 0.0076548265458732598, 0.00172950422110608, 
0.0071690101657364523, 0.0060059756050000416, 0.0044798830865328881, 
0.0085362880028185244, -0.0074374818079088294, -0.035919518810118865, 
-0.028656880142010663, 0.028618427205286397, 0.033214298875833999, 
0.0091852261308992197, 0.0072749056067174158, -0.0017758984449593922, 
-0.0044563828392208413, -0.003964649970925091, 0.0077038987778187511, 
0.021048334927372986, -0.022867002523761538, 0.0017279444645346555, 
0.0026710865797552608, 0.0067956921084111931, 0.0054160758121187275, 
0.015823794191490652, 0.0083328568576264746, 0.0022587880242866789, 
0.0017753523225581937, 0.007398572616196095, -0.0051542514634963874, 
0.0019042160831659405, -0.0046164125369404811, -0.0028088607426326843, 
-0.0064886691876060928, -0.0078204018526139493, 0.0091852261308992197, 
0.007264284593348708, 0.0051740981631095686, -0.0040452173010558975, 
0.0010277178368486113, 0.0033597985465911675, 0.0039073230369687699, 
-0.003790635958762147, 0.019322074937623897, 3.1594248379128032e-05, 
0.0029845275608259931, -0.0018581490687798975, 0.0035597308529093179, 
0.0027354661064457569, 0.0053268972354523457, -0.0011739956253354038, 
0.0018483302906622916, 0.0064956062039061646, -0.0025009865371964884, 
0.0043143517406049308, -0.0014639664629481526, 0.0036946976063166638, 
-0.0032535098027151347, -0.019737510512674198, 0.0072749056067174167, 
0.0051740981631095686, 0.0039710319255164377, -0.00046004230417923521, 
0.0024291639669229582, -0.00046051433675839675, 0.007755244323548724, 
-0.03447068507774572, 0.026356065432013354, 0.0046441366324503144, 
0.0018162317866658513, 0.0018087824066858719, 0.0023327181143955661, 
0.026316148854118038, 0.01764966726907519, 0.0094588589552874972, 
-0.0069127616608355659, 0.010872930536542137, 0.0026677215404788423, 
