structure(c(-0.47233500084663116, -0.25743534121050421, -0.014862159491548281, 
0.13032680926653317, -0.13415286612855037, 0.093670713290538166, 
0.0070476235362707616, 0.056071272008681422, -0.47195605082523612, 
-0.17405802871494683, -0.59769661929785001, 0.0074652923590142325, 
0.014817319150453057, 0.0082280323092850487, 0.024928560308828625, 
-0.0017527006479411079, 0.034349026070599406, 0.022734268761561888, 
0.072793974823674959, -0.21706260505031899, -0.00017716839261390491, 
-0.0098054704889809965, -0.00030803045078365952, 0.01172913328649567, 
-0.25743534121050421, -0.15229147365654849, 0.010736604955819528, 
0.10109071518496643, -0.083927177974264563, 0.042533729317930431, 
0.012869356953963738, 0.052561457652773119, -0.28362294591797166, 
-0.082559738412113115, -0.3582245736927141, -0.0076315055744730978, 
-0.0013787513740072042, 0.0028532060635989083, 0.023103435283233664, 
0.0025991595058866093, 0.010635415366978039, 0.022151820314320253, 
0.052843567275118589, -0.044694191592391706, -0.00083156097543219125, 
0.010919410961322745, -0.00011139574784073536, 0.011904547543203513, 
-0.014862159491548281, 0.010736604955819528, 0.026879546013829816, 
-0.0029759375575969145, -0.026343825091811855, -0.0027340170192862471, 
0.0075834839278693241, -0.0026660614195470602, -0.01644582178105556, 
0.0033158197513288093, -0.024382751097904672, 0.01863288160660936, 
0.0051591014188878829, 0.005805321765863119, 0.012684571689498846, 
0.0035974446070357689, 0.006135025361001272, -0.00020552010757313377, 
0.041661015008867042, 0.0071679107448108324, 0.002811867560903581, 
-0.0024958798583236412, -0.0047168002189893667, 0.0042752994130291141, 
0.13032680926653314, 0.10109071518496643, -0.0029759375575969145, 
-0.020978948700874557, 0.061350163056478689, -0.024491319946712397, 
0.0026924763961220315, -0.013189432826626525, 0.12423975545945221, 
0.072222991676326606, 0.15195867665552007, -0.0052983888419778583, 
0.009661424808923522, 0.0097806425918799088, -0.0017770943505265562, 
0.0040196490678240139, 0.0005749073258911778, 0.0025211464662921379, 
0.036982874151193751, 0.040166254825124051, 0.0016079127964851387, 
-0.00026036410010772264, -0.0047579400027076843, 0.002051005237407923, 
-0.13415286612855037, -0.083927177974264563, -0.026343825091811855, 
0.061350163056478696, -0.03188882904081234, 0.016684886972211307, 
0.00061242068794007689, 0.0040021786240257594, -0.14320443961719254, 
-0.040481918976983174, -0.14343169695265764, 0.0088244353434449932, 
0.0031008896416666446, 0.0062570435999330411, 0.0024125680113770307, 
0.0020185474341358907, 0.005800545093452787, 0.00053633635820850474, 
-0.058985808430554031, 0.018112085403167538, -0.0063839564698660407, 
0.0041354685360215351, -0.014903660841460704, -0.0012535130098540507, 
0.093670713290538166, 0.042533729317930431, -0.0027340170192862471, 
-0.024491319946712397, 0.016684886972211304, 0.0031824874156130855, 
0.0072783008788056243, -0.0059308241004442375, 0.097523611979583993, 
0.029712759489508987, 0.053110928281123966, 0.012845951773015743, 
0.0013152914863970942, 0.0029255343819105991, 0.0028816588300446802, 
-0.0065240124092899371, 0.0027424878099076618, 0.0049148807409521659, 
0.030726751556718383, -0.0051626334921467901, 0.011998514768440566, 
0.0013230322017992848, -0.0034127604408413109, -0.0023627966701574572, 
0.0070476235362707616, 0.012869356953963736, 0.0075834839278693233, 
0.0026924763961220315, 0.00061242068794007689, 0.0072783008788056243, 
0.013911245115641263, 0.001151750996295177, 0.0043000023532238276, 
-0.001065140567856401, -0.0018347749733258532, 0.0068884894482131431, 
0.0018560696816462133, 0.0021186185097204738, 0.0012287624196654955, 
0.0049960236086792611, -0.0021893971710085888, 0.0094751792241005734, 
0.019161433863179003, 0.041863806842784165, 0.0022559269551443981, 
0.0046641524145273113, 0.0049497244286903636, 0.00056471154276012576, 
0.056071272008681422, 0.052561457652773119, -0.0026660614195470602, 
-0.013189432826626525, 0.0040021786240257594, -0.0059308241004442375, 
0.001151750996295177, -0.0050551010299828367, 0.034162609501570018, 
0.023858211260495702, 0.049803317032152065, 0.0030606754186523976, 
-0.00038667920617102829, 0.00026176137482072763, 0.00036768413983739862, 
0.0042709594754545112, 0.0037812201469366305, -0.0037059618719878975, 
0.065612012507072021, 0.027204706307614564, -0.0031213116512568656, 
0.0050636960135261111, -0.0066099943561945583, -0.0011472192111300096, 
-0.47195605082523612, -0.28362294591797166, -0.01644582178105556, 
0.12423975545945222, -0.14320443961719254, 0.097523611979583993, 
0.0043000023532238267, 0.034162609501570018, -0.40813925689797398, 
-0.17607282439314628, -0.47894318634740923, -0.031179723446066895, 
0.01007211200430588, 0.0061055391175005407, 0.024141229920155688, 
-0.033544431975548267, -0.0019850889151333223, 0.018321623576799461, 
-0.12983978540380109, -0.063348659165943261, 0.0088191836325472155, 
-0.011299587531563402, 0.011791282217955867, 0.0032766832999985927, 
-0.17405802871494683, -0.082559738412113115, 0.0033158197513288093, 
0.072222991676326606, -0.040481918976983174, 0.029712759489508991, 
-0.001065140567856401, 0.023858211260495702, -0.17607282439314631, 
-0.054662252061669976, -0.16254798426099282, -0.0089666373099854188, 
0.010290923707591498, 0.0077543363278179678, -0.0037977975468357732, 
-0.005215607663277444, 0.011831923845904108, 0.012067854896021099, 
0.025628026263711471, 0.0016125728521151907, 0.0020792610314524979, 
0.010991314258754988, 0.011657329974335665, -0.001161093013897996, 
-0.59769661929785001, -0.35822457369271404, -0.024382751097904672, 
0.1519586766555201, -0.14343169695265767, 0.053110928281123959, 
-0.0018347749733258532, 0.049803317032152065, -0.47894318634740923, 
-0.16254798426099284, -0.48929750408497963, 0.021924369311545077, 
0.022497106433087565, 0.016381598515466177, 0.019505625147191865, 
0.00094219343985369429, 0.021456097621112138, -0.0013544603380630479, 
0.019370508327532447, -0.064745960219333931, -0.013970468649336171, 
0.0069494125591122342, -0.0065078733158573775, -0.002744777012616374, 
0.0074652923590142316, -0.0076315055744730969, 0.01863288160660936, 
-0.0052983888419778583, 0.0088244353434449932, 0.012845951773015743, 
0.0068884894482131431, 0.0030606754186523976, -0.031179723446066891, 
-0.0089666373099854188, 0.021924369311545077, 0.013222225997919711, 
0.0082769358642000891, 0.0020070608069214803, 0.0023415923969212528, 
-0.0039845677195757094, -0.0092905225999348872, -0.0048829182524121615, 
0.026306439459197806, 0.026065171954741943, 0.0095016261837442342, 
-0.0027672161887812149, -0.00099066142950630324, -0.0033594251716260693, 
0.014817319150453059, -0.0013787513740072042, 0.0051591014188878837, 
0.0096614248089235237, 0.0031008896416666446, 0.0013152914863970942, 
0.0018560696816462136, -0.00038667920617102829, 0.010072112004305881, 
0.010290923707591496, 0.022497106433087565, 0.0082769358642000891, 
0.010524470819385384, 0.008014930631061767, 0.0011006905894535889, 
0.0050129361247301021, 0.0079757123985246987, 0.0033243114737909088, 
0.014425041289928546, 0.014187879000457782, 0.0027792724955925121, 
0.0058679330679026762, -0.0022839426474154365, 0.0018337936474090808, 
0.0082280323092850487, 0.0028532060635989079, 0.005805321765863119, 
0.0097806425918799105, 0.0062570435999330411, 0.0029255343819105991, 
0.0021186185097204738, 0.00026176137482072763, 0.0061055391175005415, 
0.0077543363278179686, 0.016381598515466177, 0.0020070608069214803, 
0.008014930631061767, 0.008323919244014169, -1.1815784050660963e-05, 
0.0069277708858609, 0.0054149234911616126, 0.0060063797234033503, 
-0.0014416636794010575, -0.011149509166953824, 0.0034671085958046547, 
0.0052114924057471779, -0.0018003140086872136, 0.0030704045692974942, 
0.024928560308828625, 0.023103435283233664, 0.012684571689498846, 
-0.0017770943505265565, 0.0024125680113770303, 0.0028816588300446802, 
0.0012287624196654955, 0.00036768413983739862, 0.024141229920155684, 
