structure(c(-0.025410134829973344, -0.039565185382212709, -0.0041380795599536462, 
-0.009079318882456066, 0.021531155607493798, 0.0025416538817715243, 
-0.0066159614570637871, -0.0062740271728558986, 0.01680316651186034, 
-0.01723138092903374, -0.0082070789092476993, 0.0094133626365436561, 
-0.021304514217964345, -0.024456605402106108, -0.010974314217802109, 
0.00061902955693405345, 7.2227544448666894e-05, -0.0097835561483146111, 
0.064717010559702276, -0.13643811134011624, -0.03401432173064943, 
-0.0094929723801826949, -0.036836043827222283, -0.00095457679254544198, 
-0.039565185382212702, -0.033910683639373697, -0.01386587882977142, 
0.020524070385672596, 0.0047327818936056028, -0.0089690480836251037, 
0.013526696555575504, -0.0044123304038432183, -0.075351596975338914, 
0.010104292816766317, -0.022466521212755108, 0.0037533859622674282, 
-0.010802452833985879, -0.0035039462058367161, -0.0027882144480024132, 
0.00023573883720990563, 0.0025418912057801153, -0.014727491199346609, 
-0.056245455476520857, -0.019423357617049889, -0.00018008054907008746, 
0.0037933650330813007, -0.0049491622835732213, -0.0014390578649363347, 
-0.0041380795599536462, -0.01386587882977142, -0.0071109110696653301, 
-0.0085425263938782112, -0.001020942404892803, -0.007987080639025531, 
0.0042367499649268421, -0.0015364447130981854, -0.0047613828213819744, 
-0.014170215883678779, 0.012436889224736508, -0.0063959496503252587, 
-0.0017515923392393204, -0.00044120010358147146, -0.0071133722213922038, 
-0.0045365442868666277, -0.00098869290909523377, 0.00077719192849116166, 
-0.031623183312982639, 0.05925874820976057, -0.0018691037709295969, 
-0.006002665877354223, -0.001140326913531653, -0.0042463161853045356, 
-0.009079318882456066, 0.020524070385672596, -0.0085425263938782112, 
0.0040094661280690854, -0.020800100101531997, -0.0021997184128795082, 
-0.0038226501675817544, -0.0089584446587731726, 0.0045979956318240815, 
-0.0064155176486051452, 0.0058488442840807066, -0.0006793691519977387, 
-0.00078189828164850329, 0.0001739267590863064, 2.5448559263118178e-05, 
0.0034887522444361028, -0.0028643708183670518, 0.0032292699285582267, 
0.0059934225281893325, -0.028558103784571777, -0.00080696592827468236, 
-0.001078109423629309, -0.001807992608062509, -0.00059740748701513481, 
0.021531155607493798, 0.0047327818936056037, -0.0010209424048928028, 
-0.020800100101531997, -0.012261119221983599, 0.0048332197877635728, 
0.006267884174518179, -0.005133334983625267, -0.014108058955470789, 
-0.002291849654320497, 0.0046805174344925864, 0.0069286683057327549, 
0.0038972533315245056, 0.0014121590254877346, 0.0011659706414509897, 
-0.0041525228719817252, 0.0093730950807616002, 0.0054208151259447371, 
-0.014210396536753225, -0.052935947240452322, 0.0010558121617173508, 
0.0067227204736750772, 0.0029312151907405822, -0.0038573776470049981, 
0.0025416538817715248, -0.0089690480836251037, -0.007987080639025531, 
-0.0021997184128795082, 0.0048332197877635728, -0.0079419005339762087, 
0.0019892472120759523, -0.010945852110534627, -0.014628043241973115, 
0.0094392602020623509, 0.0070246976791688166, -0.0014736156211071069, 
-0.0072202912438649033, -0.0044992384730615847, 0.0018946085794899659, 
0.0017602499392689443, 0.001579598037812636, -0.0018055818338962382, 
0.0034216675987994338, 0.0074363767058505956, -0.0021866993730520617, 
-0.0033197712449343992, -0.0016952095937501706, -0.0018132483638270121, 
-0.0066159614570637871, 0.013526696555575504, 0.0042367499649268421, 
-0.0038226501675817548, 0.006267884174518179, 0.0019892472120759523, 
0.004942892110766429, -0.0023165185704612421, -0.0064373394427922241, 
0.0030638019417231726, -0.0074382736062908591, 0.0093169885463430229, 
0.0017419529713092053, 0.0024330400772401535, -0.0014825698097873671, 
-0.0049875304406130222, 0.0032323224061270766, -0.0010383849086157324, 
-0.02222247400049996, 0.016647537337201913, 0.0018764707517104834, 
0.0023807172007656503, 0.0018391187445954212, 0.0053209220177928554, 
-0.0062740271728558986, -0.0044123304038432183, -0.0015364447130981854, 
-0.0089584446587731726, -0.005133334983625267, -0.010945852110534627, 
-0.0023165185704612425, -0.00085277771936999086, 0.017792527311589732, 
0.012177410765854298, 0.020883894642926653, -0.0034345079327487192, 
0.0041719276555318065, 0.00058079916936087288, -0.0010574811228098036, 
0.0028850445808862092, -0.00016225011470973527, -0.0024664341821035852, 
-0.017897789884463139, -0.0043436705124918094, -0.0044431076981401091, 
0.0012405474947169673, 0.00090598838517135351, 0.00019983172459948719, 
0.016803166511860344, -0.075351596975338914, -0.0047613828213819735, 
0.0045979956318240823, -0.014108058955470787, -0.014628043241973117, 
-0.0064373394427922241, 0.017792527311589732, 0.039462663827524398, 
-0.0023115485422288257, 0.0022652477018331352, 0.016310769286044208, 
-0.0025073978824177736, 0.0038017229910327346, 0.0035399507403046414, 
0.016309815875649704, 0.01490526437333963, -0.0044589473477952227, 
0.019947802722287165, 0.059121395117344079, 0.010601382366633586, 
-0.0061189992098405156, 0.0041645379291282659, 0.0034992756131329993, 
-0.01723138092903374, 0.010104292816766317, -0.014170215883678779, 
-0.0064155176486051452, -0.002291849654320497, 0.0094392602020623509, 
0.0030638019417231726, 0.0121774107658543, -0.0023115485422288257, 
-0.020671106826875438, -0.048645350872528241, -0.0033047718404242122, 
-0.0044738816338751068, -0.0024024907597417922, -0.0072747035244491295, 
0.0054384673686487788, 0.0032466563986598015, -0.0050416886294928935, 
-0.014911697972503477, -0.038374379580409845, -0.012486424012683907, 
0.00010775612307987096, -0.0015770574547812749, -0.0023281456929772964, 
-0.0082070789092476976, -0.022466521212755108, 0.012436889224736507, 
0.0058488442840807066, 0.0046805174344925855, 0.0070246976791688166, 
-0.0074382736062908591, 0.020883894642926653, 0.0022652477018331348, 
-0.048645350872528241, 0.0031234806542517427, 0.010709461461323932, 
-0.0020828352831287877, 0.0012182780402818234, 0.0079012596244291688, 
-0.0058941319123097342, -0.0070361761590321328, -0.0053381422968744423, 
-0.03826394628082936, -0.1018489406225094, -0.030116797593634521, 
-0.017597974567690362, -0.031945737205015194, 0.0023115840357431474, 
0.0094133626365436561, 0.0037533859622674286, -0.0063959496503252587, 
-0.0006793691519977387, 0.0069286683057327549, -0.0014736156211071069, 
0.0093169885463430229, -0.0034345079327487197, 0.016310769286044208, 
-0.0033047718404242122, 0.010709461461323932, -0.001269911627923794, 
-0.0031885163375391899, -0.0031265034001690365, -0.00029945442579896775, 
-0.00067102536739760323, 0.0097208152460226249, -0.0023034998724982868, 
-0.005716387943148246, -0.014529797360811144, -0.0020913862979458219, 
-0.0024506428618539431, 0.0036666964286237208, -0.0052081660324363281, 
-0.021304514217964341, -0.010802452833985879, -0.0017515923392393202, 
-0.00078189828164850319, 0.0038972533315245056, -0.0072202912438649024, 
0.0017419529713092053, 0.0041719276555318065, -0.002507397882417774, 
-0.0044738816338751068, -0.0020828352831287877, -0.0031885163375391895, 
0.00028062712075296046, -0.001115756337879386, 0.00063036937849487594, 
-0.0011252004773239913, 0.0019276328326342609, -0.00034972077091992721, 
-0.020905996078440948, 0.019241673124558455, 0.0029840429192313964, 
-0.0010902871048933975, -0.0018330890364033371, -0.0019347274944890602, 
-0.024456605402106108, -0.0035039462058367166, -0.00044120010358147146, 
0.0001739267590863064, 0.0014121590254877346, -0.0044992384730615847, 
0.0024330400772401535, 0.00058079916936087299, 0.0038017229910327346, 
-0.0024024907597417918, 0.0012182780402818234, -0.0031265034001690365, 
-0.001115756337879386, -0.0024865038734690199, 0.00020933538956494991, 
-0.0033688121486912383, 0.0010996802189172131, -0.0041163309786528459, 
-0.017893747052321621, 0.013387848702945357, 0.0013188519987100207, 
-0.0030520944708683187, -0.0034531108629673856, -0.003990246210711877, 
