structure(c(0.96078935140553556, 0.51622196688797772, 0.37651387306523149, 
-0.044692478137127734, 0.14901440368838445, -0.014056074218644909, 
-0.066960297075490921, -0.22524608090761056, -0.27464138201782562, 
0.28207688345590681, 0.47296795293602895, 0.21646507363375583, 
0.07096025968579725, 0.061208771774309736, 0.17664994921477892, 
-0.15919991930244171, 0.07269996160917766, -0.087953608621116147, 
1.6686426280509941, -0.47995696121081849, 0.26233854782082422, 
0.10334711064848486, -0.003108355190459417, -0.043725289052193597, 
0.51622196688797772, 0.18314205555216184, 0.18781270480490028, 
-0.12319610591662024, 0.084946971783686903, -0.0004345918541042595, 
0.043976592945535506, -0.041635599839722877, -0.28444111644428793, 
0.15090931657330453, 0.059688076617830071, 0.1741841230569374, 
0.082305114794229972, 0.0077055463764581231, 0.063892517505286614, 
-0.12482697640348352, 0.064650711959702289, -0.011929508584059436, 
0.78705691881263362, 0.19236468386052288, 0.030044676017076576, 
0.054349023026439965, -0.084242216025358196, -0.029741321112306096, 
0.37651387306523154, 0.18781270480490025, 0.08565932248502317, 
-0.017030550005574102, 0.1350439943439003, -0.13472310884157504, 
-0.02411475355725607, -0.034388036917605377, 0.065835919952912922, 
0.13156710697845525, 0.076428540001756265, 0.16780208442127917, 
0.005011512222472249, -0.01419977732214887, -0.021391306789213645, 
0.00066483346844065474, 0.00074739856088079995, 0.00964489250168429, 
0.21766273217371468, 0.011826210865059689, 0.050321844145254993, 
0.0025992523009143393, 0.03264121372883106, -0.0074419725764041144, 
-0.04469247813712774, -0.12319610591662024, -0.017030550005574102, 
-0.043005312182275213, -0.097254151051693549, -0.0041247795951719762, 
-0.081183071237917334, -0.0076056809849483218, -0.029238696476419749, 
-0.10049999764363748, -0.19675932611524075, -0.067234737343662171, 
-0.041502849003690272, -0.019379419711971217, 0.044675483120816054, 
0.058937281815173721, 0.014676280638815261, 0.0090967404020534173, 
0.15407650585193206, 0.039494669254801176, -0.048846116014674673, 
0.01712982727231023, 0.010867824039612022, -0.019073628178684042, 
0.14901440368838445, 0.084946971783686903, 0.1350439943439003, 
-0.097254151051693549, 0.089130832925031114, -0.052954637534944268, 
-0.0063741797343220916, -0.0093917638117980706, -0.054514432326422703, 
-0.053246868327251659, 0.175234468284024, 0.17911038614759925, 
0.040587725088437027, -0.0046007851483571326, -0.011533328166640745, 
-0.01815809999162931, 0.04020833996491574, 0.049205742895942296, 
0.69298968568437513, -0.14906201681764231, 0.14746640080793499, 
0.041384794264477359, 0.033294964570392688, 0.036475925936256565, 
-0.014056074218644908, -0.0004345918541042595, -0.13472310884157507, 
-0.0041247795951719762, -0.052954637534944268, -0.032849840724063425, 
-0.015427885547266538, -0.027153074484630235, 0.14123884976988571, 
0.038279748456438403, -0.158351571533146, -0.021811681509801412, 
-0.034357633961311862, 0.00093582221517647928, 0.026468542574751536, 
-0.003706002826982338, -0.033865461836402613, -0.028399315642365763, 
-0.067601723449914553, 0.090446091527039779, 0.022585916215956309, 
-0.0061945932468900041, -0.016142853742899175, -0.058791467094713272, 
-0.066960297075490921, 0.043976592945535506, -0.024114753557256074, 
-0.081183071237917334, -0.0063741797343220916, -0.015427885547266538, 
0.036589919861300266, 0.030058849252828073, 0.22064795216446922, 
0.012467366471058883, 0.13263441728015921, 0.0013729026415724838, 
0.013257036432270813, 0.037601600514788995, -0.05367444387097231, 
0.00078126396718111951, -0.042614546850219398, 0.022100724860002606, 
-0.16095975415198396, -0.057429624122839681, -0.0085258759967301225, 
0.033487819117946363, 0.053724192643002502, 0.0098407379172764167, 
-0.22524608090761056, -0.041635599839722877, -0.034388036917605377, 
-0.0076056809849483209, -0.0093917638117980706, -0.027153074484630235, 
0.030058849252828073, 0.044152730204752244, -0.15820595755659136, 
0.037848153775284922, -0.055064499124932005, 0.016007838538162976, 
-0.014662554636856321, -0.0084276868320214172, 0.050701551235456561, 
-0.0029128466928222962, 0.03690451852543554, 0.0026508483411240482, 
0.12516195951095932, -0.26549995958972156, 0.0031013862370559975, 
-0.012532550636173378, -0.014057451826412992, -0.006092194215467161, 
-0.27464138201782562, -0.28444111644428793, 0.065835919952912922, 
-0.029238696476419749, -0.054514432326422703, 0.14123884976988568, 
0.22064795216446922, -0.15820595755659136, 0.13036059149967466, 
-0.34167084869358594, -0.3675149210919878, 0.022503483863723237, 
-0.12102917767986868, -0.064310290383415944, -0.010610376191104493, 
0.083900829668874258, -0.060758567090886062, 0.037363830558278813, 
0.035721114524407953, 0.40118699003680913, 0.068726258432158641, 
0.030927067644486848, 0.16540235685170093, 0.027450169945753465, 
0.28207688345590681, 0.15090931657330453, 0.13156710697845525, 
-0.10049999764363748, -0.053246868327251666, 0.038279748456438403, 
0.012467366471058883, 0.037848153775284929, -0.34167084869358594, 
-0.010660068464193876, -0.071055519660408906, 0.033644166426841184, 
-0.056907028782823367, -0.02196721349272544, -0.03558972102766713, 
0.071516494289841526, 0.025119038286867283, 0.023096652873088725, 
-0.031977228119399022, -0.23791028668330863, 0.10339155615322936, 
0.0051080334171918857, 0.073987924441783828, -0.018343020868212306, 
0.47296795293602895, 0.059688076617830071, 0.076428540001756265, 
-0.19675932611524072, 0.175234468284024, -0.15835157153314602, 
0.13263441728015921, -0.055064499124932005, -0.3675149210919878, 
-0.071055519660408906, 0.42909284918726631, 0.12743903671992324, 
0.073092641683169021, 0.094320588535663677, -0.048838382576229751, 
0.058802189901823045, -0.01093478309698109, 0.055165225422800702, 
0.5153356085105959, 0.087503372412156818, 0.11047487141832851, 
-0.014829342297414434, 0.047791111072429615, 0.085693345475061494, 
0.21646507363375583, 0.17418412305693737, 0.1678020844212792, 
-0.067234737343662185, 0.17911038614759925, -0.021811681509801412, 
0.0013729026415724838, 0.016007838538162976, 0.022503483863723237, 
0.033644166426841177, 0.12743903671992327, 0.13929387857161538, 
-0.01048373522496676, 0.0047983892066240383, 0.0029771349662748082, 
0.0041989993471909142, 0.06981493406859883, 0.0190795446738798, 
0.54080956774111355, 0.1093174611533235, 0.0065133640814833442, 
0.047513623366334544, 0.026462011832646491, 0.040295779271745498, 
0.070960259685797264, 0.082305114794229972, 0.0050115122224722482, 
-0.041502849003690279, 0.04058772508843702, -0.034357633961311869, 
0.013257036432270813, -0.014662554636856321, -0.12102917767986866, 
-0.056907028782823367, 0.073092641683169035, -0.01048373522496676, 
-0.018773637031180367, -0.0031124174281675124, -0.015762840913980367, 
0.030731713799435813, 0.02115826180037993, -0.0016542803506830706, 
0.014605672285237542, 0.021626069178845023, -0.043844948230534031, 
-0.015564426604582168, -0.010309924265564947, -0.0083424569264407642, 
0.061208771774309736, 0.0077055463764581231, -0.01419977732214887, 
-0.019379419711971213, -0.0046007851483571326, 0.00093582221517647917, 
0.037601600514788995, -0.0084276868320214172, -0.064310290383415944, 
-0.02196721349272544, 0.094320588535663677, 0.0047983892066240392, 
-0.0031124174281675124, 0.019752980515644919, -0.0051015726137714958, 
0.019682334445314257, 0.0099291188213890911, 0.0085191972411943831, 
0.0076284218842428593, 0.040165877831171856, -0.011831441349762439, 
0.01728720587323259, -0.0045631866786579808, 0.0017858009528228423, 
0.17664994921477889, 0.063892517505286614, -0.021391306789213648, 
0.044675483120816047, -0.011533328166640744, 0.026468542574751536, 
-0.05367444387097231, 0.050701551235456568, -0.010610376191104493, 
-0.03558972102766713, -0.048838382576229751, 0.0029771349662748086, 
-0.015762840913980371, -0.0051015726137714958, -0.046742049823311628, 
