structure(c(-0.04652255248847309, 0.033848636419951283, -0.066409733501761187, 
0.051381340030630621, 0.045961147196187754, 0.027615737201940844, 
0.040085439272094403, 0.0053554366770037706, 0.091731980681039341, 
0.082380903460565841, 0.077715851624866814, -0.0067189658767098101, 
-0.039784754115005073, -0.029741785601445761, -0.016851006257036078, 
-0.011647525218975921, 0.029443125868271403, 0.030756759753549842, 
-0.26868499985395544, 0.3062573504182749, 0.038050779111295958, 
0.0050995064367337015, 0.042967481926999916, 0.014647584048104621, 
0.033848636419951283, 0.079609020806477429, -0.059802130807906591, 
0.024252522984955373, 0.050928092570525239, 0.03385845525988769, 
0.0049542640756537019, 0.025383601313459004, 0.018403137540606147, 
0.045982545050158863, 0.024896209255297945, 0.026390459043438699, 
-0.0080362956004410013, -0.007208741115536244, -0.007344541131364562, 
0.00038853839871517802, -0.016499759447177742, 0.0079395043040376475, 
-0.04908274292552358, -0.015999963296981563, 0.007702633294180989, 
-0.015039333813236128, 0.030395527433202427, 0.016127545273854384, 
-0.066409733501761187, -0.059802130807906591, 0.0042426472251436975, 
-0.012312203373694366, 0.017106797090346616, 0.006977518256346414, 
0.0079768924749078676, 0.02057064597377772, -0.030159713844243298, 
0.02369339104942729, -0.020743121250617905, 0.00083744191871253299, 
-0.002544602090632861, -0.0017048236460472151, -0.0078072054552783387, 
-0.0061037847088471313, -0.013720651940561015, 0.018772048677941331, 
-0.041589737347245699, 0.063464980931521184, -0.018734856614918305, 
-0.0017902714088115117, -0.022167614622970445, -0.016385707997489521, 
0.051381340030630614, 0.024252522984955373, -0.012312203373694368, 
0.021401768476176419, 0.020467762849349796, -0.010377297295799713, 
-0.0073182278533187343, -0.016126011238827297, 0.029741096943007441, 
-0.046953029758294587, 0.023038601932627075, 0.011647111776157886, 
0.00019156282470487611, -0.00095376760389057384, 0.015990008813381661, 
0.0016507772877729472, 0.021926573175322952, -0.012613846027821883, 
0.0066135976486418526, -0.016121300820460149, 0.0045089684365960904, 
0.0055612256561274245, -0.0018353260725860227, -0.00010291356118243788, 
0.045961147196187754, 0.050928092570525239, 0.017106797090346616, 
0.020467762849349796, 0.041586136657663211, -0.0064956227506451037, 
-0.0036423341227625832, 0.039324414055534079, 0.0033762997400522193, 
0.04532290648779097, 0.027586642456868444, 0.00037330573945954534, 
0.0027841386790635725, -0.004670058116613628, -0.0098890778780718544, 
-0.0029760926465448806, -0.018026943016174315, 0.0016889862299723269, 
0.020001874508100759, 0.084456953679240707, 0.0066889547514019662, 
-0.0058607560373262965, -0.0046154813184119134, 8.0559214279913473e-05, 
0.027615737201940844, 0.03385845525988769, 0.0069775182563464148, 
-0.010377297295799713, -0.0064956227506451037, -0.016656165977223483, 
-0.0047965452251874261, -0.013650112625864347, 0.039412303829455111, 
-0.037137977413508237, 0.044876925319689336, 0.0068676142861524665, 
-0.0066126572431235726, -0.0014230047049553199, 0.0012528806178021936, 
-0.0011092755275491683, -0.0086660850404806158, 0.0082102278347465033, 
-6.2409952800360343e-05, -0.043442510900861112, -0.0055266967582578682, 
-0.0068472208623394891, -0.0025842701913293968, 0.004003407469233034, 
0.040085439272094403, 0.0049542640756537019, 0.0079768924749078676, 
-0.0073182278533187334, -0.0036423341227625832, -0.004796545225187427, 
-0.0024793821048266426, 0.015974615937038871, 0.012025130127083993, 
-0.0001796835189302546, 0.014297830213106582, -0.0066195913021068302, 
0.0094042437546308921, 0.0059239297006208058, 0.00401650384581515, 
-0.00914092129052522, -0.012328764184447952, 0.0033459553781691213, 
0.083557284710551918, -0.016513375907780813, -0.012014176513971509, 
-0.0033954915653535227, -0.0095287228981221633, 0.0022582600298908144, 
0.0053554366770037715, 0.025383601313459004, 0.020570645973777717, 
-0.016126011238827297, 0.039324414055534079, -0.013650112625864345, 
0.015974615937038871, -0.021408124602046202, -0.0080161141182684709, 
-0.01025869055318133, 0.0071852619160470265, 0.019565451445512295, 
0.0011498700354683536, -0.0024833448101687305, 0.005702732301604254, 
0.002958740023555978, 0.00011347259541515219, 0.0015603070672178389, 
0.0088207875001280224, -0.0041479276938857926, -0.011637539631276917, 
-0.0017374262684638059, -0.0085362133976211192, 0.012287074789789921, 
0.091731980681039341, 0.018403137540606147, -0.030159713844243298, 
0.029741096943007445, 0.0033762997400522193, 0.039412303829455105, 
0.012025130127083993, -0.0080161141182684709, -0.083215606298418454, 
0.041891312261024188, 0.054046735059956032, -0.004895140887689357, 
-0.0043046057156255133, -0.0040815442680473104, 0.024552094102544064, 
-0.047327916497571697, -0.0098011477689065232, 0.035530600956558814, 
0.19354765694489551, 0.016609080819598339, -0.011170405883478491, 
0.023470330443732625, 0.023336583399707001, 0.0057526378997786991, 
0.082380903460565855, 0.045982545050158863, 0.02369339104942729, 
-0.046953029758294594, 0.04532290648779097, -0.037137977413508237, 
-0.00017968351893025457, -0.01025869055318133, 0.041891312261024188, 
0.05488215567548748, -0.010781388658359394, 0.047064226430245347, 
-0.0065211187560630839, 0.0017597755039764731, 0.0099174096237709605, 
0.0051825412777077064, -0.030586407760087114, 0.0092758082622280431, 
-0.092073678539334861, 0.042259398208277371, -0.010954527582795925, 
0.010914026337424223, -0.0041118903556290227, 0.029838279836155515, 
0.077715851624866814, 0.024896209255297945, -0.020743121250617901, 
0.023038601932627079, 0.027586642456868444, 0.044876925319689343, 
0.014297830213106584, 0.0071852619160470265, 0.054046735059956025, 
-0.010781388658359392, 0.10672354515511982, 0.036375792265065453, 
0.014590481661364917, 0.0025857181481572732, 0.0051758941283053085, 
-0.041137526097124948, -0.0040771241410401914, 0.0032361465265359993, 
-0.2012935492020729, 0.02123272155702358, 0.0061015706002833028, 
0.027862715528642203, -0.010987261972816482, -0.015806710368224067, 
-0.0067189658767098101, 0.026390459043438699, 0.00083744191871253288, 
0.011647111776157886, 0.00037330573945954529, 0.0068676142861524665, 
-0.0066195913021068302, 0.019565451445512298, -0.004895140887689357, 
0.047064226430245354, 0.036375792265065453, 0.0046311529502576429, 
0.0046433481387889875, -0.0056615129927093605, 0.0055534461542372576, 
0.012059090568877634, -0.0044325855525075, -0.00098952659615455857, 
-0.079250054550906182, 0.0042513203886151854, -0.020331063912154487, 
-0.0050403964083011732, -0.016128269740340696, 0.010234920981996621, 
-0.039784754115005067, -0.0080362956004409996, -0.0025446020906328606, 
0.00019156282470487611, 0.0027841386790635725, -0.0066126572431235726, 
0.0094042437546308904, 0.0011498700354683536, -0.0043046057156255124, 
-0.0065211187560630822, 0.014590481661364917, 0.0046433481387889866, 
-0.005937773262199797, -0.0076127538134891509, -0.0015798995909092315, 
-0.0055398864743562964, -0.0054777569440040506, 0.0077267201003192809, 
-0.082092485376631802, 0.0040833819044111888, -0.014267181407314207, 
-0.0034249842670512685, -0.015669108203793643, -0.0069413659549096111, 
-0.029741785601445761, -0.007208741115536244, -0.0017048236460472153, 
-0.00095376760389057384, -0.004670058116613628, -0.0014230047049553199, 
0.0059239297006208058, -0.0024833448101687305, -0.0040815442680473112, 
0.0017597755039764731, 0.0025857181481572732, -0.0056615129927093605, 
-0.0076127538134891518, -0.0040028880561261814, -0.0026590309492483541, 
-0.0010753201402120397, -0.007020982609754485, 0.0091564917350322374, 
-0.024479407133498544, 0.041537827392514347, -0.010449921554406513, 
0.0017568430378853907, -0.0088188038324362571, -0.0048281232467170584, 
-0.016851006257036078, -0.007344541131364562, -0.0078072054552783387, 
0.015990008813381664, -0.0098890778780718544, 0.0012528806178021934, 
