structure(c(-0.093968932107335035, 0.0094486622564709122, -0.018015669866280452, 
0.027394336124065097, -0.022027527652070684, 0.010665546784675191, 
0.0049042970369201078, 0.011741900459100918, 0.027156854994896156, 
0.0063248786386463883, -0.023723604841815644, -0.0025455024877145127, 
0.013346483726518111, -0.014236225369029959, 0.002665489159590671, 
-0.012756679792317463, 0.014900385869439987, -0.030876623789173122, 
-0.018802028702923922, -0.043252556573927389, -0.038418045934551635, 
-0.010602768723721737, -0.041163141552634161, 0.015132720620523937, 
0.0094486622564709122, -0.023786815970271952, -0.01634307766751179, 
-0.0076558801416904279, -0.040573787883009145, -0.0041778753051638882, 
0.026207654495221909, 0.0061828847490048855, 0.014997315885293298, 
-0.026660746593996188, 0.052117558894809235, 0.01993902222316294, 
0.008039560727030071, -0.0043911502246518014, 0.0047825580855169582, 
0.013651948425715264, 0.0092428460495154446, -0.011327424431118753, 
-0.042818943638484118, 0.021235939086401683, -0.0079345947128992653, 
-0.008597416914358974, 0.0020859309160673606, 0.0022125365207410169, 
-0.018015669866280452, -0.01634307766751179, -0.010855934189441042, 
0.0091330195330607475, 0.010217741123594713, 0.0028992495177300927, 
-0.0097694115145959045, -0.0012337288306091504, 9.3635390224942346e-05, 
0.012227974742645802, -0.013760404671521061, -0.0063807275935704342, 
-0.0051303107747234762, -0.0025417677810235712, 0.0092387296717998356, 
-0.0056623434945581507, 0.00046916476097546829, 0.0044483242962330104, 
0.043150091457194527, -0.005770588338905259, 0.0041193272638041746, 
0.010874370439344746, -0.012162067967041539, -0.0038955562642712187, 
0.027394336124065097, -0.0076558801416904279, 0.0091330195330607475, 
-0.019898012960160746, 0.0036105667656790553, 0.00066483900611440105, 
0.006067776688934678, -0.0062939494782927605, -0.0098791485636366624, 
-0.020379568817802941, -0.0045618458770007144, -0.015358197454460947, 
0.0044451966431717669, 0.0033981300135801033, 0.00062432435727512994, 
0.0051155542745796789, 0.0096682537346088355, -0.0017076573578526802, 
0.034648567657771571, -0.00066269804095305332, 0.019673294898310892, 
-0.0064832665425492812, 0.0056776512536199199, 0.0052712862688562507, 
-0.022027527652070684, -0.040573787883009145, 0.010217741123594713, 
0.0036105667656790557, -0.017842563442673591, -0.0027506483061909598, 
-0.0090953905430804192, 0.0018332886816275122, 0.022164984765408079, 
-0.0031553498471233567, 0.0037845300234632569, -0.012162117431761191, 
0.0025945362725877689, 0.0069527629084327495, -0.0068763937226876733, 
-0.016623468348023938, -0.0033928084607645938, 0.01412405775508037, 
-0.0034713775704343312, -0.03448511612968512, 0.0089914051627550725, 
-0.00094995029189857353, 0.0047106735920606161, -0.011332976967541895, 
0.010665546784675191, -0.0041778753051638882, 0.0028992495177300927, 
0.00066483900611440105, -0.0027506483061909594, 0.0074378406037970786, 
0.0062267073568236771, 0.0046663113106088904, -0.011256643201968303, 
-0.016666635231400898, -0.035307346383102012, -4.112174364170014e-05, 
-0.00065257132689716679, -0.0025531044290135235, 0.0046797268521849393, 
0.0056177572165897801, 0.0026758483494522555, 0.0020900854801059925, 
-0.092789198386442298, 0.025096797222463205, 0.0093346867666353785, 
-0.003050219702410002, 0.00091169340299915161, 0.0022625444054536342, 
0.0049042970369201078, 0.026207654495221909, -0.0097694115145959045, 
0.006067776688934678, -0.0090953905430804192, 0.0062267073568236771, 
0.007397834705723352, -0.0033418135372139, 0.0085424647942400397, 
0.0049105590130699142, 0.00065538263381575361, 0.027007185098521489, 
0.0012096385011491537, -0.0033430929213604313, -0.00015765637840920181, 
-0.005198884986493112, 0.0017624944455374666, -0.0054095353529277747, 
-0.011843303680705533, 0.0029335584413655784, -0.0012951485240399105, 
0.002898590520532597, -0.0057288010591715378, -0.0014478774698027642, 
0.011741900459100918, 0.0061828847490048864, -0.0012337288306091506, 
-0.0062939494782927605, 0.0018332886816275122, 0.0046663113106088904, 
-0.0033418135372139, 0.0069308023611098241, -0.0030757783307354199, 
0.012557681254908564, 0.01401219289386807, 0.02106891210573358, 
-0.0068665597670510021, -0.0055677885073811169, 0.0017052077629751731, 
-0.0023744350323077943, 0.010633782168211829, 0.00090280480575866844, 
0.018982632434803318, -0.024582680878463953, 0.013779395089258836, 
0.0042475098757156467, 0.0054189987990244477, 0.0013768781803252155, 
0.027156854994896156, 0.014997315885293298, 9.3635390224942346e-05, 
-0.0098791485636366624, 0.022164984765408079, -0.011256643201968303, 
0.0085424647942400397, -0.0030757783307354199, -0.010788732569234901, 
-0.024979954699562611, -5.5131773923282385e-05, 0.022359922971314942, 
0.0020398135473385618, 0.0051141468506725012, 0.0059781607445136588, 
0.01627748203509163, -0.0045578137285964817, 0.004842536632107583, 
-0.11804058673080384, -0.037720763736035549, 0.0050840071553457994, 
-0.0084790129096539123, -0.0026248229163412158, -0.010725737312923957, 
0.0063248786386463874, -0.026660746593996188, 0.012227974742645802, 
-0.020379568817802937, -0.0031553498471233563, -0.016666635231400898, 
0.0049105590130699142, 0.012557681254908564, -0.024979954699562608, 
-0.023363883751856551, -0.05005431511736063, 0.0079075749788651475, 
0.0002192439427060074, -0.0020442394072762654, -0.011342848349334293, 
-0.0015976476767417935, -0.0093713783599887173, 0.0093745905125912736, 
0.0069225204034466803, -0.011795966205717117, 0.0092415371044222896, 
0.0009052407957319934, -0.019373212523200324, -0.013605230225932238, 
-0.023723604841815644, 0.052117558894809242, -0.013760404671521061, 
-0.0045618458770007152, 0.0037845300234632569, -0.035307346383102012, 
0.00065538263381575361, 0.014012192893868071, -5.5131773923282391e-05, 
-0.05005431511736063, -0.034821605787750773, 0.0021759544253469828, 
-0.0089727536921158004, -0.012861937645250636, -0.014773001840291086, 
0.016438623272453146, -0.014558645465379818, -0.0076292631481196952, 
-0.21106800368391171, 0.0066678100297874144, 0.020812902916355992, 
-0.011746344506633914, -0.0058386239214733363, -0.016223815059630352, 
-0.0025455024877145127, 0.019939022223162937, -0.0063807275935704342, 
-0.015358197454460947, -0.012162117431761191, -4.112174364170014e-05, 
0.027007185098521489, 0.021068912105733584, 0.022359922971314942, 
0.0079075749788651457, 0.0021759544253469828, 0.010789437758082583, 
-0.010729050826508877, -0.0036803049175487637, -0.0024003557612244327, 
0.007466422026426443, -0.0048247348139207761, -0.0032015792517437751, 
0.030950773568248127, 0.031816509650276395, 0.003385793878408083, 
0.0029749117281702218, 0.0018448922971293982, -0.0080284176602077734, 
0.013346483726518111, 0.008039560727030071, -0.0051303107747234762, 
0.0044451966431717669, 0.0025945362725877693, -0.00065257132689716679, 
0.0012096385011491537, -0.0068665597670510021, 0.0020398135473385613, 
0.00021924394270600743, -0.0089727536921158004, -0.010729050826508877, 
0.0023472113733464741, 0.0026969327162203946, 0.0043339363585050876, 
0.0041294053726539971, -0.00042244429009332014, 0.0073898316175831733, 
-0.0017821943361005363, 0.023167225545420354, 0.0044102387930921513, 
0.0010807100986956501, 0.0038497326531394369, 0.004199654310718723, 
-0.014236225369029961, -0.0043911502246518014, -0.0025417677810235717, 
0.0033981300135801033, 0.0069527629084327495, -0.0025531044290135235, 
-0.0033430929213604313, -0.0055677885073811169, 0.005114146850672502, 
-0.0020442394072762654, -0.012861937645250635, -0.0036803049175487632, 
0.0026969327162203946, 0.0011484168358772441, 0.001576693173830248, 
0.0020954841267931041, -0.0015174291981602075, 0.0049624865364003472, 
0.028143902572403984, -0.0061819439014130289, 0.0050019325417562221, 
0.00095313470718379873, 0.0087079571244780239, 0.00011109798626968105, 
0.0026654891595906706, 0.0047825580855169582, 0.0092387296717998356, 
