structure(c(-0.16842454104979926, 0.025696420981078962, 0.011016917645100171, 
-0.0014960776584795944, -0.017946229005988194, -0.07083007174511402, 
-0.03010778066098705, -0.06670702851441293, -0.11319135252526259, 
-0.02563451641851993, 0.10209771825526759, -0.05049056428147089, 
-0.019724601572813701, -0.028490573599712465, -0.01908977598817924, 
-0.02653614523251565, -0.013274381744613517, 0.047641085004906603, 
-0.17719384225341619, -0.0087622451430758048, -0.026007328642055547, 
0.038357447884906408, 0.018191402715759791, -0.0018340976615684801, 
0.025696420981078966, 0.00018778087514657442, -0.014824036453006824, 
0.0039896793354495738, -0.0087321263715791648, -0.0087421285961746982, 
0.022201434022887195, -0.00030811456342732683, 0.051935855071470007, 
0.04916606494450302, 0.047817017499034019, 0.02710751661225988, 
0.03484628913649622, 0.03250775202544906, 0.0033908162694300981, 
-0.032111545211778128, 0.011637161395440769, -0.0034584597520487125, 
-0.036758903576738701, -0.081053148490867394, -0.024634173375377204, 
0.0091230983534795439, 0.011777142034441438, -0.021694346636332351, 
0.011016917645100171, -0.014824036453006822, -0.02551316435564108, 
0.023632852030446065, 0.004706819094256901, 0.0040139013743052997, 
-0.023481848393166031, -0.019012850907377348, -0.030367698725123328, 
-0.029436902079708758, 0.00021716464013935927, 0.01603884566415395, 
-0.00067614603542185271, -0.0042524752796123068, -0.008681215750021256, 
0.0084512394640347994, -0.020433677750402803, -0.013869197256529566, 
-0.07581690571368957, -0.010276989020962041, 0.0013041797408076012, 
-0.0021724483138216657, 0.0015712352424138323, 0.0022775513877320384, 
-0.0014960776584795944, 0.0039896793354495747, 0.023632852030446065, 
0.017384494810457538, 0.019266980406895388, -0.010742687563651244, 
0.021607830872243463, 0.010213268098828178, -0.028952081510110025, 
0.015128626612408144, 0.0054267878221232026, -0.0089847143864127815, 
0.0085299768897075818, -0.0018640541521231545, 0.02156616603859958, 
0.0020960507968620164, 0.019514633457549418, -0.0070691637127280795, 
-0.060918815392485906, -0.060267082956550234, -0.030585209311998734, 
0.0081706010978929312, -0.0068229209381227892, 0.0084673855382980875, 
-0.01794622900598819, -0.0087321263715791648, 0.0047068190942569019, 
0.019266980406895385, 0.027053145246002844, -0.00050914083114029585, 
0.031370729944182933, -0.032909565539509071, -0.077706769123508379, 
0.0027996013035615297, 0.0069602506301146422, -0.018437303013723271, 
-0.0057819284824809523, -0.0028010460807701633, 0.01677294362441346, 
0.015946337537733533, -0.002465969392345791, 0.0018506793714083444, 
-0.12270931589138737, 0.0029881339717308317, 0.0053048281961689458, 
0.010098972266884941, -0.0088354681743098469, 0.013219155088622462, 
-0.07083007174511402, -0.0087421285961746982, 0.0040139013743052997, 
-0.010742687563651244, -0.00050914083114029585, -0.01083662563835602, 
0.008365016437590557, -0.011174663480749338, 0.012088076315926425, 
0.0095813717045382177, -0.024854318457735287, 0.0063111677108508221, 
0.017042357331465221, 0.010377582991606365, -0.0095708028690213026, 
-0.014382095464520595, 0.011601823567759567, -0.013283100210135566, 
0.1587304066279881, -0.075630693454545567, -0.00819109556581777, 
0.0077359289368534234, 0.015427989202194615, -0.0033375383414659546, 
-0.03010778066098705, 0.022201434022887195, -0.023481848393166027, 
0.021607830872243463, 0.031370729944182933, 0.0083650164375905587, 
-0.02182071368614141, -0.0023805559010735651, 0.0010608551680381482, 
-0.0072102693388509352, -0.015214369921514393, -0.0099458127373114515, 
-0.0064164496068138312, 0.00026892058008830472, 0.011892205135841796, 
0.0059782968472459732, -0.00039497532081499186, -0.0074906745043939382, 
-0.11567530199846301, -0.025433307471429151, 0.0025433506424108552, 
0.012240739519517234, -0.00024980705268870919, 0.0026444395435184227, 
-0.06670702851441293, -0.00030811456342732689, -0.019012850907377348, 
0.010213268098828178, -0.032909565539509078, -0.011174663480749338, 
-0.0023805559010735651, 0.042116685978080083, 0.011646047683181431, 
0.0077682918499226523, 0.056415155119323324, -0.0011007620966520895, 
0.0010391252109161447, -0.0036640824358804757, -0.006595643919555882, 
0.0038935579523961109, -0.0073100885461838769, -0.0043609180868533614, 
0.051001561162286699, 0.068218555355014462, -0.018387670128335021, 
-0.019375491520521426, -0.016781990769484126, 0.0051133848866768469, 
-0.11319135252526258, 0.051935855071470007, -0.030367698725123328, 
-0.028952081510110028, -0.077706769123508379, 0.012088076315926427, 
0.0010608551680381479, 0.011646047683181433, 0.083596337152361033, 
0.054364302646717287, 0.030381170222049982, 0.0095657086432594327, 
0.013336505814025807, 0.0037481615938344576, -0.0079196227224652763, 
-0.023470215394928582, 0.035850753962650278, -0.022265028606501223, 
0.45661693009468307, -0.11223848743764961, -0.0066686189819742695, 
0.00089405066192081251, -0.0071607410783881085, 0.011529739874154444, 
-0.025634516418519927, 0.04916606494450302, -0.029436902079708758, 
0.015128626612408144, 0.0027996013035615297, 0.0095813717045382159, 
-0.0072102693388509369, 0.0077682918499226523, 0.054364302646717287, 
-0.026121782905211905, 0.025884208986048172, -0.03662282849688088, 
0.0010236118553156185, 0.005618597369418451, 0.0045105367952792651, 
-0.0084285192347296981, -0.010214792323109245, -0.029288503544274182, 
0.26231129125936337, -0.11235207761085486, 0.0052702760175989067, 
-0.0014643224434521184, 0.00720268979633656, 0.030302852807540841, 
0.10209771825526757, 0.047817017499034012, 0.00021716464013935924, 
0.0054267878221232026, 0.0069602506301146422, -0.024854318457735287, 
-0.015214369921514393, 0.056415155119323317, 0.030381170222049982, 
0.025884208986048172, 0.14941170918852559, 0.012719234143786663, 
0.0092190300950919426, 0.022176312005596881, 0.0083574372921545754, 
0.030302668654680481, 0.016882654119590383, 0.012758048504793139, 
0.19230331886409799, -0.13611978087173882, -0.016676539253873888, 
-0.005457120377563688, -0.0069172575088271892, 0.017605377623289845, 
-0.05049056428147089, 0.02710751661225988, 0.016038845664153947, 
-0.0089847143864127815, -0.018437303013723271, 0.006311167710850823, 
-0.0099458127373114533, -0.0011007620966520895, 0.009565708643259431, 
-0.03662282849688088, 0.012719234143786663, -0.059541962607007601, 
-0.0062551394121570323, -0.0071992193250656304, 0.01059829681696337, 
-0.0065524440264634488, -0.0041569348204509157, 0.014088390106942234, 
0.077018866317308837, -0.019163066307345981, 0.0032629402579740243, 
0.0045954970925533335, 0.010624545267026593, 0.0078923749669518404, 
-0.019724601572813704, 0.03484628913649622, -0.0006761460354218526, 
0.0085299768897075818, -0.0057819284824809523, 0.017042357331465221, 
-0.0064164496068138304, 0.0010391252109161445, 0.013336505814025809, 
0.0010236118553156185, 0.0092190300950919409, -0.0062551394121570332, 
0.00057269633467981157, 0.00019521704842259547, 0.0043521856556668166, 
-0.014952232916852702, -0.0016616059898898207, -0.013260349130703709, 
0.0029813208903586631, -0.014855269565695066, -0.0059329772712181789, 
-0.0060253451568628999, -0.00064170233079631218, 0.0011211996591853424, 
-0.028490573599712469, 0.03250775202544906, -0.0042524752796123068, 
-0.0018640541521231545, -0.0028010460807701633, 0.010377582991606363, 
0.00026892058008830472, -0.0036640824358804762, 0.0037481615938344576, 
0.005618597369418451, 0.022176312005596881, -0.0071992193250656304, 
0.00019521704842259544, 0.00080000148753362789, 0.0018265223118924055, 
-0.010365790163022673, -0.0043106834214574523, -0.0094891957548860848, 
-0.019731373754206336, -0.02000443637368279, -0.0043837883844368899, 
-0.0068061561004452622, -0.0063214306311325354, -0.00050332773780786182, 
-0.01908977598817924, 0.0033908162694300981, -0.008681215750021256, 
0.02156616603859958, 0.01677294362441346, -0.0095708028690213026, 
0.011892205135841796, -0.006595643919555882, -0.0079196227224652763, 
