structure(c(0.19400137222947475, 0.13018549260725867, 0.059591295662781443, 
-0.032877659816058363, -0.066965261828875133, -0.039855701495112278, 
-0.054189524861710539, 0.032073145912471006, -0.040031873285216076, 
-0.01437215913954565, 0.14758895221045396, 0.049294207219916904, 
0.045922969720836766, 0.032568113401209894, 0.0017380784747007875, 
0.014890021263255759, -0.051301016413062388, -0.012121940027888127, 
0.45092230315106319, -0.10194459517723545, -0.020389115702489601, 
0.01027908013420494, -0.0014220722283457426, -0.024899050941360478, 
0.1301854926072587, 0.0032846884947492654, 0.067615881934570174, 
-0.010532284906084325, -0.020234200945306133, -0.030364611944482568, 
-0.0035817031173008226, 0.012673272747220058, 0.056347314829677524, 
-0.020547340276256303, 0.16294973655749509, -0.015379413497068523, 
-0.02059560836934864, -0.023139271268764548, -0.027582501886470077, 
-0.017488744799530897, 0.022614833987472764, -0.011343797410832347, 
0.20728255252161457, -0.092935567040452638, -0.0015631718575429756, 
0.0059484973849151671, -0.018648114909598387, -0.01762552421140396, 
0.059591295662781443, 0.067615881934570174, 0.010250135455280824, 
0.0033560744992466173, -0.02550108896108012, 0.00088023562836777301, 
-0.0067090041332314504, -0.02412857076900678, 0.045312631008739383, 
0.00026625393367560763, -0.0075250301919257672, -0.00055964149147334286, 
0.0097205235662137148, -0.002657221310434576, 0.010039893190941552, 
0.014386611142759045, 0.032769310503420607, -0.0083046756291018028, 
0.042273209636230227, -0.10278694090182422, 0.019910917637326653, 
0.018465913063354607, 0.0033210453197505371, 0.0010433408625503706, 
-0.032877659816058363, -0.010532284906084325, 0.0033560744992466173, 
-0.0037062733208467311, 0.009088063304420791, 0.020859630412823502, 
0.0084816886292438942, 0.028631805329448853, -0.020485802986895653, 
0.031117361832368174, -0.074797063497583999, -0.012258170025810587, 
-0.01383566575250679, -0.0030438602107172225, -0.010056327095452445, 
-0.016215054724240244, -0.023961968643399906, -0.0050562250892124162, 
0.073147557504934041, 0.0099786442810109212, 0.0044037088993517754, 
-0.012498278422500543, 0.0087397381824359088, -0.009875514681203507, 
-0.066965261828875133, -0.020234200945306133, -0.025501088961080116, 
0.009088063304420791, -0.023805936101183513, -0.030411660295543604, 
-0.011671879831521606, -0.058882400311360911, -0.079059345479300727, 
-0.043185654074756392, -0.026751155148338628, -0.027368641853895693, 
-0.0060708273033150337, -0.0061332785450303514, 0.0015926236103212569, 
-0.0071447776631376097, 0.0055712676808219574, -0.0079783842400255253, 
0.033081519789727815, -0.19860559385699725, -0.034863130187988575, 
-0.0078622349758103241, -0.017126164547100486, -0.034860237172794947, 
-0.039855701495112278, -0.030364611944482568, 0.00088023562836777301, 
0.020859630412823502, -0.030411660295543604, 0.028517876036086822, 
-0.019432519624387263, 0.035486093661453603, -0.0017737344534914663, 
0.0016665524604219859, -0.045681117930795156, -0.0045379308769319801, 
-0.0036938331762045064, 0.0085624189206377002, -0.0087249500521887884, 
0.0082955100615259014, -0.011661144374132163, 0.0031670805377551478, 
0.22488167483348925, 0.019608419587534998, 0.016765916500668235, 
-0.0051598551426994942, 0.020102806633285002, -0.014507933411896736, 
-0.054189524861710532, -0.0035817031173008226, -0.0067090041332314504, 
0.0084816886292438925, -0.011671879831521605, -0.019432519624387266, 
-0.0091922647530725057, -0.017711363613906923, -0.018957971307142205, 
-0.025141204555989352, -0.011902822869333817, -0.012538080803706782, 
-0.01140381154578078, -0.0051235559578127728, -0.010327772575543192, 
0.010677499886313892, 0.018642113890501955, -0.015386309850092926, 
-0.034281818086253781, -0.045459408158149063, 0.015344554636568572, 
-0.001985720723447089, 0.013640134749448855, 0.00075849897129132572, 
0.032073145912471013, 0.012673272747220058, -0.024128570769006784, 
0.028631805329448853, -0.058882400311360904, 0.03548609366145361, 
-0.017711363613906923, 0.011599209832830906, 0.034312338861409428, 
0.017176214852713971, -0.019411384360649979, 0.0055800943762325432, 
-0.004470037553423665, 0.0025854538483898615, 0.00098529151968445618, 
0.0044600333040199372, 0.021245999196266952, 0.00099553405345734571, 
-0.019742947613287386, -0.01148440866419159, 0.019646177426355983, 
0.0072646084299743665, 0.016870497120719051, -0.0097435793742059792, 
-0.040031873285216082, 0.056347314829677517, 0.045312631008739383, 
-0.020485802986895653, -0.079059345479300713, -0.0017737344534914663, 
-0.018957971307142205, 0.034312338861409435, 0.10427941080962504, 
0.062749708391920178, 0.085246130232218109, 0.039290844172316597, 
-0.023406348688978097, -0.013031555277672436, -0.005542168589776842, 
0.0071857324252973444, 0.0070662331619385987, -0.021517385995372357, 
0.10849506272641996, 0.073801010389095242, 0.017885687265313976, 
-0.032827770971335019, -0.011961181959955131, -0.021086304345463072, 
-0.01437215913954565, -0.020547340276256303, 0.00026625393367560763, 
0.031117361832368174, -0.043185654074756392, 0.0016665524604219859, 
-0.025141204555989349, 0.017176214852713971, 0.062749708391920178, 
-0.099705746845715287, 0.041451798002137663, -0.027179151588971457, 
0.013121644140982585, -0.0048889546089551858, -0.020903364970180898, 
-0.021292506282358951, 0.015606853689645706, 0.0069854370086079301, 
0.037286534173238163, -0.041004047471544243, 0.0081253696157863702, 
-0.010577922006658811, -0.011026900359253146, -0.0095956308290507299, 
0.14758895221045396, 0.16294973655749509, -0.0075250301919257672, 
-0.074797063497584013, -0.026751155148338628, -0.045681117930795156, 
-0.011902822869333819, -0.019411384360649979, 0.085246130232218109, 
0.041451798002137663, 0.02034281365112035, 0.011063624698747106, 
-0.045192003154377193, -0.051227115616214687, -0.0052742298002397183, 
-0.03227468480625667, 0.014645598970117036, -0.0099848168197471231, 
0.31049900569257699, -0.22098885766057036, -0.014530158303865701, 
-0.017054754505220013, -0.016114100051756553, -0.01137749054710044, 
0.049294207219916904, -0.015379413497068523, -0.00055964149147334286, 
-0.012258170025810589, -0.027368641853895689, -0.0045379308769319792, 
-0.012538080803706782, 0.0055800943762325432, 0.039290844172316597, 
-0.02717915158897146, 0.011063624698747105, 0.036672006522032112, 
-0.0094341360097699705, 0.0061828664529030054, 0.0022494885660251881, 
-0.0058538357686497384, -0.011916143627992379, 0.0067540514949444167, 
-0.0032737386285009132, -0.073072801852220134, 0.024862374567408679, 
-0.0052440052904403189, 0.015685352441013611, -0.0057345261099718626, 
0.045922969720836773, -0.020595608369348643, 0.0097205235662137148, 
-0.01383566575250679, -0.0060708273033150345, -0.0036938331762045059, 
-0.01140381154578078, -0.004470037553423665, -0.023406348688978094, 
0.013121644140982585, -0.045192003154377186, -0.0094341360097699705, 
-0.0078515786878524205, -0.0059180763372215636, -0.001977176923959561, 
0.0043375961866600659, 0.011570217973988481, -0.0098006787674275783, 
0.090166193933099242, -0.041588949350934649, 0.0032785470174435923, 
-0.00074211123597249333, 0.018023589604142399, 0.001281987110285735, 
0.032568113401209894, -0.023139271268764548, -0.002657221310434576, 
-0.0030438602107172221, -0.0061332785450303505, 0.0085624189206377002, 
-0.0051235559578127728, 0.0025854538483898611, -0.013031555277672434, 
-0.0048889546089551858, -0.05122711561621468, 0.0061828664529030054, 
-0.0059180763372215636, -0.010323203867387786, 0.0080585638282008546, 
-0.010678048794465425, 0.013949995845534692, -0.0076637938203181905, 
0.031133854413005826, -0.022568991757993252, 0.0070945885664220895, 
-0.0066531187121229825, 0.012282081074785706, -0.0016813288060341294, 
0.0017380784747007875, -0.027582501886470077, 0.010039893190941552, 
-0.010056327095452443, 0.0015926236103212571, -0.0087249500521887884, 
-0.010327772575543192, 0.00098529151968445618, -0.005542168589776842, 
