structure(c(-0.93276216606767026, -0.58031580732740373, 0.017696847344410026, 
0.1522423218201967, -0.1700255569059867, 0.058217494289995432, 
0.0037027462464384949, 0.091414196040688914, -0.32838596545617948, 
-0.2897133228463365, -0.71949225334418387, -0.16650301107432666, 
0.005303141665517771, 0.024510157358088504, -0.016470111519670635, 
-0.031489478049496658, -0.0090207515516712855, -0.046487492934346751, 
-0.31634543059640496, -0.21707728112454552, -0.0053761521705400573, 
0.03499920026553395, 0.0033901995251069319, 0.045267623005206765, 
-0.58031580732740362, -0.52178399148310051, -0.0246410572737208, 
0.10175558215592703, -0.098091229929035059, 0.10723681541691187, 
0.0262858902387368, 0.0079475435911839764, -0.22933345723466672, 
-0.31432648593079027, -0.39764705456306715, 0.030340650776006291, 
-0.0096026845386325346, 0.02753876100708199, -0.051229924961015014, 
0.060487368808986128, -0.036066912937578528, -0.028293565839317164, 
-0.22631092033270514, -0.26794977457663072, 0.075613231213747162, 
0.03156552170349438, 0.026261629711450084, -0.031479158508612264, 
0.017696847344410023, -0.024641057273720804, -0.0103597682613988, 
0.028242223889925127, 0.003275139482421125, 0.0088450307229628496, 
-0.010512142257061648, -0.064476687891058232, -0.028311945541804953, 
-0.041724037669692404, 0.018129426180708699, 0.0036590528455258476, 
0.013699182563235966, -0.0083143537965093255, -0.02354629836452287, 
0.020468534048588859, -0.01966362633475046, -0.009917036075049469, 
0.12927365178737318, -0.024085867218306741, -0.021610729309898807, 
0.0089758009606251358, 0.0070345765521544548, 0.010573204164488485, 
0.1522423218201967, 0.10175558215592703, 0.028242223889925127, 
-0.073371132033723432, 0.018451257660242849, -0.041026425262459969, 
-0.052090271700336283, 0.031596315121642994, 0.11280996307930567, 
0.032556228363203384, 0.1473941256695035, 0.011590192308627373, 
0.00060819372618300341, 0.022147671689277771, 0.0049220906074021352, 
-0.038469802552715114, 0.051949569409734435, -0.038304936649061712, 
-0.32846359023631483, -0.10213984628450361, 0.011392885185221508, 
-0.0073861310189696191, 0.0025964216678272356, -0.0052433946384882, 
-0.1700255569059867, -0.098091229929035059, 0.003275139482421125, 
0.018451257660242849, 0.050513729249601978, 0.012048615819067906, 
-0.010667062658110104, -0.058523995641457736, -0.13124096407923691, 
-0.075796251738946149, -0.23276266102911597, -0.069410081760661296, 
0.0078641300349182337, 0.015909960040794625, 0.058932663840908756, 
0.028226034897128192, 0.010247031624044804, -0.022677950295597271, 
0.093625091439945657, -0.042497331730671661, 0.0065058651810234241, 
0.0012533401600425889, 0.012176180706082765, 0.077579797806359596, 
0.058217494289995439, 0.10723681541691187, 0.0088450307229628496, 
-0.041026425262459969, 0.012048615819067908, -0.043008281003489503, 
-0.0017189911678856921, -0.0078600220118652652, 0.07786637125688263, 
-0.0019508116715399413, 0.17163099250288863, 0.0079068203429349011, 
0.017727152195074505, 0.00088420490463584581, -0.038107268209380825, 
-0.017945166502761175, 0.016943059222566333, -0.025018279443185916, 
-0.29887117476004754, 0.041359178486084898, -0.013661128920808022, 
-0.0018400172774693884, 0.013292232813012393, -0.0080843089330466539, 
0.0037027462464384949, 0.026285890238736804, -0.01051214225706165, 
-0.052090271700336283, -0.010667062658110104, -0.0017189911678856921, 
0.010985677935066529, 0.029182075430937159, 0.047178842894085818, 
0.014694297954885334, 0.024607490351041331, -0.03271223547828371, 
0.018640623190607934, 0.0056274282940496937, 0.0401229178454428, 
-0.019802283223006679, 0.0016394037665839654, -0.0042874717821668679, 
0.30246671443197082, -0.095772355791915384, 0.022440099366857535, 
0.020154805902849134, 0.020095044117287006, 0.0059917724180661644, 
0.091414196040688914, 0.0079475435911839764, -0.064476687891058232, 
0.031596315121642994, -0.058523995641457736, -0.0078600220118652652, 
0.029182075430937159, 0.026690182856807691, -0.046808135524636543, 
-0.0088012098064688977, -0.043169115517068646, 0.0030888612808557853, 
-0.0016786011255642565, 0.0025974021386226172, -0.0040249345522550307, 
-0.023963129687881748, 0.015801022073045474, -0.026830498999060152, 
-0.31700872263403979, 0.085683233117602578, 0.04617207043122315, 
-0.0045539076172957356, 0.003855313494806716, 0.0071145912214041467, 
-0.32838596545617948, -0.22933345723466672, -0.02831194554180495, 
0.11280996307930566, -0.13124096407923691, 0.07786637125688263, 
0.047178842894085818, -0.04680813552463655, -0.56849426006996573, 
-0.12713728187975171, -0.2869424681671417, 0.15336715604461731, 
0.045975587067647213, 0.058425311917719887, -0.023434058338089515, 
0.011868351411433654, -0.05900011260475025, -0.031156249320054459, 
0.47277372033820686, 0.1672493776129198, 0.044057251577179171, 
0.011560470087855511, -0.034042708496955426, -0.029932294084838974, 
-0.2897133228463365, -0.31432648593079027, -0.041724037669692397, 
0.032556228363203391, -0.075796251738946149, -0.0019508116715399413, 
0.014694297954885336, -0.0088012098064688977, -0.12713728187975171, 
-0.04818705020330398, -0.2685167991020051, -0.039937537275200316, 
0.0080652169665011986, 0.015483992880871249, 0.021934730421168371, 
-0.012188340331479974, 0.033419067091188741, 0.010432140375620685, 
-0.15976432354835218, 0.23638431522495473, -0.04931533756619369, 
0.032659338373782335, 0.010039702035453778, 0.0027237173228238857, 
-0.71949225334418387, -0.39764705456306715, 0.018129426180708699, 
0.14739412566950347, -0.23276266102911597, 0.17163099250288863, 
0.024607490351041331, -0.043169115517068639, -0.2869424681671417, 
-0.26851679910200515, -0.72767933568512944, 0.033637686158710441, 
0.00038640051772943513, -0.020792035796692896, 0.010103109123394243, 
-0.066631138338787269, 0.016658024116181117, -0.061848534646009534, 
0.032067359334384593, 0.13356100086606568, 0.010111296212843507, 
-0.012228492840669153, 0.037214206325922164, -0.027241221100325171, 
-0.16650301107432663, 0.030340650776006291, 0.0036590528455258476, 
0.011590192308627373, -0.069410081760661296, 0.0079068203429349011, 
-0.032712235478283704, 0.0030888612808557853, 0.15336715604461731, 
-0.039937537275200316, 0.033637686158710441, -0.0090592576827014815, 
-0.017763457382792704, 0.0038942243194563624, 0.019645433438611467, 
0.048051338879149121, 0.039164985820753617, 0.056142212439680442, 
-0.42132198446852454, 0.024611531840558913, 0.023365088885513887, 
0.041615141498687468, 0.013233204030686873, -0.014368339146606544, 
0.005303141665517771, -0.0096026845386325346, 0.013699182563235966, 
0.00060819372618300341, 0.0078641300349182337, 0.017727152195074505, 
0.018640623190607934, -0.0016786011255642565, 0.045975587067647213, 
0.0080652169665011986, 0.00038640051772943513, -0.017763457382792704, 
-0.0086631722357111609, -0.0067472934961602497, 0.012114318149659103, 
-0.0011093109750781364, -0.0077007847084213541, 0.0026350706474143749, 
0.092724074074811674, -0.031126983362059751, 0.0040029435454778948, 
-0.0011453249903024174, -0.00040250143539619012, -0.005566559834742771, 
0.024510157358088508, 0.02753876100708199, -0.0083143537965093255, 
0.022147671689277774, 0.015909960040794625, 0.0008842049046358457, 
0.0056274282940496946, 0.0025974021386226168, 0.058425311917719887, 
0.015483992880871251, -0.020792035796692896, 0.0038942243194563624, 
-0.0067472934961602489, -0.014079481648007219, 0.0061055283956781715, 
0.0037510876047629252, -0.014642892047395937, 0.0026537513945936535, 
0.055285913672486427, -0.033098034506132364, -0.01151313762679612, 
-0.014203698457169494, -0.018098605480224149, -0.00022669209837337362, 
-0.016470111519670635, -0.051229924961015014, -0.02354629836452287, 
0.0049220906074021352, 0.058932663840908756, -0.038107268209380825, 
0.040122917845442807, -0.0040249345522550299, -0.023434058338089515, 
0.021934730421168367, 0.010103109123394243, 0.019645433438611467, 
0.012114318149659103, 0.0061055283956781706, 0.030650414698641788, 
