structure(c(0.29076156226188865, -0.15397245831685599, 0.32240029041443413, 
-0.25069101589818327, 0.052101494587283859, 0.018283942680341149, 
0.027062271548230647, 0.080818011730776212, -0.27126982609517691, 
0.069582432810726694, -0.20968673538458982, 0.40542106896440633, 
0.062486961489500767, 0.1673909746728863, -0.032652773359372562, 
0.16172709851586956, -0.02256512147823711, 0.22371884576257522, 
0.49224709845845943, 0.60881422497805793, 0.031001834964412379, 
-0.089638984892260187, 0.040280148818513571, -0.046407716020866914, 
-0.15397245831685599, -0.5161903252066008, 0.21226427597212744, 
-0.22361507723166268, 0.074782771761185834, 0.0730868526492158, 
0.0840488116226044, -0.1634709346776296, -0.53861592935438896, 
-0.00012767736525210954, -0.083135118406203051, -0.0015650725559278478, 
0.089985946435717848, 0.068025158642885844, 0.12467955228027813, 
0.058503560307859928, 0.020911338946823788, -0.061158974072584964, 
0.96122044139666973, 1.1513134979070521, 0.015268552026420391, 
-0.0065038040710337581, -0.16471853517358007, -0.00056271779492395588, 
0.32240029041443413, 0.21226427597212744, 0.13297058241299636, 
-0.029269029816756199, 0.12665442912095895, -0.083559431412732532, 
0.028808906798701017, 0.047768981924057062, 0.19368430638799772, 
0.010759420561758996, 0.1513282488410837, 0.088597222301658202, 
0.020973750123649635, 0.0087941075971681264, -0.015496174914421353, 
-0.073245811743987033, -0.078557531840397293, -0.015829121653791096, 
0.068429314250890924, 0.14979911589068942, 0.018656267194065639, 
-0.042433971668805928, -0.055833497088423209, -0.054053434667987184, 
-0.25069101589818327, -0.22361507723166268, -0.029269029816756199, 
0.028774393025303328, 0.14900279986335666, 0.0640868197279202, 
-0.0099250207204986535, -0.066278521208810046, 0.10207499381920776, 
-0.038780294920383061, 0.056914009374790256, -0.093244369615755676, 
-0.028221491214561117, -0.045278210213293119, -0.078021798119076044, 
-0.0041386828046662784, -0.06598460187932792, -0.026629257855847042, 
0.0093533878921758882, 0.26039270405521892, -0.054711103477247842, 
0.027503605709940992, 0.0024849924179449279, 0.01396840670767744, 
0.052101494587283866, 0.074782771761185834, 0.12665442912095895, 
0.14900279986335666, 0.16199029077070884, -0.035684982849203586, 
0.077525694706493356, -0.016316283149676536, 0.099826232547528121, 
0.071773138800553249, 0.13500221132916432, 0.020609063096210131, 
-0.022624679252058716, -0.030410391870085013, 0.01810184910748219, 
0.0015909668158183442, 0.038593212544034458, -0.044639123086427243, 
-0.41152953311813595, -0.07388685686128732, 0.0066759717935256429, 
-0.038257305352783134, 0.038968312318293431, -0.038568169844803837, 
0.018283942680341149, 0.0730868526492158, -0.083559431412732532, 
0.0640868197279202, -0.035684982849203586, 0.1087220519965358, 
-0.013586591675787012, -0.066562318497476333, 0.1078024158898164, 
0.024656900739453542, -0.026575227699853467, 0.0798695728820836, 
-0.002714850588405226, -0.019281102683077877, 0.018265811013742844, 
-0.06726523406281408, -0.0045563490920670167, -0.014198523592630151, 
0.25056067040424401, -0.27246391058236197, -0.06505837965413494, 
-0.046241224125775776, -0.047447037076794554, -0.0071003015697414743, 
0.027062271548230647, 0.084048811622604386, 0.028808906798701017, 
-0.0099250207204986517, 0.077525694706493356, -0.013586591675787012, 
0.082935101746602347, -0.037675193091354905, 0.15283655967751392, 
0.0018781147443358347, -0.059536658354419215, -0.0081571335958821253, 
0.0070950838585220159, -0.0013698458346074747, 0.0056783377734674614, 
-0.035695714187329398, -0.028787939338783756, 0.056847260065485336, 
0.5425361353463084, 0.19533317070674527, 0.029993852058512432, 
0.023464585457513013, 0.0086207798727640558, -0.018218367846124094, 
0.080818011730776212, -0.1634709346776296, 0.047768981924057062, 
-0.066278521208810059, -0.016316283149676536, -0.066562318497476333, 
-0.037675193091354905, -0.02903482550871064, -0.17894279345124123, 
-0.07523175850668655, -0.31189886198760119, -0.12221969453734163, 
-0.032810296252442868, -0.022600733292050607, 0.082075026051456806, 
0.0010869973357658356, -0.00036231514592139182, 0.056447270947642882, 
0.52796590669946308, 0.060205148809209581, -0.044400129151954168, 
-0.021654106267911703, 0.056742329793545994, -0.057259327898409138, 
-0.27126982609517697, -0.53861592935438896, 0.19368430638799772, 
0.10207499381920777, 0.099826232547528135, 0.1078024158898164, 
0.15283655967751392, -0.17894279345124126, -0.021262356689885988, 
0.25246613761237668, 0.079328175229323242, 0.17289374970759355, 
0.11163513834637202, 0.03035181637504622, 0.013092789400223922, 
-0.027633601031197733, -0.043055842147502167, -0.065730013912296478, 
1.351081133026363, -0.44032352140996178, -0.15316361856655072, 
-0.073282021488871432, 0.040080655855660098, -0.057711341588524014, 
0.069582432810726694, -0.00012767736525210954, 0.010759420561758994, 
-0.038780294920383054, 0.071773138800553249, 0.024656900739453542, 
0.0018781147443358349, -0.07523175850668655, 0.25246613761237668, 
0.16159085109063798, 0.35398043586347017, 0.18174170232968426, 
-0.075988702441514955, -0.084351786559244066, 0.046320090138954349, 
-0.061542758988705981, -0.048543289593391138, -0.041939771561947004, 
0.1585501291013629, -0.14359218417477279, -0.034237746023298897, 
-0.010206002177978591, -0.045428875503843738, -0.046103189770873645, 
-0.20968673538458982, -0.083135118406203051, 0.15132824884108373, 
0.056914009374790256, 0.13500221132916432, -0.02657522769985347, 
-0.059536658354419215, -0.31189886198760119, 0.079328175229323242, 
0.35398043586347017, 0.028052801738246924, -0.024086327853322799, 
0.082944942248890818, 0.067723279532874256, -0.12772784482148825, 
0.19253932199755733, -0.017761689124395515, -0.050413506013705159, 
1.1221263268346184, -0.65441474170044134, 0.072079540433372266, 
0.070492169405780569, 0.12721860915714472, -0.1084990616363533, 
0.40542106896440633, -0.0015650725559278478, 0.088597222301658188, 
-0.093244369615755662, 0.020609063096210131, 0.079869572882083587, 
-0.0081571335958821271, -0.12221969453734163, 0.17289374970759358, 
0.18174170232968426, -0.024086327853322795, -0.052936716032803359, 
0.074951743848247238, 0.042214503729692918, -0.04511415618876595, 
-0.0169150588345875, 0.0039918815786980531, -0.032619355130454983, 
-0.0034015567057061823, -0.22961550195823202, 0.019585331570254754, 
-0.025745849406961476, -0.019461702148799848, 0.04458538170930141, 
0.062486961489500767, 0.089985946435717848, 0.020973750123649635, 
-0.028221491214561113, -0.022624679252058719, -0.002714850588405226, 
0.0070950838585220168, -0.032810296252442868, 0.11163513834637202, 
-0.075988702441514941, 0.082944942248890832, 0.074951743848247238, 
0.013476825944098726, 0.0050327873004045905, -0.024362788745930872, 
-0.029571449057787951, -0.004978649197195391, -0.027273365150731754, 
0.061610058451289841, 0.079348637975467748, -0.036571329356321368, 
-0.021723399229373799, -0.029283777967248594, -0.0083764630757827124, 
0.16739097467288627, 0.068025158642885844, 0.0087941075971681264, 
-0.045278210213293119, -0.030410391870085013, -0.019281102683077877, 
-0.0013698458346074745, -0.022600733292050607, 0.030351816375046223, 
-0.084351786559244066, 0.067723279532874256, 0.042214503729692918, 
0.0050327873004045905, 0.025586382823507961, 0.010370172002878646, 
0.002543241938692575, 0.03779138003986484, -0.023385892512694652, 
-0.15415639123843047, 0.0039300922340011488, 0.020548858401522225, 
0.00025180278493192824, 0.064883253355143805, -0.018583749698330401, 
-0.032652773359372562, 0.12467955228027813, -0.015496174914421354, 
-0.07802179811907603, 0.01810184910748219, 0.018265811013742847, 
0.0056783377734674614, 0.082075026051456793, 0.013092789400223922, 
0.046320090138954349, -0.12772784482148827, -0.045114156188765957, 
-0.024362788745930876, 0.010370172002878646, 0.0071280450364315708, 
-0.0021218977800597119, 0.0016305882638601814, -0.040930530302683676, 
