structure(c(-0.26254697505823521, -0.020836129393154969, -0.00067806480810812754, 
-0.14765109361148698, 0.090575234461728188, 0.05915507067107291, 
-0.068493408923027077, 0.17164161018080293, -0.021541270522604006, 
0.23115092260645309, 0.024548393013962475, 0.045753131736355, 
0.025446682046202217, 0.1338067942451906, 0.1412977631104694, 
0.005359730229748891, 0.1275835639343201, -0.018464323629674453, 
-0.41737340904275694, -0.38653832053240572, 0.17765759499936115, 
0.12835793022137734, 0.21197221611198586, 0.03900206150549422, 
-0.020836129393154972, -0.41437491654933661, 0.13809998952444355, 
-0.15104144983858753, 0.20876881717269422, -0.018050013301511073, 
-0.032033954079531878, 0.050547242754275537, -0.048396560373334278, 
-0.018585803076704318, 0.014199033779059031, -0.0092507548142287972, 
-0.0026472303666709098, -0.023672545955894065, -0.011826995346304884, 
-0.064462792908471747, 0.021543438464487846, -0.091256722213470767, 
0.38981351733578889, 0.52397330745747606, -0.02304968157257322, 
-0.072285737614757192, -0.044743874480889685, -0.061804029504630299, 
-0.00067806480810812754, 0.13809998952444355, 0.01893153762562368, 
0.011310208103300903, 0.064125171629145272, -0.028113311106988743, 
-0.01149685574480094, 0.029894727567483209, -0.083785489905790086, 
-0.10748964823307143, -0.12684266665342037, -0.040988330103652763, 
0.0009997570447573211, -0.027869688215554203, 0.0090244292565802714, 
-0.092977877992279898, -0.025216165205035314, -0.083905858656223867, 
0.091200160738704267, 0.12666663734859307, 0.015150065640688857, 
-0.027010494725445089, -0.035508540669313103, -0.032695622886413041, 
-0.14765109361148698, -0.15104144983858753, 0.011310208103300903, 
-0.040603759040656447, -0.0075165285722998253, 0.040295611469766728, 
-0.0091310740842290346, 0.088207714491110076, -0.068221596856645861, 
0.20007815893253825, -0.095684762403755119, 0.024798210051488336, 
-0.001900690486137806, 0.0019256308016893692, -0.015786297084175841, 
0.036755740785981199, -0.030928191575546653, -0.018016386456166936, 
-0.16647377613565673, 0.63479527827385385, -0.00710740601209416, 
0.024616623416571642, 0.0046277663047274448, 0.0038011993626170353, 
0.090575234461728188, 0.20876881717269424, 0.064125171629145272, 
-0.0075165285722998253, -0.017371066018450135, 0.0066460573287207116, 
-0.037900756822238514, 0.089480611381845959, 0.0040914582060171357, 
-0.033317737187366039, -0.069513767412881705, -0.088167972461390715, 
0.027158409575257145, 0.04066937912108929, 0.033992826766402494, 
-0.051717771998388375, 0.023431996536988898, -0.022855493287317005, 
0.088666847687922754, 0.19230006216963552, -0.067039214251514628, 
0.05768690354794772, 0.07206491739853764, 0.010764603471536445, 
0.05915507067107291, -0.01805001330151107, -0.028113311106988743, 
0.040295611469766728, 0.0066460573287207107, 0.092859418467846747, 
0.0094903928517952353, 0.00096224539175181483, 0.020806069596847308, 
0.057200405018454366, -0.086098254508847741, 0.027023278133123912, 
-0.033791127193430588, -0.051835440799317747, -0.025805661134853046, 
0.0057406215214482912, -0.041833184597579925, -0.028944429003643316, 
0.028016570305965528, 0.24517133149569667, 0.0031307026893192718, 
-0.020873382784572361, -0.0029578682613728047, -0.038589380860540735, 
-0.068493408923027077, -0.032033954079531878, -0.011496855744800942, 
-0.0091310740842290364, -0.037900756822238514, 0.0094903928517952336, 
0.040408692463684726, -0.0061795161472138977, 0.10090993411128622, 
-0.11702591518025435, -0.0076362602965718779, 0.034604363568795871, 
0.0068902304193786696, 0.015596276615034767, -0.024210630690539241, 
-0.010697216216589093, -0.028898119288828898, -0.0043014195380074354, 
0.27100708924813321, -0.078244327217606241, 0.0089416815009617946, 
-0.02386724912691757, 0.026219773493962446, 0.0072797456017016692, 
0.17164161018080293, 0.050547242754275537, 0.029894727567483206, 
0.088207714491110062, 0.089480611381845959, 0.00096224539175181493, 
-0.0061795161472138985, -0.034520882021937913, -0.084750412476146897, 
-0.0054258823327948671, -0.08728352022597835, -0.044632821964835707, 
0.014167406562943951, 0.0061204109006090662, 0.021744496941955647, 
-0.0059371429833444478, -0.02823283654963538, -0.033995893146375675, 
0.44890623645143218, 0.22715471845492297, 0.015178698076825453, 
-0.0031178619715610308, 0.012410003945956398, -0.056644148813804106, 
-0.02154127052260401, -0.048396560373334271, -0.083785489905790086, 
-0.068221596856645861, 0.0040914582060171357, 0.020806069596847311, 
0.10090993411128624, -0.084750412476146883, -0.03475059122197529, 
0.12214313616470948, 0.059056772303890795, 0.015255108329330764, 
0.10637757681511599, 0.049444714196507152, 0.051222047829312264, 
0.018223566089101233, 0.047178372730525893, -0.036473446433816573, 
-0.84575969680050134, 0.45729344604292016, -0.091188577865673026, 
0.014145517023353973, 0.069554105316979989, 0.05227818820870956, 
0.23115092260645312, -0.018585803076704318, -0.10748964823307143, 
0.20007815893253825, -0.033317737187366039, 0.057200405018454359, 
-0.11702591518025436, -0.0054258823327948671, 0.1221431361647095, 
-0.18972632930870856, 0.025603508766946611, -0.067619318366605188, 
0.01736341692553995, 0.028713958842784208, -0.00092832764995904465, 
-0.0022267331874155833, 0.071031250500259019, 0.0022372693592793993, 
0.36704709460078405, -0.35094716147877653, -0.0069716407018527386, 
-0.01535383005299071, 0.021414507406114527, -0.060804069129934898, 
0.024548393013962475, 0.014199033779059029, -0.12684266665342037, 
-0.095684762403755119, -0.069513767412881691, -0.086098254508847741, 
-0.0076362602965718788, -0.087283520225978337, 0.059056772303890795, 
0.025603508766946614, -0.21752717354413331, 0.0092515302680874385, 
0.0098399880220076258, 0.037120315187038441, -0.0075227568204858358, 
-0.015102874490028515, 0.070281655748704402, 0.0019298468894822754, 
-0.010934800495817017, -0.28521685840759936, 0.03091101517591659, 
0.051148918701505695, 0.014788736334104605, -0.039122875234227077, 
0.045753131736355, -0.0092507548142287972, -0.040988330103652763, 
0.024798210051488339, -0.088167972461390715, 0.027023278133123909, 
0.034604363568795871, -0.044632821964835707, 0.015255108329330764, 
-0.067619318366605188, 0.0092515302680874385, -0.091958822025379972, 
0.049781290068206911, 0.024898064895196612, -0.011965896547156711, 
-0.0089789146345487254, 0.013049166003229615, -0.047694652881281149, 
0.18666739473226138, 0.16912271105986354, 0.04372976394571302, 
-0.00013401617205248927, 0.015359172240174145, 0.02681741487406086, 
0.025446682046202217, -0.0026472303666709098, 0.0009997570447573211, 
-0.001900690486137806, 0.027158409575257142, -0.033791127193430588, 
0.0068902304193786696, 0.014167406562943952, 0.10637757681511599, 
0.01736341692553995, 0.0098399880220076258, 0.049781290068206911, 
0.017636909146176272, 0.019970482623837497, 0.0049729227347821816, 
0.01346713820306002, 0.0093609116366490143, 0.011314417713283986, 
-0.084116791936469051, 0.21531341496738116, -0.018153174292250697, 
0.0090468549862864726, 0.00098648070812811265, 0.029590450682907679, 
0.1338067942451906, -0.023672545955894065, -0.027869688215554207, 
0.0019256308016893692, 0.040669379121089297, -0.051835440799317747, 
0.015596276615034767, 0.0061204109006090662, 0.049444714196507152, 
0.028713958842784208, 0.037120315187038441, 0.024898064895196612, 
0.019970482623837497, 0.01111825656428575, 0.011808457672464665, 
0.0065580043629988038, 0.0011349968442980148, 0.0067639139018215539, 
-0.12789429190198745, 0.16048730745559187, -0.0058638402305922011, 
0.0088034986115816845, 0.026248290541181364, 0.026556121688430374, 
0.14129776311046938, -0.011826995346304884, 0.0090244292565802731, 
-0.015786297084175841, 0.033992826766402494, -0.025805661134853046, 
-0.024210630690539244, 0.021744496941955647, 0.051222047829312264, 
-0.00092832764995904454, -0.0075227568204858358, -0.011965896547156709, 
0.0049729227347821824, 0.011808457672464665, -0.0055023799488250506, 
