structure(c(0.098332594441273666, -0.086457061549552905, -0.018095662696547624, 
-0.008699738212983173, 0.063083639776503164, -0.0053783733060833762, 
-0.0070944130960706557, -0.030415644668676134, -0.056710601778320893, 
-0.083730233666035617, -0.098345145121269573, -0.026826255332935735, 
0.019558211205588046, -0.0052783591454857066, -0.011651969387548613, 
0.017138575862822882, -0.035204719963788031, 0.050757488654051192, 
0.20304812565617647, 0.19563088561444583, -0.064969592389690967, 
-0.0067605850897777698, -0.066113392467816112, -0.016640232074383657, 
-0.086457061549552891, -0.013912901117867258, -0.0022459436326019294, 
-0.0039804382045818048, 0.0099262225429764227, 0.038741250573210151, 
0.0017309242482784475, 0.043005104667396876, -0.034398326187790998, 
-0.018378720500433227, 0.012584945861745845, 0.01704319671773406, 
-0.01738233077715249, -0.0098198201057860084, -0.029691873852282454, 
0.031954908674874369, -0.040902714055155359, 0.043463814113909933, 
0.065592198885449718, -0.16941483705348229, -0.017663640785906046, 
-0.0150397176984547, -0.011884303088399649, 0.014722988196728888, 
-0.01809566269654762, -0.0022459436326019294, 0.0349626044579429, 
-0.014332383617728414, -0.017145324340427408, 0.0013028893136072459, 
-0.012055490881039996, 0.0054403561077549746, -0.041562622699189582, 
0.0063746208733757416, -0.046200963685448418, -0.010149914919176758, 
0.0016136800829841826, 0.00071206744846572119, -0.0077230430878704164, 
-0.021546587841676582, -0.00042978220992973438, -0.0098161111183030624, 
0.022811781245921571, -0.14920129202760657, -0.014112904958191662, 
-0.0077962594694996265, -0.0080371649331574015, -0.013008229054564432, 
-0.0086997382129831748, -0.0039804382045818048, -0.014332383617728414, 
0.049392196365394027, -0.0077393925580770736, 0.0056951247717138536, 
-0.0076165037844385308, -0.0045787283605993791, 0.0231745890264013, 
-0.032234045758803877, 0.02394504544769609, -0.013554302624990168, 
-0.0094726600747183191, -0.0086108549046649586, -0.0054607160035133311, 
0.030327672875053724, 0.0066662190961261809, 0.0054331803024895249, 
-0.076673457521735572, 0.042835681785542624, 0.010374135692583341, 
0.0037868620696645369, 0.0084353357047816727, 0.0083123697596210657, 
0.063083639776503164, 0.0099262225429764227, -0.017145324340427408, 
-0.0077393925580770736, 0.027408485380137314, 0.035709152833434378, 
0.012695288605600178, -0.027928747139238652, -0.053213661210594079, 
0.0038391836569549734, 0.011485168457564518, -0.035928209818564857, 
-0.0047141497101549096, -0.0059475667069554808, 0.012001320390549493, 
0.0022033042012819014, 0.0028318632300766014, -0.0081714833841880184, 
-0.02875279651470132, -0.039211765660299033, -0.023412009727893712, 
-0.0053623314719209664, 0.0096482075716130076, 0.02178082428301753, 
-0.0053783733060833762, 0.038741250573210144, 0.0013028893136072459, 
0.0056951247717138536, 0.035709152833434378, 0.00093085139433947753, 
0.006782367736665411, -0.0040145853822197786, 0.028220245021197451, 
-0.012955665429769319, 0.013480058570357115, 0.013814298536131829, 
-0.0033791957031293978, -0.00071039566635386841, 0.0022188672960853409, 
0.0075063933509882733, -0.014805223165290538, -0.0064583199585415939, 
-0.025784611000031835, -0.028837881778462717, -0.016436334596425954, 
-0.019155470332922329, -0.010279593516706461, 0.0020614918407933741, 
-0.0070944130960706557, 0.0017309242482784475, -0.012055490881039996, 
-0.0076165037844385308, 0.012695288605600178, 0.006782367736665411, 
-0.0097561214280928125, 0.012311761967043307, -0.021497488557551025, 
-0.029002335916152477, 0.027974306934357925, -0.013192179055835654, 
-0.0070908623787084117, 0.00060022838032284826, -0.0098596514071476113, 
0.0020270777791940382, -0.0056704641596398786, -0.015461595788426928, 
-0.049446173792885718, 0.065391975305455957, 0.012990553487812322, 
-0.0048512704068968543, 0.023177452914191935, -0.0085423076193140296, 
-0.03041564466867613, 0.043005104667396876, 0.0054403561077549746, 
-0.0045787283605993783, -0.027928747139238652, -0.0040145853822197786, 
0.012311761967043307, 0.0028462089734824399, 0.016892500873671581, 
-0.012746804113559945, -0.026411576027801618, 0.0026176336530829422, 
-0.011306447401653853, -0.0068706463706514204, -0.0012782913997496984, 
0.0075578269507299064, -0.0023374705702432041, -0.027832752631116685, 
-0.013539381342338364, -0.018454037836272974, -0.011737691909428333, 
-0.00023849005206866731, -0.0081330884635986301, -0.0031253965567126681, 
-0.056710601778320893, -0.034398326187790998, -0.041562622699189582, 
0.023174589026401304, -0.053213661210594086, 0.028220245021197455, 
-0.021497488557551025, 0.016892500873671581, -0.08324817219259957, 
-0.055336757527754445, -0.068674976608931793, -0.00044364797170332244, 
0.010421349380129123, -0.020873928032381833, -0.020737672334064892, 
-0.011400617211186567, -0.03812998728587403, -0.014625040556107119, 
0.36471677187234031, 0.10846424147220295, -0.018910095264989334, 
-0.016280032187283425, -0.034409250999020022, -0.014543078672434845, 
-0.083730233666035617, -0.018378720500433227, 0.0063746208733757416, 
-0.03223404575880387, 0.0038391836569549734, -0.012955665429769319, 
-0.029002335916152477, -0.012746804113559945, -0.055336757527754438, 
-0.096202210677404296, -0.080212542949783874, 0.0048738959583710271, 
0.0032482211249656744, -0.0020329980079808073, -0.0054526196801397116, 
0.030686084179914658, 9.3813084768469619e-06, 0.0055263820876077646, 
-0.035671396827613944, 0.086007712469213238, -0.0089404950754506662, 
0.020510693350395653, 0.014804185219998833, 0.020355435227759188, 
-0.098345145121269573, 0.012584945861745847, -0.046200963685448418, 
0.02394504544769609, 0.01148516845756452, 0.013480058570357114, 
0.027974306934357925, -0.026411576027801614, -0.068674976608931793, 
-0.08021254294978386, 0.096998179687113259, 0.022542803298999013, 
-0.0084882426801507257, -0.0060626901877642372, -0.0095754665851242714, 
0.013232973069151889, -0.055441093244380089, 0.022488009106232141, 
0.047332656921882689, -0.01104398493386954, -0.026584919929186265, 
-0.0074475868441681442, -0.015232607279753197, -0.019650172588688737, 
-0.026826255332935738, 0.01704319671773406, -0.010149914919176758, 
-0.013554302624990168, -0.035928209818564857, 0.013814298536131829, 
-0.013192179055835654, 0.0026176336530829417, -0.00044364797170332244, 
0.0048738959583710271, 0.022542803298999013, -0.019021353949861455, 
-0.026161165806564607, -0.019774395096898628, -0.017429842300142575, 
0.019226083105665145, -0.0022245160859166672, 0.0074202761239718397, 
0.062122661617901864, -0.062472048193159026, -0.0029932093665227741, 
0.012632861542578573, -0.0029791584976925382, -0.014131351683012208, 
0.019558211205588049, -0.01738233077715249, 0.0016136800829841824, 
-0.0094726600747183191, -0.0047141497101549096, -0.0033791957031293978, 
-0.0070908623787084108, -0.011306447401653853, 0.010421349380129123, 
0.0032482211249656744, -0.0084882426801507257, -0.026161165806564607, 
0.0090565058978212022, 0.0055449704346298839, -0.00058152228140565421, 
-1.4270346238625465e-05, 0.00068187137265756249, 0.0036216101353605725, 
-0.044875378958205918, -0.036951355927749979, 0.001113319800013973, 
0.0063456161494371364, -0.0077353847717457555, -0.004964839825078715, 
-0.0052783591454857058, -0.0098198201057860084, 0.00071206744846572119, 
-0.0086108549046649586, -0.0059475667069554808, -0.00071039566635386841, 
0.00060022838032284837, -0.0068706463706514212, -0.020873928032381833, 
-0.0020329980079808068, -0.0060626901877642372, -0.019774395096898628, 
0.0055449704346298831, 0.0079332023405554938, -0.0011588376582731294, 
-0.0032121690983241539, -0.00028817532567189949, 0.0031215502682741003, 
-0.094581361977241596, -0.033530309664746287, 0.0070263555274611769, 
0.012405987555469407, -0.0028598534043923732, -0.00025841391435251198, 
-0.011651969387548615, -0.029691873852282454, -0.0077230430878704173, 
-0.0054607160035133311, 0.012001320390549491, 0.0022188672960853409, 
