structure(c(0.1146325841063488, -0.033204631940669214, -0.0024425539207419272, 
-0.0021102906818118421, -0.016955509348573358, 0.023511651640309543, 
-0.0032198294323016801, 0.0047511517284863532, 0.043959796305503701, 
0.056103392674502005, 0.077394218738847095, 0.011034249473383878, 
0.0012379601947701828, -0.0045066733760791055, -0.0054986248720270111, 
-0.00067733155372778908, -0.0061946350517520952, -0.0084088700464890701, 
-0.072984445461653724, 0.028138336628942603, 0.036553853065441483, 
-0.002138593987107907, 0.0062785665739772453, -0.0061637307467945724, 
-0.033204631940669221, -0.024214387733807935, -0.011429879561131616, 
0.0056491300024630346, -0.015699097773884601, 0.018973935168679703, 
-0.01620786543548363, 0.0021286960858477324, -0.015708334043568709, 
0.0080166652043070271, -0.016496312990883288, -0.020911021402282511, 
0.0011033996250537021, -0.00098600039035218992, 0.0011451732393996429, 
-0.0053977016881284253, 0.027714611693635267, 0.008570779100747104, 
-0.038161972207138024, -0.019021208838105375, 0.009936063392834581, 
0.0049696442838533623, 0.0075538410057250406, 0.00065053382889583458, 
-0.0024425539207419268, -0.011429879561131616, -0.0022661921913644835, 
-0.011606271956901332, -0.0066724692259039842, 0.0026261487355356832, 
-0.007398003119702447, -0.0086945356439308268, 0.0028341072258004896, 
-0.0025225714481053301, -0.0045961462951438258, -0.0084622150816411456, 
0.0026444987283483021, 0.0025392100676736593, 0.0017311829983790929, 
0.0016609462457515892, -0.00053809231647622717, 0.011769612732157004, 
-0.006481851222051244, -0.0092230142186879496, 0.0030357811399927682, 
0.0035772708143383615, 0.00419553602521515, 0.0011165843799758629, 
-0.0021102906818118421, 0.0056491300024630346, -0.011606271956901332, 
0.0032950827407676781, -0.0050185129147262506, 0.011252089342253028, 
-0.0099112938261101298, 0.0053014584182062303, 0.0069531343288194037, 
0.00071279106028380459, -0.010122023290450807, 0.00030139154440719497, 
-0.001462100316459226, -0.0022017169894048209, -0.0032745363014074764, 
-0.0010162504432783283, -0.0053948127652439001, -0.0047492483071959685, 
0.045181886828805556, -0.00095422758600349582, -0.0067389812753725492, 
0.0014582439955698574, -0.010671077145657062, 0.0025908718028932192, 
-0.016955509348573355, -0.015699097773884601, -0.0066724692259039833, 
-0.0050185129147262506, 0.0022424385626605048, 0.0056121600830856327, 
-0.0047115572855832817, 0.0018930035195163493, -0.009857435908739564, 
0.0053115955960574158, 0.0025668815401272234, 0.00038977775917852669, 
0.0029942730013321518, 0.0023030585130578143, -0.013329936722430052, 
0.002372060977264715, 0.0034621921528077975, -0.0028570827248268994, 
0.056580920073590731, -0.05474811227202929, -0.0021841020757230206, 
0.0041465672808143703, -0.0058570001410308504, -0.0085295622491649362, 
0.023511651640309543, 0.018973935168679706, 0.0026261487355356832, 
0.011252089342253028, 0.0056121600830856318, 0.0021550250343714953, 
0.0037175920357270654, 0.0058463771642099181, 0.021292537538849667, 
0.016478117652052152, -0.0082523015826983254, 0.0075289052142391002, 
-0.00084543469213224989, -0.0046554721381327595, -0.0044322953607242041, 
-0.0063550818714797836, 6.4102751920151825e-05, -0.0049740175310591323, 
-0.030053454021811844, 0.026697241283645517, -0.0035483855006564779, 
-0.0017359180319187681, -0.0033749406425674154, -0.00079131538563357044, 
-0.0032198294323016801, -0.01620786543548363, -0.007398003119702447, 
-0.0099112938261101281, -0.0047115572855832817, 0.0037175920357270659, 
0.010343129157115782, 2.7929653960609247e-05, -0.030056076548052216, 
-0.0086792423870742583, -0.015960431479286486, -0.0039714557355299742, 
-0.0031525326475514131, -0.001791468210715587, -0.00078882595119929462, 
0.0055284731695940722, 0.0084523730315495243, 0.00058480694818912368, 
0.0059342398487745585, -0.0043868759345490685, -0.0014007754522275049, 
-0.0033624094082859947, 0.0034581229318733022, 0.0039086126453914552, 
0.0047511517284863532, 0.0021286960858477324, -0.0086945356439308286, 
0.0053014584182062311, 0.0018930035195163491, 0.0058463771642099189, 
2.7929653960609247e-05, 0.00098555141965877419, -0.016983010278240684, 
0.010886958447995468, -0.011332432077709157, 0.0045519909816658134, 
0.0014716000254191349, -0.0002111747811645697, 0.00027327360131537427, 
0.0010945555950575071, -0.0043418992535820249, 0.0069439871686699951, 
-0.064805903289590031, -0.043576036530410991, -0.0021654505572610045, 
0.0023495369284476293, -0.0073181844729777994, -0.0028958765410899761, 
0.043959796305503701, -0.015708334043568709, 0.0028341072258004896, 
0.0069531343288194046, -0.009857435908739564, 0.021292537538849667, 
-0.030056076548052216, -0.01698301027824068, 0.041756903229041353, 
-0.01224235146418132, 0.023340464498906453, -0.025912640399270929, 
0.0087428737024039423, 0.0022379685017653163, 0.003535257531656118, 
-0.00020865872953731185, -0.0083752141535480933, -0.0138732906270225, 
-0.031922660432225039, 0.03975711896054869, -0.010925925942448806, 
-0.0068000039664658785, 0.0043175343887706759, -0.0016560385349903394, 
0.056103392674502005, 0.0080166652043070271, -0.0025225714481053305, 
0.00071279106028380459, 0.0053115955960574158, 0.016478117652052152, 
-0.0086792423870742583, 0.010886958447995468, -0.01224235146418132, 
-0.012821237016453827, -0.024145464717057436, -0.0040154943039763169, 
-0.0013112600115135057, -0.0025709968551128667, 0.0053511301513557959, 
-0.0044195393325453906, -0.0060050787366260367, -0.0030568435174960339, 
0.029691241537207196, 0.027477681515398655, -0.0082347469205428219, 
0.001525452622330864, -0.0023093744733622061, -0.0075360389795485622, 
0.077394218738847095, -0.016496312990883288, -0.0045961462951438258, 
-0.010122023290450805, 0.0025668815401272234, -0.0082523015826983237, 
-0.015960431479286486, -0.011332432077709155, 0.023340464498906456, 
-0.024145464717057436, 0.069326544397749393, -0.015376640398406092, 
0.0080467154151697227, -0.0054713855032506526, -0.0041007044545955202, 
-0.011345808270003508, 0.0088086010538148199, -0.0041268049948370421, 
0.093169143742417151, -0.022988273839665077, -0.00017033623240514468, 
-0.011763344031756323, -0.00045098675534590844, -0.0032061385956256598, 
0.011034249473383878, -0.020911021402282508, -0.0084622150816411456, 
0.00030139154440719497, 0.00038977775917852669, 0.0075289052142390993, 
-0.0039714557355299742, 0.0045519909816658134, -0.025912640399270929, 
-0.004015494303976316, -0.015376640398406093, 0.0013354613431137527, 
0.0046697409502405645, 0.0041394281516506128, -0.0011153385638865458, 
0.0018773541972004221, -0.0047845847108011772, -0.0045568183829747377, 
-0.0034128829267703652, 0.0082276528142247573, -0.0079525928651125091, 
-0.013957240367413248, -0.0056066554918400074, 0.0037883421480451609, 
0.0012379601947701826, 0.0011033996250537023, 0.0026444987283483026, 
-0.001462100316459226, 0.0029942730013321514, -0.00084543469213224989, 
-0.0031525326475514135, 0.0014716000254191349, 0.0087428737024039423, 
-0.0013112600115135059, 0.0080467154151697227, 0.0046697409502405645, 
0.00052395770806718336, 0.0017578648148980146, -0.00015847854441578013, 
-0.0018129538131255068, 0.0018873233137647433, -0.00075092617181252987, 
-0.028993272776929872, 0.0052358677850050626, 0.0038440713914763003, 
-0.0044688913926832115, 0.0010127816794792575, 0.0030381238157069063, 
-0.0045066733760791055, -0.00098600039035218992, 0.0025392100676736593, 
-0.0022017169894048209, 0.0023030585130578143, -0.0046554721381327595, 
-0.0017914682107155867, -0.0002111747811645697, 0.0022379685017653163, 
-0.0025709968551128662, -0.0054713855032506517, 0.0041394281516506128, 
0.0017578648148980146, 0.0026589027421242278, 0.0028446315220825549, 
-0.0018876513801383218, 0.0048126301174671888, 0.0017640083027364228, 
-0.024134861854180286, 0.017272177604412527, 0.0038136874878957382, 
0.00064343111756573544, 0.0048884453150377762, 0.0035739514592783551, 
