structure(c(0.10739802640248215, -0.028665908534942837, -0.037148436235985183, 
-0.022482350392099552, -0.024744825568249508, -0.0043936546920918737, 
-0.039334752493802444, 0.013262878078206449, 0.00081936648263451512, 
0.03761501130554265, -0.020878066849710594, 0.017470208082747386, 
-0.017214991257821083, -0.0068412866656685709, -0.0117886506300865, 
-0.0072308419789578306, 0.01686221051426974, -0.013521336414574517, 
-0.11577858160159073, -0.04006937576601572, 0.022182847302985746, 
-0.0067497381874038311, 0.020066615133558733, 0.0064060954214693383, 
-0.028665908534942837, -0.027369708281888783, 0.010237597122641844, 
-0.025277414791996047, -0.01557828990934979, -0.00065436073872940229, 
-0.03173555840318492, -0.004332389042285301, -0.024989152278049286, 
-0.0053121115493428408, -0.040763787813677538, 0.0056810950196772413, 
-0.0025691025783537609, -0.0013536182619826012, 0.011649082033421533, 
-0.012941299760043708, 0.011885018559068221, 0.015367310976143607, 
0.074371143512353965, 0.080897742164860606, 0.011716558780634535, 
-0.0064485274791873191, 0.034452535041117872, -0.0020703641248404317, 
-0.037148436235985176, 0.010237597122641844, 0.008605283555748567, 
-0.012116942130580807, 0.0022924601739598011, -0.0051742967621417708, 
-0.0030300849762057956, -0.0018101060094998947, 0.034498430869442979, 
-0.0043557117229563848, 0.024747599457058077, 0.0063672355839681141, 
-0.0075678157828013909, -0.0032834559285693245, -0.00080824201780887572, 
-0.0016269829541815514, 0.00037021340274577433, -0.0046971033060813835, 
0.019039284965343968, -0.062995916673494315, -0.00096589795305022962, 
0.003362563793188918, 0.0063871757646053401, -0.011591299815816077, 
-0.022482350392099552, -0.025277414791996043, -0.012116942130580805, 
-0.00093618921312469902, -0.0057793260846187768, -0.0010772718695844124, 
0.010118775336201053, 0.003361868808250212, -0.037973675883744944, 
0.0099306559508491009, -0.0094084196488943873, 0.0012214470050081342, 
-0.0014207972249885288, 0.00019406774218920026, -0.0097989226970050265, 
0.012187012168781205, -1.7299926831508007e-05, -0.0023793877912131139, 
0.011659699069403609, 0.046929971852283758, 0.0036147168003156861, 
0.0011784276791858605, 0.0049353208927552855, 0.0014492553631619395, 
-0.024744825568249508, -0.015578289909349789, 0.0022924601739598011, 
-0.0057793260846187777, 0.014320384982853825, 0.003588723446085065, 
0.015684693909416896, -0.024954397633868978, -0.025711881313454969, 
0.007465368282326715, 0.025799618845483051, -0.0051384315172795557, 
0.00081866955727438544, 0.0048324538478926151, -0.014145094647348408, 
-0.0021790637045597957, -0.013861776892558688, -0.003744666585233336, 
-0.054116828241287801, -0.014630114164663484, -0.0064984448279730754, 
0.004216513543111252, 0.0051661207633081742, 0.0010682461519055477, 
-0.0043936546920918737, -0.00065436073872940229, -0.0051742967621417699, 
-0.0010772718695844124, 0.003588723446085065, 0.0052886266835456969, 
0.0016889699869806446, 0.0044439713861389772, 0.0068343172235168972, 
-0.011406028696206768, -0.01876062326674105, 0.0049511824293545937, 
0.0058920285426365005, 0.0012432016348386872, -0.010856005233863906, 
-0.0050555089443374652, -0.0050687743477100264, 0.0034992551386257295, 
0.0042446553639209029, -0.0091686863457737262, 0.00074388056569060529, 
0.0069174176356447108, 0.0062528522806106794, -0.0017793271256983994, 
-0.039334752493802444, -0.03173555840318492, -0.0030300849762057956, 
0.010118775336201053, 0.015684693909416896, 0.0016889699869806446, 
0.0041275772115272136, -0.0097083980195664787, -0.022777076051732036, 
0.0062891434024395171, -0.010473845436317018, -0.01071922923103057, 
0.0042223963013074258, 0.0010117651942682065, 0.0048307436448335583, 
0.00089474530354771015, 0.004857885142879376, -0.004294606904044122, 
-0.053721254470173944, -0.0059565071281785327, -0.0036900767525347498, 
-0.0007481229592413484, -0.001338863678028949, -0.0021978491091116507, 
0.013262878078206451, -0.004332389042285301, -0.0018101060094998947, 
0.0033618688082502125, -0.024954397633868978, 0.0044439713861389772, 
-0.0097083980195664787, 0.009891965417115612, 0.0017079756867999, 
-0.0042359222645500837, 0.0029640488075211714, -0.0040513831597065375, 
0.0018262964628141557, 0.0074579065032483252, -0.00020561015625566125, 
0.001331344831584124, -0.0089411322928994764, 0.0090582543422369106, 
-0.023926060455780992, -0.044376525298121319, 0.0022766641193683605, 
0.0035324529636465746, 0.0038513865600584844, -0.0048074662086031415, 
0.00081936648263451501, -0.024989152278049286, 0.034498430869442986, 
-0.037973675883744944, -0.025711881313454966, 0.0068343172235168972, 
-0.022777076051732032, 0.0017079756867999, 0.069137065767489569, 
-0.029554772497731641, -0.03114841682990056, -0.041305019122447245, 
-0.0030518138996276996, -0.0020440406446170086, 0.015739199110457701, 
-0.022090909279417471, 0.010410773204995743, 0.0055682648490119847, 
0.085109859238715516, -0.0091603170966775092, 0.0055206355242819966, 
-0.016726433575749156, 0.0022063295829798527, -0.010090343974268449, 
0.03761501130554265, -0.0053121115493428408, -0.0043557117229563848, 
0.0099306559508491009, 0.0074653682823267158, -0.011406028696206768, 
0.0062891434024395171, -0.0042359222645500837, -0.029554772497731641, 
0.019408567000912126, -0.012209058119367943, -0.017343923389821388, 
-0.0051827755655937347, -0.0033912452129509266, -0.0028894197325150701, 
-0.015007645403467806, -0.012495544420029229, -0.019780741795526822, 
-0.096064802165757607, -0.033024777669412891, 0.010724545992776873, 
-0.0058895213172269886, -0.0012266373404607124, 0.0058112082693686559, 
-0.020878066849710594, -0.040763787813677545, 0.024747599457058074, 
-0.0094084196488943891, 0.025799618845483055, -0.018760623266741053, 
-0.010473845436317018, 0.0029640488075211714, -0.03114841682990056, 
-0.012209058119367943, -0.0079815190673150453, -0.042378685992238312, 
0.00099478384148438495, 0.0036790789529036511, 0.0017701951345779174, 
-0.021138397295388703, 0.026310677674087939, -0.01043437346552523, 
0.073872827772946029, 0.027825182624684742, 0.012257938979689666, 
-0.0035742565930632336, 0.019599371695490093, 0.010998086904195297, 
0.017470208082747383, 0.0056810950196772413, 0.0063672355839681141, 
0.0012214470050081344, -0.0051384315172795557, 0.0049511824293545937, 
-0.010719229231030568, -0.0040513831597065375, -0.041305019122447238, 
-0.017343923389821388, -0.042378685992238319, -0.017683018712837933, 
0.0024517636356842041, -0.00012834786804373253, 0.010037151548550421, 
-0.0095286596651365206, -0.00034817189133672571, 0.00084710308591447907, 
-0.034287521334941645, 0.03343185389889871, -0.0039478426441698104, 
-0.0052967543581412804, -0.0079619501756143275, 0.0076829528223386926, 
-0.017214991257821083, -0.0025691025783537609, -0.0075678157828013917, 
-0.0014207972249885288, 0.00081866955727438555, 0.0058920285426365005, 
0.0042223963013074258, 0.0018262964628141557, -0.0030518138996276996, 
-0.0051827755655937347, 0.00099478384148438495, 0.0024517636356842041, 
-0.0061147458604143929, -0.0024304812618275969, 0.0011161718892550611, 
0.0012373783354603378, -0.0013106083794102836, 0.0028874507325156781, 
-0.024447529613357055, -0.00058342306997646279, 3.5715808606669469e-05, 
-0.0021510586663168788, -0.0063817307822340887, -0.0022665434651054249, 
-0.00684128666566857, -0.0013536182619826012, -0.0032834559285693241, 
0.00019406774218920026, 0.0048324538478926151, 0.0012432016348386872, 
0.0010117651942682063, 0.0074579065032483252, -0.0020440406446170086, 
-0.0033912452129509266, 0.0036790789529036511, -0.00012834786804373253, 
-0.0024304812618275965, 0.0022016116176194426, -0.00012609877492953281, 
0.0017694349968376288, 0.0037090897266244642, -0.00088785521765496242, 
-0.024402336371062022, 0.01349063131852259, 0.0059734771126086147, 
-0.0027748274230840614, -0.0025047951167030801, 0.0014203607618195025, 
-0.011788650630086502, 0.011649082033421533, -0.00080824201780887561, 
