structure(c(-0.98634104519730126, -0.77242824169394331, -0.24943957054018767, 
-0.080231128126943801, -0.0098362243626642087, 0.15902950595824655, 
0.024384094660997346, -0.031577465382802331, -0.45155899335146865, 
0.22590965051973561, 0.048038661251080313, 0.085504480405736716, 
-0.00039540504675722877, -0.019755839141285127, 0.010993745294994063, 
-0.088565315911315598, 0.03457772033283385, 0.045121803879043271, 
2.5265754773548341, 0.38749852412753139, 0.014408305363470221, 
-0.036191681145562427, -0.063505965987264587, -0.1749587445948548, 
-0.77242824169394331, -0.33487034198632853, -0.13771831518852884, 
-0.05004190047251298, -0.10892168777177123, 0.20343169434223404, 
0.0223907642440168, 0.045552635048408216, -0.0015535817747451596, 
0.032457313369233569, -0.11326318384997586, -0.07476412516865516, 
-0.040644298538105923, -0.040941073533638628, -0.034204457512128618, 
0.10702819353872781, -0.078299800984382939, 0.069376201135207288, 
0.27385489419367165, 0.98067861083564201, -0.036733991065851984, 
-0.059641478817977198, 0.022795082877132562, -0.12604409253057611, 
-0.24943957054018764, -0.13771831518852884, -0.10998989217994422, 
0.017104165573804536, -0.10550863669601512, 0.024176081884321118, 
0.028866948516857178, 0.012792916182306515, 0.001082025618502297, 
-0.076263970980597867, -0.039414986325525758, 0.054665282574244405, 
-0.029996013889237273, -0.087760788023378611, -0.041778812364195575, 
-0.0063635305054070262, 0.036766131119005174, -0.014414308293777451, 
0.3005187634645316, -0.12208478810692483, 0.013380819829850425, 
0.024009433778813476, -0.097176194751166692, -0.018170164277713938, 
-0.080231128126943801, -0.05004190047251298, 0.017104165573804536, 
0.05951089339026399, 0.10353689065352169, 0.0018041004916304663, 
0.024488540493991354, -0.017166426902423509, -0.06000285441713428, 
0.0531642756736092, -0.14954075195754926, -0.0079944199154874766, 
-0.0073676750100093629, 0.028596137472933551, -0.020882959159941417, 
-0.023378184654538472, -0.047652408718039892, 0.01591863420768256, 
-0.2206637936767408, 0.27957466190674252, -0.0065395624680322246, 
0.0037057140092759929, 0.04963150464281519, 0.029335515422657804, 
-0.009836224362664207, -0.10892168777177123, -0.10550863669601512, 
0.10353689065352169, -0.18743805605277705, -0.0039493652709863937, 
-0.014458173441139035, -0.021125584141840771, 0.06221939232806066, 
0.055892484524432677, -0.12717899334560964, 0.09199475288274217, 
0.039103529676789171, 0.048016716523491279, -0.01615435272418965, 
0.01756964363413022, -0.0015913103838861213, 0.042752907600244486, 
-0.10223416433538642, -0.20826043587536675, -0.00014599668436985339, 
-0.00082986895332499749, -0.034970096817447352, -0.033160605551857854, 
0.15902950595824655, 0.20343169434223407, 0.024176081884321122, 
0.0018041004916304665, -0.0039493652709863937, -0.075510804455884345, 
-0.0183030826467683, -0.021216348335398306, -0.11655979036321311, 
-0.074497801609343203, 0.012901204139272326, -0.038801758886833196, 
-0.035043933644784232, -0.017598816062733936, 0.030496771676611165, 
0.044472402953780701, -0.018131794939063452, 0.030488169319279897, 
0.30681360515989159, -0.28399221020002091, -0.053333331294455298, 
-0.036649286027827237, 0.058590311104109574, 0.012719186174608646, 
0.024384094660997346, 0.0223907642440168, 0.028866948516857182, 
0.024488540493991354, -0.014458173441139035, -0.0183030826467683, 
-0.044302213137339265, 0.05237930176643571, 0.053940055153698138, 
0.0010277611387947733, 0.098831166671992404, 0.012233326557639913, 
0.029335286118635007, 0.01012591643441133, -0.034999344387677898, 
-0.0046118187228607298, -0.016131070517792865, 0.073690419063673129, 
-0.18699874742613815, -0.013396855759265384, -0.01807491134910718, 
0.043542972578145094, 0.025867452995374754, -0.010390126530741065, 
-0.031577465382802331, 0.045552635048408216, 0.012792916182306515, 
-0.017166426902423513, -0.021125584141840771, -0.021216348335398309, 
0.052379301766435717, -0.054980541352817519, -0.11127603005836705, 
-0.045316713901691875, -0.13657928092684618, -0.010710060330710874, 
0.0071581578445226463, 0.014601060442956705, 0.053375348260459345, 
-0.034946202295556755, 0.053228125507125322, 0.021452932429818276, 
0.38541225911242533, -0.020781170319661417, -0.015147362709666178, 
-0.039184781966359314, 0.036504941514899247, -0.017271802637920722, 
-0.4515589933514686, -0.0015535817747451596, 0.0010820256185022968, 
-0.06000285441713428, 0.062219392328060667, -0.11655979036321311, 
0.053940055153698145, -0.11127603005836705, -0.15790713879072404, 
0.062605954935573388, -0.10348912491187592, 0.10084744730021405, 
0.082268839376997305, 0.094147059558093105, 0.12373005616279516, 
-0.091715742123013755, -0.11256220923825427, 0.054640203265868673, 
0.097369897909439007, 0.10383638985966372, -0.035962962074341492, 
-0.074310156128279348, -0.00022947986450465776, -0.097089555880441061, 
0.22590965051973558, 0.032457313369233569, -0.076263970980597881, 
0.053164275673609207, 0.055892484524432677, -0.074497801609343203, 
0.0010277611387947733, -0.045316713901691875, 0.062605954935573388, 
0.18845575712667809, 0.10667008412734527, 0.022226222512885953, 
-0.018801744849619217, -0.012823318090092916, -0.0060067331271206545, 
0.06352576722515306, -0.046488286804316221, 0.0063157689403109578, 
-0.021542137171317616, -0.22388312500235497, 0.070506311938935515, 
-0.061458581387895658, -0.081186845408104155, -0.024602049698865581, 
0.048038661251080313, -0.11326318384997587, -0.039414986325525765, 
-0.14954075195754926, -0.12717899334560961, 0.012901204139272326, 
0.098831166671992418, -0.13657928092684618, -0.10348912491187592, 
0.10667008412734527, 0.14607019171278801, -0.035822462205451357, 
0.016638900974443708, 0.026437381833612182, 0.08061424297152843, 
0.035947339660032683, -0.10484031369458359, 0.047003666826874603, 
0.22519284814222881, 0.40339511756017299, 0.0067474559530610722, 
-0.031924749179137984, -0.0037010145381757456, -0.075523173054899168, 
0.085504480405736702, -0.07476412516865516, 0.054665282574244398, 
-0.0079944199154874749, 0.09199475288274217, -0.038801758886833196, 
0.012233326557639913, -0.010710060330710876, 0.10084744730021405, 
0.022226222512885956, -0.035822462205451357, 0.13881173760506343, 
0.027964611402346243, 0.02260743434720032, -0.036879176205075206, 
0.096797518358553228, 0.01595673516306427, 0.011782748837230904, 
0.20180662154172715, -0.12382962398910469, 0.026654789147916556, 
0.015057615522977798, -0.015226452876073344, -0.018180167310569446, 
-0.00039540504675722883, -0.04064429853810593, -0.029996013889237273, 
-0.007367675010009362, 0.039103529676789164, -0.035043933644784232, 
0.029335286118635007, 0.0071581578445226463, 0.082268839376997305, 
-0.018801744849619217, 0.016638900974443708, 0.027964611402346243, 
-0.0019473772128213067, -0.020986169312401073, -0.023260381471964624, 
0.035503112330273201, -0.0075070993703454303, 0.017706197860562135, 
-0.12163122338147195, 0.081658280473850972, -0.015787719055201016, 
0.0025937053199233265, -0.023811402915555755, -0.010022911815462365, 
-0.019755839141285127, -0.040941073533638628, -0.087760788023378611, 
0.028596137472933547, 0.048016716523491279, -0.017598816062733936, 
0.01012591643441133, 0.014601060442956705, 0.094147059558093091, 
-0.012823318090092916, 0.026437381833612182, 0.02260743434720032, 
-0.020986169312401069, -0.011257557772815041, 0.0059046509943097691, 
0.019684077549866744, -0.010068954134753946, 0.045920521942384329, 
-0.087535977263382539, -0.035454933886381323, -0.012385473809402015, 
0.0063845797312562106, -0.0077162854552685354, 0.0047494416044959404, 
0.010993745294994063, -0.034204457512128618, -0.041778812364195568, 
-0.020882959159941417, -0.01615435272418965, 0.030496771676611165, 
-0.034999344387677898, 0.053375348260459345, 0.12373005616279516, 
-0.0060067331271206545, 0.08061424297152843, -0.036879176205075213, 
-0.023260381471964627, 0.0059046509943097682, -0.0095502583713548677, 
