structure(c(0.30361433829569917, -0.054232526713203201, -0.11485801830654785, 
0.049984504990936471, 0.22886897268820844, -0.15662533604907924, 
0.105119100168292, -0.015081633672686803, 0.21894873024031361, 
-0.022088006517879021, 0.42579541459003362, -0.03880906946954351, 
-0.034886770400517297, 0.10159896325792481, -0.049224042481800429, 
-0.01876005117902171, -0.0094435436434327225, 0.023204509507584764, 
-0.14207000441285239, -0.64440263288346356, 0.14465929903409597, 
-0.016620349532773658, 0.035232883103860184, 0.07447442649384374, 
-0.054232526713203208, -0.23882909711243436, 0.051934402012936538, 
0.061445605746493596, -0.017716971499725696, -0.075525137404123241, 
0.017314843656728491, -0.062347131811317423, -0.053165318021966466, 
0.10469211457753433, -0.015058431127322774, 0.13599656042145536, 
-0.067745356716391952, 0.01156617366481931, 0.055291998957367486, 
0.046098808390453293, 0.019869629598524691, -0.071539762902480472, 
-0.23432708642231184, -0.45175800372274555, 0.069331174836981313, 
0.092582279834670406, -0.0068351350724408242, 0.016155179554522326, 
-0.11485801830654786, 0.051934402012936545, -0.062212858538491775, 
-0.00089594012117194608, 0.15997364380175774, -0.03581989807342361, 
0.052255499730727462, -0.062855777925034842, -0.060316602962911949, 
-0.043914413003909594, 0.11606622172346684, 0.014376579870940239, 
-0.0074551498128600287, 0.0017528540757685139, -0.021011004102059916, 
-0.017265378499304491, -0.011747380907191601, -0.024475871442559631, 
-0.097976781371195934, -0.09965587379711488, 0.042014487924853523, 
0.024883540907722577, 0.035347542301542599, -0.00481192946755291, 
0.049984504990936478, 0.061445605746493596, -0.00089594012117194598, 
0.05778326447309285, -0.075659687746547424, 0.043284054492927777, 
0.028184200539888352, -0.02746865998397988, -0.027961548805868167, 
0.013215314615854994, -0.14801697754875018, -0.081248574537641283, 
-0.046951374648257646, -0.03125180652353967, 0.015109108876526943, 
0.059132069369010019, 0.026657529610840443, -0.023677121290752119, 
-0.26740959258879654, -0.17143870431067043, -0.051230495053631413, 
-0.034657870646650074, -0.0045395607394088005, -0.069550312848884036, 
0.22886897268820847, -0.017716971499725696, 0.15997364380175774, 
-0.075659687746547424, -0.10061099645628679, -0.010690278824682478, 
0.024366935615665424, -0.033499489253489646, -0.16332248202236815, 
-0.1407227370263861, 0.022798762693921247, -0.039377480840097699, 
0.0028282433948259023, 0.00888000152977181, -0.044827171672048582, 
-0.010601132919695116, -0.047828387308366756, -0.029402593225909168, 
-0.41046406622395076, -0.02029877707867379, -0.0048603026571899599, 
-0.0051013200849686332, 0.028514235880473748, 0.052491605142091322, 
-0.15662533604907924, -0.075525137404123241, -0.035819898073423617, 
0.043284054492927777, -0.010690278824682478, 0.029030254003657035, 
-0.0096635957882741114, 0.0075371391893278546, -0.058749483179055609, 
0.06991412099388758, -0.070452035521802819, 0.024942451040809974, 
-0.018031140152219963, -0.013011759442881502, 0.031413501124091664, 
-0.0084048245672045038, 0.073424258502339912, -0.015177137229503925, 
0.51205475426592928, 0.17990561321327805, 0.050051569766467664, 
0.025367706774965224, 0.015846969657000096, -0.041610390162713423, 
0.10511910016829201, 0.017314843656728491, 0.052255499730727462, 
0.028184200539888352, 0.024366935615665424, -0.0096635957882741114, 
0.036269636315311091, 0.0066294731753468649, 0.098238308679791136, 
-0.034443047836422686, 0.062568687270854656, 0.0059711727870496471, 
0.0070249730768592415, 0.022524668392423477, -0.0044491801641568917, 
-0.022761494558583284, -0.031949949982558137, -0.042871626153011613, 
0.25574310331369415, -0.20719482218342999, -0.010258443628017816, 
-0.016068478909374326, 0.019977354089248278, -0.0036987777117829918, 
-0.015081633672686803, -0.062347131811317416, -0.062855777925034842, 
-0.02746865998397988, -0.033499489253489639, 0.0075371391893278529, 
0.0066294731753468649, -0.021969855229325371, -0.053326395782341947, 
-0.044210731247180085, -0.15760564332227445, 0.042909181493531803, 
-0.0066434101451343158, -0.0077466873172226912, 0.016715180299994838, 
0.025008637219024674, -0.0070467918475621266, -0.029701163955189482, 
-0.42315518013523973, -0.10792487833850267, 0.014574922282643647, 
0.020478526585985542, -0.0012668918023739397, 0.011511536486185763, 
0.21894873024031361, -0.05316531802196646, -0.060316602962911949, 
-0.027961548805868167, -0.16332248202236815, -0.058749483179055609, 
0.098238308679791136, -0.053326395782341947, -0.13882556645662589, 
0.049488149691502815, -0.096384384724749542, 0.015106544462317508, 
-0.094686401811439322, -0.097929850869996282, -0.063862985124210916, 
0.14539242475543249, -0.0082637265608647165, -0.067005365295063832, 
0.17287648938233632, 0.32135732526406752, 0.055366026792245102, 
0.026184803581350693, -0.01481055202561057, -0.04369161114782457, 
-0.022088006517879025, 0.10469211457753433, -0.043914413003909594, 
0.013215314615854994, -0.1407227370263861, 0.06991412099388758, 
-0.034443047836422686, -0.044210731247180085, 0.049488149691502809, 
0.1995419282068964, 0.030571764421560108, 0.10800852311031489, 
-0.012691505796933733, 0.018367517091238805, 0.013908246920233507, 
0.11140293034355078, 0.02786418276203452, -0.01302284555936224, 
0.13354338165526555, -0.18593705407661945, 0.01418590704711999, 
-0.015145927619775455, 0.052108995509587128, 0.035134837502475688, 
0.42579541459003356, -0.015058431127322774, 0.11606622172346684, 
-0.14801697754875018, 0.022798762693921247, -0.070452035521802819, 
0.062568687270854656, -0.15760564332227445, -0.096384384724749528, 
0.030571764421560108, -0.16788074070666617, 0.061208861186498043, 
-0.059604969390064336, -0.087713140886367322, 0.024047227085362183, 
-0.053594340282065639, -0.10566263639863004, -0.099777079222375345, 
-0.085902822969584944, -0.17523392045048033, -0.018444800808762228, 
-0.064246010681003884, -0.070323608358825812, 0.090313195327503301, 
-0.03880906946954351, 0.13599656042145536, 0.014376579870940239, 
-0.081248574537641283, -0.039377480840097699, 0.024942451040809978, 
0.0059711727870496471, 0.042909181493531803, 0.01510654446231751, 
0.10800852311031489, 0.061208861186498043, 0.11825275971482097, 
0.0098777486042987243, 0.01542200182571506, 0.053081743820266272, 
0.014037324389161839, -0.03440417096501313, 0.01898037550110945, 
0.24175120309724737, -0.09930557617756787, -0.0086810496438868689, 
0.07289231166737585, 0.026372896592604545, -0.0060504841045151544, 
-0.034886770400517297, -0.067745356716391952, -0.0074551498128600287, 
-0.046951374648257646, 0.0028282433948259018, -0.018031140152219963, 
0.0070249730768592415, -0.0066434101451343158, -0.094686401811439322, 
-0.012691505796933731, -0.059604969390064336, 0.0098777486042987243, 
0.022728404487084523, 0.027124759987390171, 0.007065969558060675, 
-0.013972429712841314, 0.004341590045042646, 0.0023324335548473934, 
0.057462324567572137, -0.18975678552841174, 0.03662574835774049, 
0.015548816335271248, 0.035329209944217906, -0.011457604683722594, 
0.10159896325792481, 0.011566173664819311, 0.0017528540757685139, 
-0.031251806523539677, 0.00888000152977181, -0.013011759442881502, 
0.022524668392423477, -0.0077466873172226903, -0.097929850869996282, 
0.018367517091238805, -0.087713140886367308, 0.01542200182571506, 
0.027124759987390175, 0.033405712239917104, -0.020386838312162658, 
-0.0094004154113470663, -0.013636760271516144, 0.013083394644252008, 
-0.0025301441310952755, -0.16991843124272107, 0.018392592009244452, 
0.0033523457253570475, 0.033662920867420357, -0.0033835478787663052, 
-0.049224042481800429, 0.055291998957367486, -0.021011004102059916, 
0.015109108876526943, -0.044827171672048589, 0.031413501124091664, 
-0.0044491801641568917, 0.016715180299994838, -0.063862985124210916, 
0.013908246920233507, 0.024047227085362187, 0.053081743820266279, 
0.0070659695580606759, -0.020386838312162651, -0.0076018735153281355, 
