structure(c(0.53633024353614611, 0.20660370742563233, 0.15019190573687241, 
-0.1290023649243528, 0.13864525725857799, -0.13453192210666462, 
0.038089531293795817, -0.026834485783335915, -0.047168149762510207, 
0.053874223801433321, 0.083444289387208007, 0.17968196739664843, 
0.027401221894875073, 0.06316049459524789, -0.032039619382352731, 
0.025991695738978599, -0.0096833972985767292, 0.099408611430840607, 
0.96132151020555756, 0.53603357834986609, 0.0056220723992672535, 
-0.13921704071785793, 0.014688796262363678, -0.12623213506408026, 
0.20660370742563233, -0.19356213082682583, 0.11568972636417751, 
-0.15356962372828159, 0.16281151646289388, -0.037044888900206817, 
-0.0095301319898875268, -0.081517872665216207, -0.15124194756107123, 
0.090597766705032404, -0.0162830006811953, 0.024859085031302099, 
0.061075630194813199, 0.065770260070073985, 0.031282114646980823, 
0.033280958287034569, 0.070923470712756162, -0.024494608063504245, 
0.53295571042378376, 0.58735961163409656, 0.029336450283323323, 
0.006017695501402469, -0.083920637622810698, 0.012580349635984036, 
0.15019190573687244, 0.11568972636417751, 0.073811042195185833, 
0.004927601581223514, 0.11923091418555787, -0.037915619144359904, 
0.020609934653812081, 0.036087195685688959, 0.060922992844202953, 
0.064841203013533494, 0.085843454682131726, 0.072867972795476244, 
0.013321637344158133, 0.013989196960071336, 0.0010496657673914249, 
-0.03596589928038689, -0.017579768993678913, -0.0031613097462645759, 
-0.037320136586843605, 0.12336185511992169, -0.046526642098136367, 
0.0083268283758549839, -0.041237394738650249, -0.014486247442724616, 
-0.12900236492435277, -0.15356962372828159, 0.004927601581223514, 
0.005999218325627686, 0.00825247710591232, 0.03673321332694008, 
-0.025768408537925828, -0.0049655826718164658, 0.068503765401127792, 
-0.025956241188483834, 0.0057586138838107669, -0.040490506114129958, 
-0.012705257760077795, -0.042137969827191563, -0.034648623807730546, 
-0.016482323128973728, -0.030560823871590311, -0.027967258376659695, 
0.1100488384829378, -0.064997706377176681, -0.019311322172674159, 
-0.031542818238555113, -0.0080992725702176936, 0.00061592307414704396, 
0.13864525725857799, 0.16281151646289388, 0.11923091418555787, 
0.00825247710591232, 0.19212409235071257, -0.053657491935572767, 
0.076163249458394089, -0.038531584982324091, 0.029448892252186241, 
0.069361763501022522, 0.13816732379746199, 0.097887932092106, 
-0.025359725842802397, -0.028846868366759336, 0.02375835361032802, 
0.013080066979766464, 0.070547318105876416, 0.025100182990552014, 
-0.29660454559761928, -0.14169484365175861, 0.019773961009409341, 
-0.011043365414276489, -0.022890303269240884, -0.011038809886166628, 
-0.13453192210666462, -0.037044888900206817, -0.037915619144359904, 
0.036733213326940073, -0.053657491935572767, 0.040859565429373051, 
-0.027890849915301361, -0.043641798383473714, 0.044293653979460848, 
-0.0088743805861372267, -0.15255388460450686, -0.01754296331284709, 
-0.02093214509284785, -0.029716180071366189, -0.0014529046942854589, 
-0.04630047376905385, -0.012095062777525112, -0.00030805145182856289, 
0.33774901274026364, -0.1268544992585533, -0.054539293673747186, 
-0.054643517330492643, -0.041025116016977746, -0.034031261391611209, 
0.038089531293795817, -0.0095301319898875268, 0.020609934653812081, 
-0.025768408537925828, 0.076163249458394089, -0.027890849915301365, 
0.019669839161560249, 0.022667445638782657, -0.033556279172730838, 
-0.046855270790425223, -0.039036583409640072, 0.036217255016198865, 
0.0030214374314692753, 0.010833398498525444, -0.011150556921789618, 
-0.052340598242719159, -0.034801257953323776, 0.056175622161254671, 
0.43884517065971318, 0.075856171147417051, 0.043650929153887311, 
0.021062061698370115, 0.0021222833235004668, 0.005605462368352407, 
-0.026834485783335915, -0.081517872665216193, 0.036087195685688953, 
-0.0049655826718164658, -0.038531584982324091, -0.043641798383473714, 
0.022667445638782657, -0.11333790579592988, -0.10139592836968903, 
0.027247099845137891, -0.1503323102417774, -0.070645382951525532, 
-0.04820458562932501, -0.019660323364756732, 0.055748480240183695, 
-0.0054544118301214379, 0.011135343380696603, 0.022447803220646462, 
-0.036987087144615342, 0.086768549135090828, -0.0043430537110127516, 
0.01005665398931779, 0.021357204035708125, -0.059491772931661559, 
-0.047168149762510207, -0.1512419475610712, 0.060922992844202953, 
0.068503765401127792, 0.029448892252186241, 0.044293653979460848, 
-0.033556279172730838, -0.10139592836968901, 0.16977403834144358, 
0.066850277371316921, -0.037984285818573542, 0.027272205587997981, 
0.089233013756944257, 0.054673313938658319, 0.06568188113594095, 
-0.058342188328038877, -0.050629892501354759, 0.023661300379745714, 
-0.25006757724070194, -0.30305325265115513, -0.042482599015108202, 
-0.021589059073040238, 0.036399292716744483, -0.077882263875499541, 
0.053874223801433321, 0.090597766705032404, 0.064841203013533494, 
-0.025956241188483834, 0.069361763501022508, -0.0088743805861372267, 
-0.046855270790425223, 0.027247099845137891, 0.066850277371316921, 
0.24917004585021879, 0.067313921684419187, 0.13590075091033846, 
-0.043342068722354604, -0.058998339501545344, -0.021931881013369112, 
-0.026856451875734013, -0.036606669595628562, 0.033835527667124256, 
0.027940886510301955, 0.017726871725927077, -0.056590062261877745, 
-0.016916473800608428, -0.066672579455037254, -0.033289837653053274, 
0.083444289387208007, -0.016283000681195297, 0.08584345468213174, 
0.0057586138838107669, 0.13816732379746199, -0.15255388460450686, 
-0.039036583409640072, -0.1503323102417774, -0.037984285818573542, 
0.067313921684419201, 0.41327651910564017, -0.0061661247002852415, 
0.040828916166475958, 0.013329658476046582, -0.040665200050902996, 
0.079153476768972414, 0.083943167352322628, 0.0070193797776225272, 
0.63299825310005797, -0.30649831776453834, -0.023203661201052394, 
0.014735287369949444, 0.013547223642283694, -0.095390160598377891, 
0.17968196739664843, 0.024859085031302099, 0.072867972795476244, 
-0.040490506114129965, 0.097887932092106, -0.017542963312847094, 
0.036217255016198865, -0.070645382951525532, 0.027272205587997977, 
0.13590075091033849, -0.0061661247002852424, -0.058793177430740626, 
0.010017945981858191, -0.0079769305611568364, -0.029795802470068612, 
-0.041215614522701574, -0.0020405067207479657, -0.011356879175162579, 
0.047776953362042629, -0.0099043444948830814, -0.047790428905812636, 
-0.021337347887285463, -0.029012746925058661, 0.0014438922183008583, 
0.027401221894875073, 0.061075630194813199, 0.013321637344158133, 
-0.012705257760077797, -0.025359725842802393, -0.02093214509284785, 
0.0030214374314692749, -0.048204585629325003, 0.089233013756944257, 
-0.043342068722354604, 0.040828916166475965, 0.010017945981858191, 
0.0089273660971602685, 0.00299363845492702, -0.019082793947186746, 
-0.023776857092719279, -0.010697035797269334, -0.007555483443922653, 
-0.014287402415283071, 0.017453159811689593, -0.025844944447574535, 
-0.024773236495238205, -0.021424387040035277, -0.023449241875400106, 
0.063160494595247904, 0.065770260070073971, 0.013989196960071336, 
-0.042137969827191563, -0.028846868366759336, -0.029716180071366189, 
0.010833398498525444, -0.019660323364756736, 0.054673313938658326, 
-0.058998339501545344, 0.013329658476046582, -0.0079769305611568364, 
0.00299363845492702, 0.016181191364451789, -0.0082910933484550541, 
0.0011758945947884069, 0.014351820255847357, -0.013281024719883183, 
0.00016418478233146903, 0.018351778458699907, -0.0026302332005774371, 
-0.01051201343470015, 0.012040095900981138, -0.02720387093921554, 
-0.032039619382352731, 0.031282114646980823, 0.0010496657673914249, 
-0.034648623807730546, 0.02375835361032802, -0.0014529046942854591, 
-0.011150556921789618, 0.055748480240183702, 0.06568188113594095, 
-0.021931881013369112, -0.040665200050902996, -0.029795802470068612, 
-0.01908279394718675, -0.0082910933484550541, 0.0062796718141752972, 
