structure(c(0.10287215528856657, 0.058591795343402288, -0.051993941327727909, 
0.26051722512857811, 0.072529200231878158, -0.094704276609134955, 
-0.011128329692866729, -0.069146167693780722, 0.37938270202974278, 
-0.37260717747307798, 0.26725091476716811, -0.10934235144506521, 
-0.07626475320564996, -0.13956387976770865, 0.066313354625057136, 
-0.17150896317723757, -0.1340190246995808, 0.018930160828165895, 
0.82478396089946726, 0.12110318483703168, -0.10176306960815523, 
-0.11551167187070185, -0.14012439610696498, -0.066856947386925963, 
0.058591795343402288, 0.51079184950395651, -0.1152550661557217, 
0.097020541235115443, -0.19679304969253664, -0.039613026359237934, 
-0.063570890229059054, 0.0062221624394043105, 0.30764683545426913, 
0.16427255791839454, 0.20511573710005546, -0.040390481127000714, 
-0.053704213758897196, -0.018249086734179583, 0.044647207154596309, 
-0.14440580634223421, -0.078234924027386715, 0.022690561860035135, 
-0.22496644102500279, -0.53503313796103802, 0.11418553374958894, 
0.08110795920813961, -0.080938682148263705, 0.059367473372804021, 
-0.051993941327727909, -0.1152550661557217, 0.0058925937106024924, 
-0.11587834750383909, -0.05823439043717199, 0.011628698932870513, 
-0.02440632337768469, -0.054163691570890168, -0.0030089919823422387, 
-0.025064225006802381, 0.083147454429057951, -0.0081432346459817898, 
-0.026182884726811528, 0.017944594956431619, -0.036397773808590078, 
0.051402071119569515, 0.016875175771348998, 0.084724329754371053, 
-0.060300996058288155, -0.29208175863795155, -0.050630075120219671, 
0.046479030747879096, 0.0043801578933747856, 0.01330581516368997, 
0.26051722512857811, 0.097020541235115443, -0.11587834750383909, 
0.14469500716068959, -0.15916749263457172, -0.0002167942503819048, 
-0.040253198755287795, 0.010827401574813536, -0.074254902986860397, 
-0.12188302958195232, 0.052083914148250816, 0.014828243325089949, 
0.025158709419268635, 0.025779428499888249, 0.060269318685184085, 
-0.0042283717372420425, 0.003836422824357988, 0.018582226953532541, 
0.32929278913768617, -0.5016895891384926, 0.03428250754464341, 
0.0018712590459468055, 0.05083482660986878, 0.012567474150696614, 
0.072529200231878144, -0.19679304969253664, -0.05823439043717199, 
-0.15916749263457172, -0.052015794961683688, -0.07689774115454516, 
0.044385891434906108, -0.15366009206427428, -0.0015531410528289535, 
0.10015793093669438, -0.15350360658940734, 0.14034672604399415, 
0.056233680978152581, 0.045241687583804854, -0.038217514431782743, 
0.0092079292197468268, 0.0028944049789785768, 0.058143708117720329, 
0.34929739322963749, -0.17628780660081739, 0.14056500896397997, 
-0.026145353433181421, -0.12584813291805588, 0.031544100711213906, 
-0.094704276609134955, -0.039613026359237934, 0.011628698932870513, 
-0.0002167942503819048, -0.07689774115454516, -0.043862176157491328, 
-0.049844375269379682, -0.032605374579800159, -0.23538087744261388, 
-0.13685249847761224, -0.0063313849424914701, -0.019950182365516718, 
0.036208484259851147, 0.05063676695398224, 0.026184794757077724, 
0.02887316359368413, 0.025607864763476245, 0.041827539640188982, 
0.18383408580703742, -0.067176342001007777, 0.030463954607555029, 
0.022595893987976252, 0.034139628616622168, -0.060744045075149626, 
-0.011128329692866727, -0.063570890229059054, -0.02440632337768469, 
-0.040253198755287788, 0.044385891434906101, -0.049844375269379682, 
-0.14474085707780807, -0.0048449771491793888, -0.20898629798773233, 
0.017640784148127923, -0.029733747313475695, -0.13561829794779715, 
0.020276363701547014, 0.018342106247656535, 0.01476246898833145, 
0.02165106071188665, -0.03202289346780917, -0.01805811985242077, 
-0.18198289738091836, -0.075781663179610895, -0.010329049449827614, 
0.0080343547751529007, -0.11611852570530812, -0.0039922946502248553, 
-0.069146167693780708, 0.0062221624394043096, -0.054163691570890168, 
0.010827401574813536, -0.15366009206427428, -0.032605374579800159, 
-0.0048449771491793888, -0.10771962282420126, -0.017212000499894596, 
-0.046081840581025164, 0.081577456456196684, -0.029006591240530174, 
-0.0080749623965474995, 0.0038002589342664823, -0.02232178561186824, 
0.020894815937290968, 0.026305911007029687, -0.02636005096968027, 
-0.98482223657482604, 0.0091323945718343267, 0.038412256252562262, 
0.017143132752663569, -0.013194850062906627, 0.03989885556132669, 
0.37938270202974278, 0.30764683545426913, -0.0030089919823422387, 
-0.074254902986860397, -0.0015531410528289537, -0.23538087744261388, 
-0.20898629798773233, -0.017212000499894596, 0.26182380811445416, 
0.015126452577821869, -0.19954861061126092, -0.07702738871655683, 
-0.046471942704053644, -0.04518641992887204, 0.094352647787969798, 
-0.17637936443653704, -0.10793647101616728, 0.037421765537571983, 
0.24429121171342399, -0.56456899921606862, 0.0098599531384243912, 
-0.0033451953889389869, -0.23670110395584384, -0.077909341394026804, 
-0.37260717747307798, 0.16427255791839454, -0.025064225006802381, 
-0.12188302958195232, 0.10015793093669437, -0.13685249847761224, 
0.017640784148127926, -0.046081840581025164, 0.015126452577821871, 
-0.0010684495112402103, -0.078789643799033096, 0.086125067341425832, 
0.016350872844541522, 0.016980948765987873, -0.017563416561832405, 
-0.019026719863196453, -0.086561158120907686, 0.044706298054899486, 
-0.26248785955585974, 0.31518952742753997, -0.10365470317860496, 
-0.012101765166052414, -0.12143870358130879, -0.0052911765520294324, 
0.26725091476716811, 0.20511573710005543, 0.083147454429057938, 
0.052083914148250823, -0.15350360658940732, -0.0063313849424914701, 
-0.029733747313475691, 0.08157745645619667, -0.19954861061126095, 
-0.078789643799033082, 0.14359169518769277, -0.11836027968771519, 
-0.043819645181061836, -0.08942375762847489, -0.04431053334002031, 
-0.11087334982902039, 0.02045734058082934, 0.071529962304921299, 
-0.20470117301038632, 0.36916702911666277, -0.078120927946567387, 
-0.16587147347618136, -0.049134394165937269, -0.11870305372521878, 
-0.1093423514450652, -0.040390481127000714, -0.0081432346459817898, 
0.014828243325089949, 0.14034672604399415, -0.019950182365516718, 
-0.13561829794779712, -0.02900659124053017, -0.07702738871655683, 
0.086125067341425832, -0.11836027968771519, -0.018708283508255791, 
-0.012895637903803436, -0.035032313879698893, 0.067322655004302401, 
-0.033303401219169963, -0.069692646526984356, 0.057625207769397988, 
-0.40853348023764852, 0.22079839705190926, -0.11506835397256956, 
-0.0077472941300587858, -0.068820375745220569, -0.047008311012298659, 
-0.07626475320564996, -0.05370421375889721, -0.026182884726811531, 
0.025158709419268638, 0.056233680978152581, 0.036208484259851147, 
0.020276363701547014, -0.0080749623965474995, -0.046471942704053637, 
0.016350872844541522, -0.043819645181061836, -0.012895637903803436, 
0.0098415333440915291, 0.0092207908063968395, -0.024342925644586035, 
-0.013126118333121418, -0.040179249910900598, 0.011640073155151044, 
-0.23946815230188748, -0.076335011815439044, -0.014160996852336807, 
-0.006257885960629395, -0.0085612032712987559, -0.027425040630034127, 
-0.13956387976770865, -0.018249086734179583, 0.017944594956431619, 
0.025779428499888249, 0.045241687583804854, 0.050636766953982247, 
0.018342106247656531, 0.0038002589342664827, -0.045186419928872047, 
0.016980948765987873, -0.089423757628474904, -0.035032313879698893, 
0.0092207908063968377, 0.0044677170977455664, -0.041436375647801067, 
-0.0014237402209030556, -0.055301898245974632, 0.0044795412563129206, 
-0.039548465014490074, -0.027466992456653624, -0.04099662288949301, 
-0.027576979933333665, -0.060691191125582453, -0.022865816613837193, 
0.066313354625057136, 0.044647207154596309, -0.036397773808590078, 
0.060269318685184085, -0.038217514431782749, 0.026184794757077721, 
0.01476246898833145, -0.02232178561186824, 0.094352647787969798, 
-0.017563416561832405, -0.04431053334002031, 0.067322655004302401, 
-0.024342925644586032, -0.04143637564780106, -0.0064787692430542422, 
