structure(c(-0.05757352677491636, -0.10720740751655715, 0.050628060276327561, 
-0.0030922231634197498, 0.0026101950414386429, 0.040127944705257261, 
0.00050487001546775559, 0.053751017737311856, 0.066273463264614446, 
-0.082621126694818872, -0.12046978886041142, -0.00017598147714350642, 
0.051048529880806451, 0.020873856007776141, 0.0033978020121609416, 
-0.03374964297367837, 0.011591530704116164, -0.038028265553249417, 
-0.28614086983344883, 0.029738291387381214, -0.011634215519614233, 
-0.010147294210178555, -0.0075988910555985006, -0.038997416329057864, 
-0.10720740751655716, 0.049706554014658358, 0.037513952728780275, 
-0.044946679250418418, 0.027663884407328566, -0.02740512857547724, 
-0.0006233006967492538, 0.055158875512519537, 0.03722866291992747, 
-0.079481335127604108, -0.039691375787902813, -0.048842545605803499, 
0.030993373560888122, 0.027400846984713928, 0.0083418058037693886, 
0.01252616319240356, -0.03324397689479814, 0.023110611257400555, 
0.015088921405901306, 0.022940962614353293, -0.019448390919941244, 
-0.0015448335221628, 0.040050981366078819, -0.024435023459821556, 
0.050628060276327561, 0.037513952728780275, 0.010499079239336954, 
0.036927838545427485, -0.022911071972524635, 0.0049706866784740011, 
0.0098845446879162573, 0.0076913431724793518, 0.042563209262897576, 
0.032711600637894002, -0.03460809648999897, 0.018448599287114693, 
-0.0026213652494861931, -0.0076710710576568721, -0.0020279324731093938, 
-0.0025035549575072435, -0.01751737604488128, 0.0049088976734599481, 
0.12331358157147836, -0.016883034310248551, -0.0095637334339510518, 
-0.012817303755228675, -0.018407986736248928, 0.011942797518877255, 
-0.0030922231634197498, -0.044946679250418418, 0.036927838545427485, 
-0.039573129025319294, 0.012618070879104994, 0.00049997504087468834, 
-0.012224867775320558, -0.015096710465237787, -0.012652806784105955, 
-0.0053715673326043909, 0.0033256234069679175, 0.0084462250331377407, 
0.0046289812515358606, 0.0091112469172021648, 0.021907640960967336, 
0.0048262688118848682, 8.6890015902981504e-05, -0.00084069572246655785, 
-0.066602934295448571, 0.16355209297883427, 0.0010977010630048676, 
0.0047825039272384644, 0.0017514936786770347, -0.006084789154101742, 
0.0026101950414386429, 0.027663884407328566, -0.022911071972524635, 
0.012618070879104994, 0.0050310593366247264, 0.0013072436425959745, 
0.027755558834938517, -0.010218519031171538, -0.013639674909432839, 
0.025529296686208909, -0.072425854965074199, 0.0027667016957806942, 
-0.01068372809852014, -0.0047561308171839931, -0.0031861814578171147, 
0.0011699187591467874, -0.0017474856375367059, 0.0087509646278996663, 
0.12147500884854574, 0.024664926301218339, 0.014365382146417496, 
0.0070293961633857913, -0.0018196142336574074, 0.00054413342981079668, 
0.040127944705257261, -0.02740512857547724, 0.0049706866784740011, 
0.00049997504087468845, 0.0013072436425959745, 0.01851926812084366, 
-0.0015942738667792276, -0.00046070658837551033, 0.021008249258696578, 
0.01630050173658917, 0.077870676403992478, -0.0052232883037359708, 
0.0027009614564604285, 0.011861790766803488, 0.0081966034833150687, 
0.010369931996106654, -0.00032466202245512888, 0.00024549657983076868, 
-0.012269706399879211, -0.055861608278670712, 0.015747472679095046, 
0.007566910667410923, 0.010006534388042554, 0.012224352631991217, 
0.00050487001546775559, -0.0006233006967492538, 0.009884544687916259, 
-0.012224867775320558, 0.027755558834938514, -0.0015942738667792276, 
0.019405903157753011, -0.00106902290777306, 0.0066602257439408695, 
0.015285716083496867, 0.0072144964779279914, 0.032951835548262733, 
0.0012761834741460119, -0.0054007406469361334, 0.010046354629693475, 
-0.0013221034631760555, 0.013674674111559679, -0.0050747668738371594, 
0.022498689271213214, 0.10454179158165894, -0.017345354764694565, 
0.0048543793021301679, 0.004058130652398453, 0.001845624752422849, 
0.053751017737311849, 0.055158875512519537, 0.0076913431724793526, 
-0.015096710465237787, -0.01021851903117154, -0.00046070658837551039, 
-0.00106902290777306, 0.00022336044402258021, -0.0034896674474635264, 
0.024809321137231836, 0.024188463951916768, -0.012041611868413007, 
-0.00097861392473259858, -0.0070731058945542324, -0.0078456903072462187, 
-0.0034168345417799513, -0.027454328353543701, 0.0012959356181518737, 
0.020635623947721959, 0.061367395418638504, -0.010796038839382216, 
0.015022071810470907, 0.0040493874999738572, -0.0017051398636763568, 
0.066273463264614446, 0.037228662919927477, 0.042563209262897576, 
-0.012652806784105955, -0.013639674909432839, 0.021008249258696574, 
0.0066602257439408695, -0.0034896674474635264, 0.17538529966293392, 
0.012897696194486118, -5.7556510031808877e-05, -0.021957405495897829, 
0.026468242412006546, 0.024472704263218355, -0.014559040994937014, 
-0.011743427948700057, -0.010149433426437713, 0.013620546942265976, 
0.034607852994309518, 0.2002173692482134, -0.013532293202135538, 
0.029571581380806431, 0.0038382074972637837, -0.014503065784594846, 
-0.082621126694818858, -0.079481335127604108, 0.032711600637894002, 
-0.00537156733260439, 0.025529296686208909, 0.01630050173658917, 
0.015285716083496867, 0.024809321137231832, 0.01289769619448612, 
-0.00083510150198118425, -0.015019006128496923, -0.018312075605307152, 
-0.014086376600180337, -0.01380167701977816, -0.0020500448930405031, 
-0.0094190780037319982, -0.022987646877959334, -0.010143767809032507, 
-0.13228514716183193, 0.17744040530781205, 0.0089609017294325875, 
-0.0022229473504824832, -0.0013509660190498224, 0.0030790674050014157, 
-0.1204697888604114, -0.039691375787902813, -0.03460809648999897, 
0.0033256234069679175, -0.072425854965074199, 0.077870676403992492, 
0.0072144964779279914, 0.024188463951916768, -5.7556510031808877e-05, 
-0.015019006128496921, -0.052472130915824373, -0.0073304921610890649, 
0.036503738964416298, 0.05793554548130736, 0.00013245388594921589, 
0.003408406257205922, 0.0094307312346974953, -0.0015054779869337193, 
0.069179320250668322, 0.11708886426566177, 0.034274504746920495, 
0.042594865167181237, 0.04024075025893753, -0.0027981484073833413, 
-0.00017598147714350645, -0.048842545605803499, 0.018448599287114693, 
0.0084462250331377407, 0.0027667016957806947, -0.0052232883037359708, 
0.032951835548262733, -0.012041611868413007, -0.021957405495897829, 
-0.018312075605307152, -0.0073304921610890649, 0.01350792498728858, 
-0.00098231658067969032, -0.0058114152169783809, -0.004214588012708991, 
-0.012493047128218712, 0.0024658628689606483, -0.0079493088259213109, 
-0.030596199057631963, 0.10538530239204326, -0.034006205843571079, 
-0.005487238588112767, -0.0075331524533646119, -0.0073274219773857381, 
0.051048529880806458, 0.030993373560888122, -0.0026213652494861931, 
0.0046289812515358606, -0.010683728098520138, 0.0027009614564604285, 
0.0012761834741460119, -0.00097861392473259858, 0.026468242412006543, 
-0.014086376600180337, 0.036503738964416291, -0.00098231658067969032, 
-0.004937017933867343, -0.00074032960019649262, 0.0013342799624158107, 
0.002559232273040279, 0.0082415416951742565, 0.00070640526028082707, 
-0.061105381521922242, 0.046946201827479897, 0.0018235532075773649, 
0.0051212781160126534, 0.0039207440915057642, 0.0036355909948345803, 
0.020873856007776137, 0.027400846984713931, -0.0076710710576568721, 
0.0091112469172021648, -0.0047561308171839923, 0.011861790766803488, 
-0.0054007406469361342, -0.0070731058945542324, 0.024472704263218351, 
-0.013801677019778162, 0.05793554548130736, -0.0058114152169783809, 
-0.00074032960019649262, -0.0024124214211588804, 0.0030718014488937987, 
0.0068792141390515513, 0.011831352185068389, -0.0029122354841947208, 
-0.1134465293296763, 0.014020698024190809, 0.0016306975354978058, 
0.0027060852892341054, -0.00070592961868336625, 0.0034027600405682626, 
0.0033978020121609416, 0.0083418058037693886, -0.0020279324731093938, 
0.021907640960967336, -0.0031861814578171147, 0.0081966034833150705, 
0.010046354629693475, -0.0078456903072462187, -0.014559040994937014, 
