structure(c(0.13936036881452019, 0.10794700693551813, 0.005804621334157445, 
-0.025949462403578562, 0.00097999930030048918, -0.050553621065514628, 
-0.0050448560512713105, -0.039853185818859896, 0.090765757910968844, 
0.06115240419355733, 8.0003231307268776e-05, 0.0021009098013778779, 
-0.032207119272636059, -0.0020709125263467022, 0.0065555896885100481, 
0.038496969265040176, 0.033896736234146921, 0.018956953089550754, 
0.093411959682458107, 0.091623581376539059, 0.049686360947387563, 
-0.013138787960104393, 0.020521445693827016, 0.04745337981967683, 
0.10794700693551813, -0.035738941847125345, 0.041341599467484912, 
0.013128439965463113, -0.035994520058200204, -0.0063980013251407246, 
-0.036726737710499877, -0.022690459154628431, 0.00061318340515354147, 
-0.007768289145616415, 0.022834229852074367, -0.023029832678323342, 
-0.021244060030434764, -0.0029219417770920166, -0.00095192596581606379, 
0.024541892060099046, 0.00588474144182226, -0.022306676539786366, 
-0.1212051613979203, 0.049907517219460761, 0.026838443296517731, 
0.010251849289641624, 0.021331816690520894, 0.0096779306125788275, 
0.0058046213341574459, 0.041341599467484912, -0.0044793874528309069, 
-0.019320528743628912, -0.0093295652768450588, 0.01297742589606697, 
-0.0096657262334982879, 0.0084113044305293046, 0.037009112737434409, 
-0.017915864961696157, 0.046784827399791097, 0.011305307988201254, 
0.0025689718426497544, 0.0084732096085502109, 0.0048126412036411373, 
0.001930201383012182, 0.021128914106200086, -0.0095186739025146239, 
0.04958297435856017, 0.047776603281518192, 0.017513187085066561, 
-0.005629546869807993, 0.019600452594133302, -0.002212859403692521, 
-0.025949462403578562, 0.013128439965463111, -0.019320528743628912, 
0.020150675203695081, -0.015714983747038416, -0.015591723115551813, 
-0.0019760235618710162, -0.0052803819600245197, 0.00026354188877346493, 
0.010010976630781951, 0.02592732637858778, -0.026282156901883128, 
-0.011359600652976393, -0.012112299597881416, -0.01409555894016821, 
0.0062879688853794309, 0.00301635155541792, 0.0026084476445860697, 
-0.12607092184282942, 0.038275723408226263, 0.0047010834617884321, 
0.017616531544683938, -0.013061116439908104, -0.00025514140060691094, 
0.0009799993003004894, -0.035994520058200197, -0.009329565276845057, 
-0.015714983747038416, 0.020170016051120513, 0.0029459253143679712, 
-0.014715456161063971, 0.0038959337406269242, 0.056687691052112237, 
-0.020593566947666328, 0.045312079127631799, 0.0039058621507737363, 
-0.00037303884838504344, 0.0026363186098168905, 0.0062091705491397475, 
0.0072148006444427018, 0.018059435204415806, 0.0075269704456905132, 
0.069848197051876212, -0.015142724201872473, -0.010320967033321159, 
-0.01347030154175527, -0.0029861230189056698, 0.013572184426018428, 
-0.050553621065514628, -0.0063980013251407246, 0.01297742589606697, 
-0.015591723115551813, 0.0029459253143679712, -0.019617504499727208, 
0.0031137855585450509, -0.003185331704338787, -0.030363280283008186, 
-0.034858255196502694, -0.028406587046078405, 0.0074795638314275907, 
-0.0093687299538953144, -0.012660398899224122, 0.0011074168218147514, 
-5.2531014022115426e-06, -0.017650282074361045, -0.016334478813446331, 
-0.10543207772246718, -0.059147375381538185, -0.038363347580830702, 
-0.0058079795473450118, -0.040674288279871615, -0.0047137476758448418, 
-0.0050448560512713113, -0.036726737710499877, -0.0096657262334982896, 
-0.0019760235618710167, -0.014715456161063971, 0.0031137855585450509, 
-0.019107386933578503, 0.0054725450756917572, -0.014021085234867196, 
0.010263717367890229, -0.039688795218051777, -0.019612034819294553, 
0.0046783104633497125, 0.010370653642252812, -0.007422707842691785, 
-0.010996681834696704, 0.0020280886156001164, 0.014038396362870244, 
-0.023071576022771052, -0.034466635426636409, 0.0070533469535302533, 
-0.0082043811401269762, -0.0067095839757607819, 0.0070274977785036328, 
-0.039853185818859896, -0.022690459154628431, 0.0084113044305293028, 
-0.0052803819600245189, 0.0038959337406269247, -0.003185331704338787, 
0.0054725450756917572, -0.037257488616758636, -0.0014873538323512592, 
-0.0061493606516080726, -0.02041405834417542, -0.0074683363914953308, 
-0.00041483090456544299, 0.0024316750165084651, 0.010627361252901885, 
0.004919891844227072, 0.013455391246673132, -0.010376239524771383, 
0.035169823380724788, -0.051685699352926731, 0.0074011166002889584, 
0.00047513487473084363, 0.008997875986777289, -0.0051994221629660213, 
0.090765757910968844, 0.00061318340515354147, 0.037009112737434409, 
0.00026354188877346488, 0.056687691052112237, -0.030363280283008186, 
-0.014021085234867196, -0.0014873538323512592, -0.051167807812185266, 
0.031197095464883372, 0.029525138373049712, 0.0014617828283158478, 
-0.022328175916622395, 0.0082803191442715977, 0.024952236929222143, 
0.017692890149211906, 0.024267860040978719, 0.011028847475618088, 
-0.38647063453263963, -0.10725395473123284, 0.045111160502299699, 
0.00051330202253880089, 0.0019390559081472194, 0.053431434042869964, 
0.061152404193557323, -0.007768289145616415, -0.017915864961696153, 
0.010010976630781951, -0.020593566947666331, -0.034858255196502694, 
0.010263717367890229, -0.0061493606516080726, 0.031197095464883372, 
-0.021859759794713968, 0.024878567716456072, 0.0029563840872291491, 
-0.018824924559571975, -0.011028709948507465, 0.0069430832562196844, 
0.0097285664499281079, 0.024744232274037624, 0.012784557954661154, 
-0.20238829041678838, 0.018112996610685571, -0.0011667303830047268, 
0.0052940623045122336, -0.0023760019947360162, 0.0068033090353639301, 
8.0003231307268762e-05, 0.022834229852074363, 0.046784827399791097, 
0.02592732637858778, 0.045312079127631799, -0.028406587046078405, 
-0.039688795218051777, -0.020414058344175423, 0.029525138373049709, 
0.024878567716456072, -0.0040467909756610725, -0.017396287658607075, 
-0.019454300020435356, -0.0053475996164803153, 0.014425438596809847, 
0.0060433728838683821, 0.027742635058910475, 0.028864959008019182, 
-0.075289998823080448, -0.073877531878096661, -0.0056185200138400412, 
0.01305543988356383, -0.0083622571857146569, 0.024217273784846907, 
0.0021009098013778779, -0.023029832678323345, 0.011305307988201254, 
-0.026282156901883128, 0.0039058621507737368, 0.0074795638314275907, 
-0.019612034819294553, -0.0074683363914953308, 0.0014617828283158476, 
0.0029563840872291491, -0.017396287658607075, -0.020019176655872103, 
0.016849662915547396, 0.00024679917212220534, 0.0036417365760746316, 
-0.012735554463101442, -0.0063335831604447055, 0.00027770460306773983, 
-0.066965168432798261, 0.027967678606906486, 0.0048939437625599011, 
-0.0049920787246883367, -0.0034762374552514252, 0.0010278271376995382, 
-0.032207119272636059, -0.021244060030434768, 0.0025689718426497544, 
-0.011359600652976393, -0.00037303884838504344, -0.0093687299538953162, 
0.0046783104633497125, -0.00041483090456544299, -0.022328175916622398, 
-0.018824924559571975, -0.019454300020435356, 0.016849662915547396, 
0.0093102428114091619, 0.0039930159355062991, -0.0039693446169336011, 
9.6950571834443145e-05, -0.0018261251369163416, -0.0046432092642793967, 
0.0095922362632821969, -0.0028358849159557482, 0.0023995433398139622, 
0.0060014459814558283, -0.0052612226223130677, -0.010373883205883181, 
-0.0020709125263467022, -0.002921941777092017, 0.0084732096085502091, 
-0.012112299597881416, 0.0026363186098168905, -0.01266039889922412, 
0.010370653642252812, 0.0024316750165084651, 0.0082803191442715977, 
-0.011028709948507463, -0.0053475996164803153, 0.00024679917212220534, 
0.0039930159355062991, 0.0022290178235259087, -0.0034001964871656679, 
-0.0019300739744721662, -0.0045363051659383967, -0.0012267458620087669, 
-0.0075798889722986929, -0.0018338234950990963, -5.55539158466559e-05, 
0.0045825484595213477, -0.0064817851197497825, -0.0046244962074858849, 
0.0065555896885100481, -0.00095192596581606379, 0.0048126412036411373, 
-0.014095558940168212, 0.0062091705491397475, 0.0011074168218147514, 
