structure(c(-0.08311052317541838, -0.039199838928208476, -0.037885637349837971, 
0.0065459949235242548, 0.012811912365164437, 0.005642691259595118, 
-0.013102280150428922, -0.02276770793865477, 0.0068017777761457876, 
0.025130776083716114, 0.034510674364604539, 0.025502903936993948, 
-0.0095658862350616828, -0.018956077556463721, -0.0069985551707058054, 
-0.0052986359735643692, -0.0028749064130174809, -0.020644945536945233, 
0.036392129342610796, -0.1220511279736685, 0.0085036017962697545, 
0.0054188596442421473, -0.019183583780986817, -0.0083423557020364126, 
-0.039199838928208476, 0.0015546193361825713, -0.01645431988816454, 
0.0097518325225605593, 0.014857943368996958, -0.0062304514198938971, 
-0.0067816626749311196, -0.0031385021944245434, 0.003626603065544316, 
0.013686182972326483, 0.016250130949946179, -0.012583823059360877, 
0.0020212803613194087, 0.0060227996023535287, -0.0095990860532071641, 
-0.0081777063758363411, -0.00564831861972579, -0.0051549200000818359, 
0.021972045217044198, 0.033376667319373367, -0.0035901298807193577, 
0.0011770626862631865, 0.0064736826489550925, -0.00791163715725836, 
-0.037885637349837971, -0.01645431988816454, 0.011645894759916266, 
-0.0040627270136999001, -0.0062638526815558945, 0.0033285723636967764, 
0.0094541678143614007, 0.008055965594220697, 0.020755771320127965, 
0.010375412169253998, 0.0066889296759727393, 0.0030170288418153775, 
0.0027637195847311125, 0.00376846128754836, -0.0026137149748756577, 
-0.0026809961757260641, 0.010293797771991664, 0.010624371551232074, 
-0.048175768878642812, 0.05787819851273493, 0.0084548455005599606, 
0.0022845590801398126, 0.0052909557406660389, -0.00024866301872331965, 
0.0065459949235242548, 0.0097518325225605593, -0.0040627270136998992, 
-0.013017026077469632, 0.0023360390480264893, -0.012376094948021492, 
0.0026247967877121581, -0.0044747884686476809, -0.0046122276822162765, 
-0.0075186461845302656, -0.0034042742658515917, -0.0067158945485184052, 
-0.0034843983718377226, -0.0052664449889106351, -0.00059654268758611287, 
0.0035115698855650345, -0.0080166330150791953, -0.0067932807632889447, 
0.025471176766966492, -0.028206879908426897, -0.0062896263864762316, 
-0.0048082769924876097, -0.0034379236447836105, 0.003403368226958452, 
0.012811912365164437, 0.01485794336899696, -0.0062638526815558945, 
0.0023360390480264893, 0.003265339173695279, 0.0050922201393182485, 
0.00078463616842063368, -0.0097240634360850897, 0.025491238714469715, 
0.0050647240157649523, -0.0048553923501602177, -0.0059918551075806778, 
0.0033904185469245643, 0.0019493172580546175, -0.0068971195356315861, 
-0.0073489738461986675, 0.0010191580311427004, 0.0186300112522578, 
-0.033517112817680057, 0.029117898218175186, 0.0025362926937702581, 
0.0031637945161628075, -0.0088414638131086905, 0.0043207189842426538, 
0.0056426912595951171, -0.006230451419893898, 0.0033285723636967764, 
-0.012376094948021492, 0.0050922201393182476, 0.0057924116064880576, 
0.0065845327428826067, -0.00054982044697035918, 0.015235498503807846, 
0.0020717467329268535, 0.01121516901166454, -0.0024038757540654691, 
-0.0013677376011215767, -0.00011678338201683507, 0.0043972875746778831, 
0.0028860830784858799, 0.0086868641172849325, -0.012979932909084474, 
0.011200126940266645, -0.013997609848307798, 0.0084982746758059842, 
0.0022914870068744039, 0.0027380949088192576, 0.0019270161534619072, 
-0.01310228015042892, -0.0067816626749311196, 0.0094541678143614024, 
0.0026247967877121585, 0.00078463616842063368, 0.0065845327428826076, 
0.0034489695606926625, -0.0070710787939664939, -0.006538806629540447, 
0.00072177048152795179, 0.0067695014990911441, 0.0051442178700661194, 
0.0037518566382993479, 0.00027041059400163359, -0.0055426507746225333, 
0.0014450072904182941, -0.0053201732373931963, 0.0018630652062474457, 
-0.013907414051141251, 0.045012597387498521, -0.0046581733298843003, 
-0.00013058006157392384, -0.006474712495798657, 0.0053101739544624211, 
-0.022767707938654774, -0.0031385021944245434, 0.008055965594220697, 
-0.0044747884686476801, -0.009724063436085088, -0.00054982044697035918, 
-0.007071078793966493, -0.00094669398481654111, 0.016912766122853796, 
-0.00079892421701902993, -0.010836016422984724, -0.0028690204690089323, 
0.0039347748629817939, 0.0073674072296455078, 0.0034612604838067554, 
0.0010106608203171153, -0.00023538796837381255, 0.004797836856777038, 
-0.069586698293466254, 0.063423786715644706, 0.0041422109603859794, 
0.0033627587796724152, -0.0034724886951336127, 0.00052162923342642426, 
0.0068017777761457876, 0.0036266030655443164, 0.020755771320127962, 
-0.0046122276822162765, 0.025491238714469715, 0.015235498503807846, 
-0.006538806629540447, 0.016912766122853796, 0.021469861024714182, 
0.02287579650856179, 0.0295077628874954, -0.0010235706432286257, 
-0.0053223062577221524, -0.00094267779649666555, 0.0072275622733327946, 
-0.0048870000837266097, 0.00032823198122170296, -0.0012605746774007403, 
0.0095159734923530529, 0.0046190930062460483, -0.0023020928669181965, 
-0.010608606231701389, 0.013212402481731793, -0.014732729853851106, 
0.025130776083716114, 0.013686182972326483, 0.010375412169254, 
-0.0075186461845302656, 0.0050647240157649523, 0.0020717467329268535, 
0.00072177048152795179, -0.00079892421701902993, 0.02287579650856179, 
-0.015923061522667151, -0.036450440826484985, 0.0061148761079584278, 
-0.0017514502622923561, -0.0021270673562072888, -0.0014182025920732762, 
-0.0039761339405819506, -0.007144342813991871, 0.0092990881817192773, 
-0.016799197193995065, -0.04064973126351188, 0.00409168066640143, 
0.00065434502669300541, 0.0077713442372511782, 0.0038578040163440934, 
0.034510674364604539, 0.016250130949946179, 0.0066889296759727384, 
-0.0034042742658515921, -0.0048553923501602177, 0.011215169011664541, 
0.0067695014990911441, -0.010836016422984724, 0.0295077628874954, 
-0.036450440826484992, 0.014043908831225006, -0.010895563140241499, 
0.012059281240468719, 0.014943267003523331, 0.010181020866877298, 
-0.011617573019233695, 0.0042268092018352384, 0.016575325552802778, 
0.052785320851332453, -0.0085678313291472838, 0.0018300163586609775, 
-0.0022005024247996026, -0.0061034570706309833, 0.0053460385347164048, 
0.025502903936993948, -0.012583823059360875, 0.0030170288418153775, 
-0.0067158945485184043, -0.0059918551075806778, -0.0024038757540654695, 
0.0051442178700661194, -0.0028690204690089323, -0.0010235706432286257, 
0.0061148761079584269, -0.010895563140241501, 0.014498186363227725, 
0.0026422345004686, -0.0014575123416840515, -0.0042821166814925437, 
-0.0018674231263741464, 0.0029108234700865026, 0.0030922347490415503, 
-0.028826160342715939, 0.019885563981172322, 0.0050518528590179773, 
0.00024055297409146772, -0.0022026324641280823, 0.00019069725289559128, 
-0.0095658862350616828, 0.0020212803613194083, 0.0027637195847311125, 
-0.003484398371837723, 0.0033904185469245643, -0.0013677376011215767, 
0.0037518566382993474, 0.0039347748629817939, -0.0053223062577221524, 
-0.0017514502622923561, 0.012059281240468719, 0.0026422345004686004, 
0.0011495265122075712, 0.00065350803760582472, -0.00088734862977934102, 
0.0011831402085950118, -0.0012259059907471035, 0.0018065140270040882, 
0.0088349692864955372, -0.025310660894349458, 0.0042340296792605751, 
0.0013130467961127259, -0.00030758609489224547, 0.0033170902554217814, 
-0.018956077556463721, 0.0060227996023535287, 0.0037684612875483595, 
-0.0052664449889106351, 0.0019493172580546175, -0.00011678338201683507, 
0.00027041059400163353, 0.0073674072296455078, -0.00094267779649666555, 
-0.0021270673562072888, 0.014943267003523332, -0.0014575123416840515, 
0.00065350803760582472, -0.00078193810331330489, 0.0012606628416203588, 
0.00075440880814896987, -0.0020059645313833989, 0.0036922273744819565, 
0.008412688359868024, -0.023560780988456782, 0.0018749430499895474, 
-0.00065051735113395175, -0.00038952194810907041, 0.0027864426975810317, 
-0.0069985551707058063, -0.0095990860532071641, -0.0026137149748756577, 
