structure(c(0.031668351059373469, -0.017606056609199935, -0.042307970816629167, 
0.010250302749442025, 0.017755167480807719, 0.0036078420355537591, 
-0.019769700670961, -0.0033035169436030393, -0.0021729379489547726, 
-0.020683856980341395, -0.037200964051585794, -0.032153715028328735, 
0.013844153660198951, 0.0067222789953197823, 0.013657057315286226, 
-0.021265813401716616, 0.0072036166988449892, 0.0039816035000789958, 
-0.17220683838404077, 0.0028585888891150104, -0.0044853844148011546, 
0.010122543927365991, 0.0036949590027449478, 0.011920208550682503, 
-0.017606056609199939, -0.020884871270627704, -0.016812280888899047, 
0.015267878852556819, -0.022092777478454995, 0.018236546228259567, 
-0.022081088730590743, 0.0021889313030993745, -0.013466776270862712, 
-0.037228388822104476, -0.08277760075934712, 0.01937089528352734, 
0.013198497573851931, 0.0038622062585241665, -0.019238105534771673, 
-0.0011471910900223065, -0.02235168325292379, -0.0086983138158712552, 
-0.12263238322678706, -0.0012947106598482682, -0.012729089722216556, 
-0.010863285075023373, -0.010737390913657019, 0.0099172834380625314, 
-0.042307970816629167, -0.016812280888899044, -0.0016764148713070686, 
-0.003912880085282718, 0.0038345605579052843, -0.0026444879861722572, 
0.010280373429393074, -0.013140157369863304, 0.0043877648604341802, 
-0.0019719105034131882, -0.0057073512492011608, 0.003945910814360667, 
-0.0028983237661488726, -0.0029076422207155437, -0.011638372202667129, 
0.0032910055245892549, -0.004736343265413028, -0.00095322986086104943, 
0.003111319754244449, -0.031685108448150139, 0.0023980488425126511, 
-0.010959113675425099, 0.0054970177217801026, 0.010244243752123312, 
0.010250302749442023, 0.015267878852556819, -0.003912880085282718, 
0.01523485526905159, 0.0015722477564216191, 0.0063793677704863461, 
-0.011517335209451985, -0.0084206433458857265, -0.051067551329041581, 
-0.0069796381598239759, 0.038408540360237046, 0.0031497889324443636, 
0.0035315100380649989, 0.0021887007725812039, -0.0062386428048594022, 
-0.0037477081173024939, -0.0028569802737165671, 0.0032440866664591329, 
-0.10085940599593531, 0.0058968875357568451, -0.0062673369262887732, 
0.0096706252103390608, 0.0035983565685662705, -0.004068768572032087, 
0.017755167480807722, -0.022092777478454999, 0.0038345605579052848, 
0.0015722477564216191, 0.0015246287513713173, 0.0021799805245509211, 
0.0086270068671773989, -0.0003354993359012768, -0.0064652913145414742, 
-0.011456668154667126, -0.014560812638519556, -0.011536594851399734, 
-0.008272015724637264, 0.0017195259115627087, -0.011783205465603394, 
0.0018897503543806257, -0.004115127241528618, -0.0063611978706199744, 
-0.019231528098674157, 0.010282818604953304, 0.007940318252682349, 
-0.0063177837695612441, 0.0057217643691933346, 0.011434771856500284, 
0.0036078420355537591, 0.018236546228259563, -0.0026444879861722576, 
0.0063793677704863452, 0.0021799805245509211, 0.0060795824001330431, 
-0.0018134866292357143, -0.011799123372720825, -0.022296726624603812, 
-0.0012115136753283744, 0.0037800637194045452, 0.0063162920017359476, 
0.0057936301891860506, 0.0022553550606921229, 0.012026042413840334, 
-0.0054638724095159071, 0.0014943192356482006, 0.010542812434059367, 
-0.019819492805598599, 0.021039360936053464, 0.0075568758705226863, 
0.019944334212473408, 0.0046668252292541108, 0.00016997923153420376, 
-0.019769700670961, -0.022081088730590746, 0.010280373429393074, 
-0.011517335209451985, 0.0086270068671773989, -0.0018134866292357145, 
0.004656211014850635, 0.0021449150114423682, -0.016733811491610368, 
-0.0062430201099564105, 0.0087709802095635604, 0.01361348094961585, 
-0.00045157206967318765, 0.00056950021214486007, 0.0047756284994334569, 
-0.005887960544602602, -0.011039285423080931, 0.0012451987867787137, 
0.036133358887073912, 0.004827591852660163, -0.0014041203689226416, 
0.0010256038560773257, 0.0060298445260572944, -0.0045743537188010731, 
-0.0033035169436030393, 0.0021889313030993745, -0.013140157369863303, 
-0.0084206433458857265, -0.0003354993359012768, -0.011799123372720825, 
0.0021449150114423682, -0.0025421631378066026, 0.0075388366810692827, 
-0.0033183897409586704, 0.023233468637598113, -0.0081105334666763933, 
0.0014507240557446114, -5.1115508581046988e-05, 0.0033081810176641907, 
-0.014711777924548674, 0.0013473711858583567, -0.0087554006703973088, 
-0.0097235444190030794, -0.0019812509178598753, -0.0034917766328333962, 
-0.00044056999337585838, 4.5240719760544785e-05, 0.0077765727048262206, 
-0.0021729379489547722, -0.013466776270862712, 0.0043877648604341794, 
-0.051067551329041574, -0.0064652913145414751, -0.022296726624603812, 
-0.016733811491610368, 0.0075388366810692818, -0.098097262379280986, 
-0.046991982572175801, -0.081854368156390786, -0.03909511184357975, 
0.0044487802988836742, 0.0026003625552140836, 0.0017460633846055863, 
-0.014066708823709971, 0.016166254599430271, -0.029016832639321179, 
-0.028436258876730895, -0.033817970038055874, -0.0094751378837289631, 
-0.0070011430977990861, 0.0090355352657383835, 0.0093441343564175799, 
-0.020683856980341395, -0.037228388822104476, -0.0019719105034131882, 
-0.006979638159823975, -0.011456668154667128, -0.0012115136753283744, 
-0.0062430201099564113, -0.0033183897409586704, -0.046991982572175801, 
0.0067440320859984996, 0.0077695336608391121, -0.014505135161653943, 
0.0006698274242941312, -0.0060922830562705971, -0.0011058552696419459, 
0.0023576757527955963, -0.0024501887802717394, -0.007260504647986713, 
0.095071217079361753, -8.931147248806564e-05, -0.0093192071087403443, 
-0.015241949099723538, 0.011695013528696094, -0.00083056735805733318, 
-0.037200964051585794, -0.08277760075934712, -0.0057073512492011617, 
0.03840854036023704, -0.014560812638519556, 0.0037800637194045452, 
0.0087709802095635621, 0.02323346863759811, -0.081854368156390786, 
0.0077695336608391129, -0.053328939683996823, -0.0033342457385482434, 
0.021009847968907785, 0.014888497251939551, -0.0015911770469533419, 
0.00071053523089980935, 0.0041042458341233063, 0.0063272509388268587, 
-0.062159569232851097, -0.041197276121244422, 0.0053994556625875543, 
0.016238965287032944, 0.0056267456320317818, -0.0018247769901546379, 
-0.032153715028328735, 0.01937089528352734, 0.0039459108143606661, 
0.0031497889324443636, -0.011536594851399736, 0.0063162920017359476, 
0.01361348094961585, -0.0081105334666763933, -0.039095111843579756, 
-0.014505135161653943, -0.0033342457385482434, -0.0062981335535888779, 
-0.0065138237024611858, -0.0068334144776075077, -0.0075005911162064169, 
-0.0045729633841318324, -0.014050633235494478, -0.01436923930290525, 
0.046879638915279687, 0.049309198001373178, -0.0093406673796498883, 
0.0036480526249867309, -0.012666097247052461, -0.006921881812508579, 
0.013844153660198952, 0.01319849757385193, -0.0028983237661488726, 
0.0035315100380649994, -0.008272015724637264, 0.0057936301891860506, 
-0.00045157206967318776, 0.0014507240557446114, 0.0044487802988836742, 
0.0006698274242941312, 0.021009847968907789, -0.0065138237024611858, 
0.0011825718713652804, -0.0040758002710285096, 0.002300160380056932, 
-0.00028784530504262474, -0.0014193991861051222, 0.00079959392287944086, 
-0.016876288053050519, 0.0082303075597406905, -0.0024833464089497053, 
-0.0038823178432115303, -0.0020577797465327931, 0.00036473543932360867, 
0.0067222789953197823, 0.0038622062585241665, -0.0029076422207155437, 
0.0021887007725812039, 0.0017195259115627085, 0.0022553550606921229, 
0.00056950021214486007, -5.1115508581046988e-05, 0.0026003625552140836, 
-0.0060922830562705971, 0.014888497251939551, -0.0068334144776075077, 
-0.0040758002710285087, -0.0058504238672483101, -0.00046277007648670769, 
0.00025614523291978231, -0.0027975978404753028, -0.0021825481089892337, 
0.010316516543447783, -0.014629306766303959, -0.0033000482367490339, 
-0.0041231650998689046, -0.0035088634780905126, 0.0018505827250488108, 
0.013657057315286226, -0.01923810553477167, -0.011638372202667129, 
