structure(c(-0.082718552705010689, -0.076944598491229949, 0.0010968487630236706, 
-0.023827109037766386, 0.015302228251414021, -0.011835736698050428, 
-0.015076778534719995, 0.014941619067735728, -0.12131766163611661, 
-0.0034755720707614303, -0.04944475458925239, 0.029985626796584269, 
-0.0075348830329592838, -0.013120708436106448, -0.027408430162183989, 
0.0085289581591543023, -0.014817698192105632, 0.015688551717464985, 
-0.061092144421679297, -0.16219548435932096, -0.024070729613412254, 
-0.0085638227394724716, -0.029568126033356342, -0.0076550479827419788, 
-0.076944598491229962, -0.077465311241318044, 0.025262591881810008, 
-0.0063977948169858705, -0.013876549539206473, -0.01210739199728374, 
0.0060143675454200976, 0.014295867530038454, -0.027285596166418399, 
0.027228043683494706, 0.046184615468437697, -0.024345352487577895, 
-0.010972828590549745, -0.0015164243357354006, 0.012753774434694158, 
0.0024306527904678775, -0.0164589461471762, 0.0087370084859611577, 
-0.02931729805572313, 0.12735916757313703, 0.0069401396801091562, 
0.00266617021641703, 0.0091608508099485821, -0.0094263059600176013, 
0.0010968487630236706, 0.025262591881810008, 0.0099724059353873181, 
-0.0060038845384966545, 0.014254837987728983, -0.0031658512754891869, 
0.0042536994575662797, 0.014129044900572993, 0.053043591474577413, 
-0.0039219425091037768, 0.053168627902580784, -0.013276281495254142, 
-0.0049156053431538213, 0.0026351793346145163, 0.0082428560584929707, 
-5.4878951451870698e-05, 0.0024131263834265919, 0.016459666592148002, 
0.0096989412597459773, 0.029130240727926547, -0.011931731305337196, 
0.010027447301137856, -0.003420063602815332, -0.01069747838593749, 
-0.023827109037766383, -0.0063977948169858705, -0.0060038845384966545, 
-0.0078335417000815599, -0.026368706668381606, -0.017494235845938476, 
0.0025571142375607034, 0.0019489084108817718, -0.0063168645039603753, 
-0.0070538918122283589, -0.010812941636779223, 0.0030193550220113962, 
-0.0061564429308461985, -0.0024491222938401902, -0.002706843072170072, 
0.012330974621025531, -0.0065197911491708203, -0.0034897106749817923, 
0.048022702661411551, -0.016561989931463197, 0.014039849029935289, 
-0.0035708105570176341, 0.0071921339884904265, -0.0050880751791891323, 
0.015302228251414021, -0.013876549539206475, 0.014254837987728983, 
-0.026368706668381602, -0.02423088180371295, 0.0016223893822480762, 
-0.00035552470820727605, -0.011258665254872027, -0.0011710364081469892, 
-0.0086180935125242698, 0.024027327599251223, 0.0044586596134292764, 
0.0071129719557802154, 0.00043845912292962214, -0.0039583623439066254, 
0.012823832283367686, 0.0081869733872314433, 0.0088144476297726104, 
0.054181192552984259, -0.03857896374479633, -0.0055531484555525331, 
-0.0035491574248629376, 0.0030969706562171918, -0.0054641620775256429, 
-0.011835736698050426, -0.01210739199728374, -0.0031658512754891869, 
-0.017494235845938476, 0.0016223893822480762, 0.0055048463800305009, 
-0.012296871761983422, 0.0033116004460865501, 0.013355573903905578, 
0.0056073172304624084, 0.021596577347254557, -0.0082677444686213714, 
-0.0062458127738388271, -0.0056748052659867784, -0.01261375225956554, 
0.00061305222204854003, -0.016082392915225483, 0.0001520535890869611, 
0.067711229726494834, 0.0011321380153450065, -0.010597694231180713, 
-0.0102512610508166, -0.021305101218258845, 0.0016085163695259482, 
-0.015076778534719996, 0.0060143675454200967, 0.0042536994575662797, 
0.0025571142375607034, -0.00035552470820727599, -0.012296871761983422, 
0.0014651162564429767, -0.0082210192966867424, 0.014781507437721469, 
0.0011655031012314553, -0.0032382786790596182, -0.012977066769623576, 
0.0030360087309438226, 0.0029470960821011455, -0.0011406582674853955, 
0.0015832467217847305, 0.00071334804325951168, -0.012620305331370997, 
-0.064230263047842781, 0.015949578526819115, 0.0024836242562962098, 
-0.0060148196581909855, -0.010944319835478259, -0.0041250611943859606, 
0.014941619067735728, 0.014295867530038456, 0.014129044900572993, 
0.001948908410881772, -0.011258665254872029, 0.0033116004460865501, 
-0.0082210192966867424, 0.014186935027183238, 0.017850514659801926, 
0.013141614869249651, 0.033539098592412019, 0.002436205341331489, 
-0.0018519370369198846, 0.0036319461058246243, 0.0026237560936987537, 
0.0090129050234589118, -0.011359774032423272, 0.0068881043408914313, 
0.00035194385534642576, 0.010407710806633238, 0.0024085777105787415, 
0.0035444806639346872, -0.00082814426277054139, 0.00010928120601835239, 
-0.12131766163611662, -0.027285596166418399, 0.053043591474577413, 
-0.0063168645039603753, -0.0011710364081469894, 0.013355573903905578, 
0.014781507437721471, 0.017850514659801923, 0.12934169775198329, 
0.012924635202256384, 0.037126928737056093, -0.017317123485085809, 
-0.018872861543989879, -0.0061180127245690583, 0.004862775280028416, 
-0.0016991486504679086, 0.025825172413526051, 0.015490630203597325, 
-0.09715097135991646, -0.020592555318681649, 0.0031151685936112554, 
-0.024657701834856757, -0.0035987808563655078, -0.0035856625089508158, 
-0.0034755720707614303, 0.027228043683494709, -0.0039219425091037759, 
-0.007053891812228358, -0.0086180935125242698, 0.0056073172304624075, 
0.0011655031012314553, 0.013141614869249653, 0.012924635202256384, 
-0.030497414391720327, -0.08846047564902719, 0.0033141181349904897, 
0.0023123349792410356, 0.0092365277100659119, -0.0024289126771056893, 
0.0027791536204424465, 0.0023152005993590727, -0.013452956567978234, 
-0.11895755416041288, -0.0084367317506095201, 0.0023123348979279018, 
0.0073587866022059006, -0.0048128713017309057, -0.0051433662590866505, 
-0.04944475458925239, 0.046184615468437697, 0.053168627902580784, 
-0.010812941636779221, 0.024027327599251226, 0.021596577347254557, 
-0.0032382786790596187, 0.033539098592412019, 0.037126928737056086, 
-0.08846047564902719, 0.029225048477787858, 0.0044929105983768387, 
-0.014422613045232784, -0.0072443336685509719, 0.012605005744548889, 
0.0034970779865658463, -0.0098757341703350748, -0.0023720929706819824, 
-0.031021044443195065, -0.032711760739398729, -0.022188190003239142, 
-0.032917145818446313, -0.031190972830207539, 0.001688456288481322, 
0.029985626796584272, -0.024345352487577899, -0.013276281495254141, 
0.0030193550220113958, 0.0044586596134292764, -0.0082677444686213714, 
-0.012977066769623576, 0.002436205341331489, -0.017317123485085809, 
0.0033141181349904897, 0.0044929105983768395, -0.015944276172347008, 
0.0039364325328257498, 0.00075878591925393111, 0.0080848646753333819, 
-0.0014713798909396579, 0.0090516588579117145, -0.0060707174642303996, 
-0.076311014749969014, -0.065298506906907305, -0.011384994250402913, 
-0.0003671031437759037, -0.0091677040467463139, -0.0078325377413222177, 
-0.0075348830329592829, -0.010972828590549743, -0.0049156053431538222, 
-0.0061564429308461985, 0.0071129719557802146, -0.0062458127738388271, 
0.0030360087309438222, -0.0018519370369198846, -0.018872861543989879, 
0.0023123349792410356, -0.014422613045232785, 0.0039364325328257498, 
-0.0025449621091307682, -0.0018813109350543011, -0.0019246215027025153, 
0.0029630937118867661, 0.0026195846771389347, 0.0015068280315298939, 
-0.012784840170798371, 0.017282770986711105, 0.0019233431623066597, 
0.0023332902421781343, -0.0040449249003368277, -0.00089841240516305319, 
-0.01312070843610645, -0.0015164243357354008, 0.0026351793346145163, 
-0.0024491222938401902, 0.00043845912292962219, -0.0056748052659867784, 
0.0029470960821011455, 0.0036319461058246243, -0.0061180127245690583, 
0.0092365277100659119, -0.0072443336685509719, 0.00075878591925393111, 
-0.0018813109350543011, -0.0014929898487909832, -0.00027900392517798777, 
0.0029343573205505525, 0.0028021598920692859, -0.0021653407297684804, 
-0.019141628002129853, 0.01856513980151573, -0.0015731395526204942, 
-0.0040098614739890511, -0.00017942704571318195, 0.00019089191427983722, 
-0.027408430162183986, 0.012753774434694158, 0.0082428560584929707, 
