structure(c(-0.093445457752009742, -0.0089368009977697522, 0.010962551805432149, 
-0.018303491722371761, 0.013167309852165639, 0.0067292296302063313, 
0.012235541854144006, 0.010360784003691526, 0.049171089728624398, 
-0.041223624720400621, -0.055223450312236737, -0.044101282315810245, 
-0.0081394391603469823, -0.012020962021298929, -0.012007627183872124, 
-0.021038001732740001, -0.018731622626914649, 0.005865847251603557, 
-0.13664354736298129, -0.069595337555702158, -0.029594919965682538, 
-0.017322402381470259, -0.013127079357351088, -0.019199160064588924, 
-0.0089368009977697505, 0.02080110488132865, 0.0050955710222282402, 
-0.016748829374126376, 0.0092306311006031001, -0.011075810821207274, 
0.0040323983896784444, 0.010436759371231863, -0.031239727995816528, 
0.0019824776812628246, -0.028986506061416228, 0.00065222264017923714, 
-0.0052545812256879019, -0.0032516249403230658, -0.0047057938739060593, 
0.00043272337922121138, 0.0078454230377472383, 0.00043525785712892137, 
-0.26609449746208219, 0.0040299739791700628, 0.00836524255665262, 
0.03487470772233222, 0.0033464926151215934, 0.00084596070196296842, 
0.010962551805432149, 0.0050955710222282402, -0.011983574659843548, 
0.019433552356075787, 0.019136661337979175, -0.0064425147275641199, 
-0.006967799781544548, 0.0006592565467828783, -0.036495973423575426, 
-0.0080443175927132141, 0.0082942992151309111, 0.0063101976011557424, 
-0.0080732679698192339, -0.0052538163632628544, -7.4450845410842616e-05, 
-0.0071629661071636744, -0.0068313492102449365, -0.011197390097646561, 
-0.054451531589296082, -0.078598420934327271, -0.0023953384251593785, 
0.0039793394525034454, 0.004404580707391084, -0.00056635152247057081, 
-0.018303491722371765, -0.016748829374126372, 0.019433552356075787, 
-0.037467731815241996, -0.014599689401289756, -0.003093917781376162, 
-0.009562503632675648, -0.0063765706146352644, -0.022630667412919438, 
-0.0041846852293112771, -0.0096164231110656868, -0.0089301056480010459, 
0.0049545830289187565, -0.00015052052693730229, 0.00087363709306154341, 
-0.0055406347651492747, -0.0021514140929229614, 0.011415311833187279, 
0.0087351345151514062, -0.009367801119776354, 0.0046267539742279535, 
-0.0072067451985219312, -0.0088193936790978197, -0.0029247962445777681, 
0.013167309852165639, 0.0092306311006031018, 0.019136661337979172, 
-0.014599689401289754, 0.017361721980998428, -0.011475238560753347, 
-0.013024014471140693, 0.023039651446602586, -0.026805078718912044, 
0.03221015678297294, 0.021587252622482365, 0.0050276500825792341, 
-0.0018432348932118415, 0.0013690994977473702, 0.0029624849171443809, 
-0.0057120437770427522, -0.0029463676079200074, -0.018256919968111386, 
0.027147995840176683, -0.025183938808376785, 0.004105276353983299, 
0.0054735826768991152, 0.0081211878289594152, 0.0033563452282152537, 
0.0067292296302063313, -0.011075810821207274, -0.0064425147275641208, 
-0.0030939177813761624, -0.011475238560753349, -0.0048209599633417663, 
0.0053670035863271652, -0.014552952396769393, -0.038678650143647651, 
-0.016972379263530478, -0.078437045021625337, -0.0052634592896003982, 
0.012404031661149586, -0.0030620409573984433, 0.0011546907947477692, 
-0.014842901554225331, -0.0053873468514178307, -0.0094757915561807637, 
0.00089553097270494953, 0.00052093324799250133, -0.0095352416737716789, 
0.0064204360911616232, -0.008397894531826126, -0.0080163268630229038, 
0.012235541854144006, 0.0040323983896784453, -0.006967799781544548, 
-0.009562503632675648, -0.013024014471140695, 0.0053670035863271652, 
0.0048991581157301701, -0.0099133360028973733, 0.012661025750254851, 
0.014802466630017531, -0.0065193919749740314, 0.0032706351924990645, 
-0.0060946070359887659, -0.002270880399351654, 0.0080893435312384687, 
-0.0044193152762493576, -0.0010028202641666714, -0.00031992472808821219, 
0.061569480336887437, -0.0091211860141645479, 0.006533111675951199, 
0.0033632848804141273, 0.010291455272107139, -0.012661855388569879, 
0.010360784003691528, 0.010436759371231863, 0.00065925654678287819, 
-0.0063765706146352644, 0.023039651446602586, -0.014552952396769393, 
-0.0099133360028973733, -0.00055622819178301891, -0.016292803777068505, 
-0.015720481808188552, 0.015684120377728653, -0.0052522946636750067, 
0.0045964214673706455, 0.00099856449141440089, -0.0077846443516760271, 
-0.002921815888687757, -0.0050494504200531577, -0.0039042727733210715, 
0.068499129371418485, -0.034666381715946298, -0.016344615137056012, 
-0.0017775002329722363, -0.0067494738134166862, -0.0020071552349750499, 
0.049171089728624391, -0.031239727995816525, -0.036495973423575433, 
-0.022630667412919438, -0.026805078718912044, -0.038678650143647658, 
0.012661025750254852, -0.016292803777068505, 0.017504688736017127, 
-0.030341456285886623, -0.072288628275906083, -0.036008930830035708, 
0.024405140892614027, 0.012890957215612545, 0.00066552676970976592, 
-0.00016411017493506413, 0.0029740692725668122, 0.013725979900068276, 
-0.050295232908715799, -0.050827581815007884, -0.010889058132572795, 
0.013396622667686976, -0.033136697965307098, 0.012754966046931118, 
-0.041223624720400615, 0.0019824776812628242, -0.0080443175927132141, 
-0.0041846852293112762, 0.03221015678297294, -0.016972379263530478, 
0.014802466630017531, -0.015720481808188552, -0.030341456285886623, 
-0.0098024668826549571, 0.041625969725909484, -0.029024133933982028, 
0.001143609067524132, 0.011708031656659122, -0.0072597067951368621, 
0.018185059015266222, -0.011787738534477449, -0.019834164931410232, 
-0.062522209437515255, 0.1063760829900162, 0.0099956561329629604, 
0.00067244169408956552, -0.003720388108292456, -0.0028059638768408186, 
-0.055223450312236737, -0.028986506061416228, 0.0082942992151309111, 
-0.0096164231110656851, 0.021587252622482365, -0.078437045021625337, 
-0.0065193919749740314, 0.015684120377728653, -0.072288628275906069, 
0.041625969725909484, -0.068228043371453037, -0.024002034516809836, 
0.0033641607674290263, 0.01401075168905472, -0.038030672673996749, 
0.047269125199572333, -0.0047001293761257156, -0.018974483542742598, 
-0.32633349768987452, 0.084182133615662014, -0.0033005867522621119, 
0.011142486638000571, 0.014967004887311326, 0.0072817960286354162, 
-0.044101282315810238, 0.00065222264017923714, 0.0063101976011557433, 
-0.0089301056480010459, 0.0050276500825792341, -0.0052634592896003991, 
0.003270635192499064, -0.0052522946636750067, -0.036008930830035701, 
-0.029024133933982028, -0.02400203451680984, -0.02955081834966141, 
7.0098151886801197e-05, 0.0030715631689468559, 0.0094036161407237088, 
0.0034667641976173749, -0.0047019400912210896, -0.0012174094313271769, 
0.057404917237121357, -0.011028588629881313, -0.0081436869164615202, 
0.0077275484412363737, 0.0019883704884485491, 0.00072904152586417993, 
-0.0081394391603469823, -0.0052545812256879019, -0.0080732679698192339, 
0.0049545830289187565, -0.0018432348932118417, 0.012404031661149586, 
-0.0060946070359887659, 0.0045964214673706455, 0.024405140892614027, 
0.001143609067524132, 0.0033641607674290267, 7.0098151886801197e-05, 
-0.0032179201425674383, -0.00048148018902678333, -0.0010022335487473017, 
0.0051958526860028942, -0.0017857017305189687, -0.0042854196402814177, 
-0.021375986360833786, 0.0099214342206658361, -0.0019315999515385591, 
-0.00038497535704056478, -0.0068222161336072007, 0.00043060229572716968, 
-0.012020962021298929, -0.0032516249403230658, -0.0052538163632628544, 
-0.00015052052693730229, 0.0013690994977473702, -0.0030620409573984433, 
-0.0022708803993516536, 0.00099856449141440089, 0.012890957215612545, 
0.01170803165665912, 0.01401075168905472, 0.0030715631689468563, 
-0.00048148018902678333, 0.0042021680323493134, -0.010576802442936534, 
0.010662633748840071, -0.0024082943588139213, -0.0037168063973057599, 
-0.013728307422211322, 0.018914637336520049, -0.00032891734824399643, 
0.0027404654276342467, -0.0012539068256700221, 0.0010066420436158153, 
-0.012007627183872124, -0.0047057938739060601, -7.445084541084263e-05, 
