structure(c(0.3544414898616664, -0.014173681485107314, 0.069727650173656092, 
-0.058801880497487101, 0.010064881336686083, -0.044587028552311038, 
-0.035787111476141192, -0.091261021259433139, -0.18709187034663816, 
0.090204725228695215, 0.030276820833581068, 0.14267834099302285, 
0.0280222541056445, 0.0056089135872976256, 0.014658342157587373, 
0.058524862461197452, 0.0076766283081939682, -0.027412122855411013, 
-0.2391395980055552, -0.41315196102928331, -0.025613933948605835, 
0.00042422292886289484, 0.042690407271421607, 0.05861469083340487, 
-0.014173681485107312, 0.054777691040289414, -0.0046212637248166195, 
0.069631764639716195, -0.02978939317047527, 0.04407714278819902, 
-0.037683169491296221, -0.041689006541557619, -0.1036631230436751, 
0.06290397966290566, -0.0037904389624653385, -0.052980362738944096, 
0.060812617652849628, 0.019508259162044225, 0.012172948194814544, 
-0.0073127748277421406, -0.036694461102771289, 0.06441379268374936, 
0.047751669439290233, -0.014378283588114793, -0.0059887087320154454, 
-0.074274018347303905, -0.021578246539033317, 0.039870723746520342, 
0.069727650173656092, -0.0046212637248166186, -0.005755022506534581, 
0.047203841352778074, -0.013916189497751029, -0.011955760972406717, 
-0.019191448880995766, -0.023655464245491819, 0.10002751599462571, 
-0.011288505196252437, -0.024418228413233233, -0.008147752544503015, 
0.0022923429460584158, 0.0033940687861193863, 0.0054939244348125643, 
0.0015660600920856511, 0.03312320839252654, -0.010341862935328508, 
-0.21463746365220887, -0.31442956112388809, -0.015519686195932856, 
-0.011217347381122272, 0.028089796264996043, 0.0054809697535113553, 
-0.058801880497487101, 0.069631764639716195, 0.047203841352778081, 
-0.010095417467568327, 0.0012496045837405668, 0.043293238643521942, 
0.014693144784477847, 0.031679599835162824, -0.0015082911123484631, 
-0.038868279552721693, 0.052363092929426883, 0.020859428703392795, 
0.010707836585756931, 0.0096223921453778977, -0.012189915653204719, 
0.0037625868174256129, 0.010116225045126943, 0.012636641754612628, 
0.027637291522922009, 0.16842418004706283, 0.0045254170905017497, 
-0.0058028920584848077, -0.022815639294334725, 0.020855210807792325, 
0.010064881336686083, -0.02978939317047527, -0.013916189497751029, 
0.0012496045837405668, -0.10767951699568189, 0.020292442329240854, 
0.02713197487283216, 0.023198594437727336, -0.0035123407042816964, 
-0.0094008431306792494, 0.023836867655237286, -0.054507680414323148, 
-0.0021532011719747686, 0.012079871047239003, 0.012040742651284192, 
0.017298309050520915, 0.018273015084535587, 0.0032445996373285384, 
0.015030425386052567, -0.26188368673508639, -0.017830905733247152, 
-0.020181334651346892, -0.005312867256622787, -0.013246272261645185, 
-0.044587028552311038, 0.04407714278819902, -0.011955760972406717, 
0.043293238643521935, 0.020292442329240854, 0.0020839960759665931, 
-0.035884337717709165, -0.0089814702924847587, 0.039052662217684921, 
-0.0087335717869398595, 0.027848580326402781, 0.0055411588640110303, 
0.014609841538388225, 0.011448165635140166, 0.045070206295330248, 
-0.0054848474974559342, 0.0060574189572393375, 0.020305115974997935, 
-0.16325678866858706, 0.16422675854811994, 0.032296491515727575, 
-0.0025608238253271259, 0.0055110702467153971, 0.019162946142166185, 
-0.035787111476141192, -0.037683169491296221, -0.019191448880995769, 
0.014693144784477847, 0.027131974872832157, -0.035884337717709165, 
-0.0054372663121582199, 0.0088542457278548217, 0.039275967797089459, 
-0.0019262912054746194, -0.022338853418954165, -0.017239748973622303, 
0.012852042196334824, 0.0017381141563494289, 0.0044133310557546062, 
-0.013134080569094965, 0.026539138175856809, -0.0091045834030852972, 
0.26078747555234816, -0.015653846920661768, 0.009892801856639202, 
-0.034365800527703987, -0.0079455505340810372, 0.004115927190331819, 
-0.091261021259433139, -0.041689006541557619, -0.023655464245491819, 
0.031679599835162824, 0.023198594437727336, -0.0089814702924847587, 
0.0088542457278548235, 0.028247415305432042, 0.027175971300900822, 
-0.030720889547497392, -0.03941824479881862, 0.01002300889808014, 
-0.0087245767207547748, 0.004481718493713662, 0.00074460561826413777, 
-0.0075625184921879187, 0.0083251174595006822, 0.030957990292250135, 
-0.035314019005097015, 0.078464050694831269, -0.0093143133061955909, 
0.0072743019489339561, -0.0040729331421059259, 0.015220051305050619, 
-0.18709187034663816, -0.1036631230436751, 0.10002751599462571, 
-0.0015082911123484631, -0.0035123407042816964, 0.039052662217684914, 
0.039275967797089459, 0.027175971300900822, -0.16643149857188844, 
-0.085699711839653456, -0.090878140840133612, -0.053980691329501923, 
0.026891265362393973, 0.045281010942823552, -0.051205285731721957, 
0.078904648694429549, 0.029064206652011169, 0.072067837430613305, 
0.3330915544593307, -0.056388675555654362, -0.0013625560423110752, 
-0.0090829278013118513, -0.010088689766840632, -0.0015866740547005539, 
0.090204725228695201, 0.06290397966290566, -0.011288505196252435, 
-0.038868279552721686, -0.0094008431306792494, -0.0087335717869398595, 
-0.0019262912054746194, -0.030720889547497396, -0.085699711839653442, 
0.12836988141476868, -0.0048599196533024476, 0.098838187262151947, 
-0.0083554983103307032, -0.0039669425569730183, 0.026661182162859759, 
-0.019689265566852531, 0.032902928649431937, 0.045814831323742117, 
0.096315868680857342, -0.02284137956862824, 0.01566289624321477, 
-0.0026119554673499617, 0.052236006958928397, 0.02150066493742234, 
0.030276820833581065, -0.0037904389624653385, -0.024418228413233233, 
0.052363092929426883, 0.023836867655237282, 0.027848580326402781, 
-0.022338853418954169, -0.039418244798818627, -0.090878140840133612, 
-0.0048599196533024476, 0.066004470648505259, 0.021597732457716259, 
0.031573744154789668, 0.02486175759478006, -0.0020470030300101974, 
0.0046189630639263566, 0.01434305842594469, 0.050653519849873201, 
-0.10157930402989468, 0.1499881759044801, -0.026997021598293407, 
-0.00067486330012290216, -0.010922366334191269, 0.0050560287095594474, 
0.14267834099302285, -0.052980362738944096, -0.008147752544503015, 
0.020859428703392791, -0.054507680414323141, 0.0055411588640110303, 
-0.017239748973622303, 0.01002300889808014, -0.05398069132950193, 
0.098838187262151933, 0.021597732457716262, -0.023192985618868386, 
0.013091925929467299, 0.0093336727455062551, -0.015475283227602461, 
-0.0099583176835013349, 0.015741449290160095, -0.021040675179440624, 
0.19736299548618827, -0.036032346464108252, 0.0096487248605948445, 
0.024936573917316438, 0.0096755864676914185, 0.017520117272258696, 
0.0280222541056445, 0.060812617652849635, 0.0022923429460584154, 
0.010707836585756933, -0.0021532011719747682, 0.014609841538388225, 
0.012852042196334824, -0.0087245767207547731, 0.026891265362393973, 
-0.0083554983103307015, 0.031573744154789668, 0.013091925929467299, 
-0.0079275375343903862, -0.012128839840295653, -0.010583849521592546, 
0.0095294207585901458, -0.0089487670883413566, -0.0055933394901995807, 
0.12799120862368157, 0.051883113276505397, -0.0048531291520501471, 
0.0033843825050257361, -0.023182498400843819, 0.0061668755825371605, 
0.0056089135872976256, 0.019508259162044225, 0.0033940687861193858, 
0.0096223921453778959, 0.012079871047239003, 0.011448165635140166, 
0.0017381141563494289, 0.004481718493713662, 0.045281010942823559, 
-0.0039669425569730183, 0.02486175759478006, 0.0093336727455062551, 
-0.012128839840295653, -0.013106471094643342, 0.0083894271426981828, 
0.0036471780051460971, -0.0034290242576346685, -0.0016305722180675643, 
-0.014071262249655405, 0.045996792938997319, 0.010906754453716458, 
0.019918126061363957, -0.0072256975545591786, 0.0045353711313621771, 
0.014658342157587372, 0.012172948194814546, 0.0054939244348125643, 
-0.012189915653204717, 0.012040742651284192, 0.045070206295330248, 
0.004413331055754607, 0.00074460561826413777, -0.051205285731721957, 
0.026661182162859759, -0.0020470030300101974, -0.015475283227602461, 
