structure(c(-0.16525685963469391, 0.087804434794202454, 0.018906658349661411, 
0.02177107453069916, 0.05351830638086981, 0.047217556400692084, 
0.063819864143763644, 0.038384775794906824, 0.060329497702932305, 
0.011768846957383949, 0.15767856535488889, -0.0066185427606291862, 
-0.00027300489270826655, 0.028864336931296281, -0.020484110812370431, 
0.0071653165969606481, 0.027829732319781291, 0.017929334400944574, 
-0.0095836841475064518, 0.27610930227193275, 0.055412970581925881, 
0.026139667443859434, 0.0050055610797918367, -0.0094932419798990381, 
0.087804434794202454, 0.021418357052999822, 0.028636338277478194, 
-0.047506328984731103, -0.01908686484306207, 0.0031848043488439002, 
0.0024808403909905154, 0.013596214069376495, -0.037388459899291668, 
-0.028717355795181521, -0.014139916491508191, 0.03292474392295533, 
0.010883170030021158, 0.01029350651110671, -0.048072546768549412, 
0.01158683592071065, -0.010241040130463877, -0.073433869397175541, 
0.2774524732751788, 0.1471814702231318, -0.013363295256213664, 
0.029528804030940246, -0.028289175039969906, -0.012403118679396894, 
0.018906658349661407, 0.028636338277478194, -0.0055052907975740185, 
-0.014750211118338062, 0.046362283473570888, -0.0045224951409572802, 
0.017233515784530716, 0.0024979756204688928, -0.076663376694249913, 
0.048940861885833173, -0.023562636587568287, 0.004864569264129523, 
0.0074826316661168292, 8.1963250355186792e-05, -0.0052996945746746297, 
-0.015252033719864085, -0.012036789204796124, -0.0055354337292388934, 
0.2319341502406542, 0.14815044605952801, 0.0033227059736198935, 
0.013083710210706234, 0.0008395038795392598, -0.0042882650437172567, 
0.02177107453069916, -0.047506328984731096, -0.014750211118338062, 
0.0020691616885445204, -0.010108161178146897, -0.0080306100999566025, 
-0.0090858036593081115, -0.0069731176372748631, 0.026698284990938348, 
-0.0099518068473288483, 0.015770341169664217, -0.0073856143900147501, 
-0.01719933287513209, -0.0076726231257552222, 0.02676987669993653, 
0.0050834092566757506, 0.0033940879620027635, -0.007316959971436653, 
-0.018081355892755873, -0.05628417816368355, 0.0092654824009628014, 
0.0099238536508795359, 0.008583775380498938, 0.0050751510781222448, 
0.053518306380869816, -0.01908686484306207, 0.046362283473570888, 
-0.010108161178146896, 0.073593048081188731, -0.0074354849938772271, 
0.0096189813351991102, -0.0074609471798256473, -0.022025206672174603, 
0.036451660789175111, 0.034796530934510017, 0.052538423696746071, 
-0.0012669572136501932, 0.00078785571913394723, 0.00020238769105964608, 
-0.01105999323889837, 0.011089930305962493, 0.0067949204920235984, 
0.22724172950177121, 0.15038548370771551, 0.019811247722770306, 
0.036616009893580936, 0.045964726774614516, 0.028567195072626835, 
0.047217556400692091, 0.0031848043488439002, -0.0045224951409572793, 
-0.0080306100999566025, -0.0074354849938772262, 0.00042255709706273328, 
-0.01668787332432994, 0.006793625846553744, -0.024580902129502698, 
-0.056826464043139853, -0.03543257377677398, -0.011201319177106655, 
0.00035263523131743094, -0.0020534071146153157, -0.021615158595183218, 
0.008904869385190986, -0.0056964535762180088, 0.004376434224444347, 
-0.043399649474536776, -0.1008014731936635, -0.015694190872236467, 
0.0072919584065435543, -0.0052422667990384975, -0.015223468614639206, 
0.063819864143763658, 0.0024808403909905154, 0.017233515784530716, 
-0.0090858036593081115, 0.0096189813351991102, -0.016687873324329944, 
0.01841581734623254, 0.012049397026070179, 0.027902955321888204, 
0.033704081008577511, -0.017095638351260569, 0.022600026385298504, 
-0.016785199383922433, -0.021483219957026678, -0.0096352315317267453, 
0.0028199789568008867, -0.0071000033430993334, 0.0013403898499892276, 
-0.067033952019053086, 0.064965140384684747, -0.0035618805610459522, 
0.014201132725525527, 0.00062077132417352797, 0.005123414494327792, 
0.038384775794906824, 0.013596214069376495, 0.0024979756204688928, 
-0.0069731176372748631, -0.0074609471798256465, 0.0067936258465537431, 
0.012049397026070179, -0.0038898539589982484, 0.0085969273222305607, 
0.0091606778043048197, 0.022015986904725754, -0.0046083521364832826, 
0.0069052191315145412, -0.0013913679759565976, 0.0077180363628430769, 
-0.00078737805856400091, -0.0087996859913512058, -0.0093979498507406351, 
-0.10272980569797634, -0.092121863278523758, -0.016009457118870689, 
0.0016690920128876146, -0.0090728761736775954, -0.00013194270349916712, 
0.060329497702932298, -0.037388459899291668, -0.076663376694249913, 
0.026698284990938344, -0.022025206672174599, -0.024580902129502698, 
0.027902955321888204, 0.0085969273222305589, -0.043693941470752728, 
0.041764339116122498, 0.020232793580515902, 0.065293713209524137, 
-0.0085834027072576452, -0.011222244643722533, -0.0058230497034965165, 
-0.0036316988818185128, -0.029219183986632286, -0.0048860985770575746, 
-0.22904689078390694, -0.16170518263536693, 0.010411941131900956, 
-0.01279185464329346, 0.01722681366405112, -0.019244087918105886, 
0.011768846957383949, -0.028717355795181518, 0.048940861885833173, 
-0.00995180684732885, 0.036451660789175118, -0.056826464043139846, 
0.033704081008577511, 0.0091606778043048179, 0.041764339116122505, 
0.03545492638289189, 0.041670178212074471, -0.02614325541676827, 
-0.00059485639700638745, -0.0004351277541406224, -0.0094105368432107483, 
0.0072030285046860518, -0.026987819049428739, -0.01938677231422627, 
-0.22155322862415638, 0.090935908145465733, 0.004035702607730153, 
0.011489229233059658, -0.019937148213067003, 0.020068762648626268, 
0.15767856535488889, -0.014139916491508191, -0.023562636587568287, 
0.015770341169664213, 0.034796530934510017, -0.035432573776773973, 
-0.017095638351260569, 0.022015986904725757, 0.020232793580515902, 
0.041670178212074478, -0.036632316796490566, 0.050857782546436275, 
-0.00036125751289252947, 0.0058363060585397471, -0.015559568409546955, 
0.033075380731455918, 0.034926351849386521, -0.027408714428753384, 
-0.2335130534392888, 0.053638380908045513, 0.046478776836424096, 
0.047266832084388921, 0.020262932742346987, 0.04203328673184574, 
-0.0066185427606291871, 0.032924743922955337, 0.004864569264129523, 
-0.0073856143900147501, 0.052538423696746071, -0.011201319177106657, 
0.0226000263852985, -0.0046083521364832835, 0.065293713209524137, 
-0.026143255416768273, 0.050857782546436268, -0.013761564055004812, 
-0.012433102248365174, -0.01001119813258641, -0.0031091005197299857, 
0.013246929511009227, -0.00011162334854004607, 0.014512004038828264, 
-0.076081541426414087, 0.089928706487118384, -0.005055679107388804, 
-0.0096627326953508952, -0.00026274458483277626, 0.0050925396939414617, 
-0.00027300489270826655, 0.010883170030021157, 0.0074826316661168284, 
-0.01719933287513209, -0.0012669572136501932, 0.00035263523131743094, 
-0.016785199383922433, 0.0069052191315145403, -0.0085834027072576469, 
-0.00059485639700638745, -0.00036125751289252942, -0.012433102248365175, 
-0.00091834093873537157, -0.00050156661395658279, 0.0095738461124202107, 
-0.0052863940764583403, 0.0045240543773550799, 0.0016521332193486543, 
-0.075353132692891109, -0.02612432000349519, -0.0055464575488245755, 
0.0021424983122584314, 0.00086984300254363211, -0.0051835840757508576, 
0.028864336931296284, 0.01029350651110671, 8.1963250355186778e-05, 
-0.007672623125755223, 0.00078785571913394723, -0.0020534071146153157, 
-0.021483219957026681, -0.0013913679759565978, -0.011222244643722535, 
-0.00043512775414062245, 0.0058363060585397471, -0.01001119813258641, 
-0.0005015666139565829, -0.00021292406227332885, 0.0031910502699034906, 
-0.004863153760291292, 0.0080684142470374073, -0.0031589853882104694, 
-0.090026395305722984, 0.011280857312715583, -0.0017039556287762108, 
-0.0040480832487941659, 0.0057210543235893443, -0.0052771421204650202, 
-0.020484110812370431, -0.048072546768549412, -0.0052996945746746288, 
0.026769876699936527, 0.00020238769105964608, -0.021615158595183218, 
-0.0096352315317267453, 0.0077180363628430761, -0.0058230497034965165, 
