structure(list(rho = structure(c(1, 0.89584133583490333, 0.015409078611148942, 
0.032017967413341848, -0.014215659168681111, 0.035533448999544984, 
0.045195214348946092, 0.013736516745391659, -0.0033111436141345665, 
0.051451922395715909, 0.022039393507791043, 0.047406437307525869, 
0.41825993812374945, 0.37085188658804713, 0.36006694134126715, 
0.27860848625752477, 0.33241259098639059, 0.32312968241195078, 
0.41865504111077584, 0.36208502734765269, 0.41587818374282476, 
0.89584133583490333, 1, 0.21985790505772676, 0.12861102080924458, 
0.17801458954482113, 0.24663346525980154, 0.17410606879790477, 
0.25115671843153553, 0.39145133008076, 0.33066996486948097, 0.38836261755076673, 
0.17465901366057587, 0.47483345260337068, 0.49902377579889889, 
0.4431884347654797, 0.31300014302546469, 0.43087321117954569, 
0.39530764437315136, 0.46951586376912402, 0.46803722022187005, 
0.47098955369325829, 0.015409078611148935, 0.21985790505772676, 
1, 0.6681044283341353, 0.64658180015274003, 0.34623003819683312, 
0.31224304378939327, 0.1786436332656684, 0.33129716608091958, 
0.21248287043640077, 0.3336490645679705, 0.20614771337740706, 
0.15921214129903832, 0.1678511364975635, 0.37329330912789688, 
0.16510116713121828, 0.23241245336313596, 0.17775498816406993, 
0.18892689554991618, 0.2125889250680548, 0.15590986244103969, 
0.032017967413341862, 0.12861102080924461, 0.6681044283341353, 
1, -0.13426710101373376, 0.27722870970260277, 0.27860496219008118, 
0.008491907208756826, 0.15520751132939067, 0.062443138628383583, 
0.2376205402970229, 0.15509940648327231, -0.0075372404661591102, 
-0.019842596401834545, 0.024899529704727766, 0.026963637928737537, 
0.040357167946401651, -0.0015126744957446325, -0.0040652444681987358, 
0.0169518600330727, 0.0086574016725655921, -0.014215659168681127, 
0.17801458954482111, 0.64658180015273992, -0.13426710101373376, 
1, 0.18589573296050374, 0.13066771104256605, 0.25040607908295182, 
0.3266784343418152, 0.24959731656459305, 0.22774903637542909, 
0.12820093006978112, 0.26844167614269165, 0.29057190338327599, 
0.45262891570576758, 0.23235158120721083, 0.28443386791801273, 
0.29075336121794865, 0.29331748217570242, 0.29728002907184364, 
0.23156041260085164, 0.035533448999545005, 0.24663346525980162, 
0.34623003819683312, 0.27722870970260277, 0.18589573296050382, 
1, 0.75883904468389951, 0.66406568800207055, 0.46700604892040976, 
0.25951100446732955, 0.51081053425623635, 0.18028726519868912, 
0.11682291179051445, 0.10145886175631205, 0.18777436381261353, 
0.22973371813154861, 0.16823001126826526, 0.14624694257069962, 
0.12429372641798593, 0.18940380672280274, 0.093672436346817947, 
0.045195214348946078, 0.17410606879790477, 0.31224304378939327, 
0.27860496219008107, 0.13066771104256605, 0.75883904468389951, 
1, 0.038089594297406847, 0.35388794112511723, 0.19011008593247991, 
0.45762351996595851, 0.16678944709864857, 0.094390796762357246, 
0.075838458146591348, 0.14128154796856171, 0.21121308320993565, 
0.12840263832635318, 0.11311402918606399, 0.10179157629276209, 
0.15548847830134355, 0.065784408255041213, 0.013736516745391683, 
0.25115671843153564, 0.1786436332656684, 0.0084919072087568312, 
0.25040607908295187, 0.66406568800207066, 0.038089594297406937, 
1, 0.46000678409035234, 0.29759584417490997, 0.34361726107549972, 
0.12234734076546284, 0.19212046334184749, 0.22002878061903755, 
0.25038578120219596, 0.14750973872019177, 0.22059428855714303, 
0.23611244634383063, 0.19848151118314447, 0.22128210610765589, 
0.20537260495115012, -0.0033111436141345651, 0.39145133008076, 
0.33129716608091953, 0.15520751132939062, 0.32667843434181515, 
0.46700604892040976, 0.35388794112511723, 0.46000678409035234, 
1, 0.40844311714830212, 0.63103426238116367, 0.18611310014267005, 
0.24592846191733828, 0.26210817351978966, 0.27595043501651956, 
0.20609010184029886, 0.26842809105199589, 0.32900627129483923, 
0.23842939208315428, 0.29470551820779262, 0.18936308520839501, 
0.051451922395715895, 0.33066996486948091, 0.21248287043640071, 
0.06244313862838359, 0.24959731656459302, 0.25951100446732944, 
0.19011008593247986, 0.29759584417490992, 0.40844311714830217, 
1, 0.43714296344738485, 0.25162203204153966, 0.37320729259324259, 
0.3372182261292177, 0.29000627149968816, 0.19991519545947184, 
0.33377627005375538, 0.2533182769544372, 0.59283954854779253, 
0.35305915255668407, 0.52352135357421126, 0.022039393507791046, 
0.38836261755076679, 0.33364906456797055, 0.2376205402970229, 
0.22774903637542906, 0.51081053425623657, 0.45762351996595846, 
0.34361726107549972, 0.63103426238116367, 0.43714296344738485, 
1, 0.23161695150444325, 0.220929229970423, 0.2414645473708924, 
0.24985896485487136, 0.17428083683476248, 0.32399216462032754, 
0.235594439397948, 0.24055312239267521, 0.40722428896205809, 
0.21196563775704924, 0.047406437307525875, 0.17465901366057587, 
0.20614771337740703, 0.15509940648327233, 0.12820093006978114, 
0.18028726519868912, 0.16678944709864857, 0.12234734076546284, 
0.1861131001426701, 0.25162203204153971, 0.2316169515044432, 
1, 0.22603023194082497, 0.20337110270289269, 0.19007466294584621, 
0.14855398411922549, 0.21254035958612955, 0.15600553843775836, 
0.24941669869263566, 0.20082307703087396, 0.48538793619731346, 
0.41825993812374945, 0.47483345260337068, 0.15921214129903832, 
-0.0075372404661591102, 0.26844167614269165, 0.11682291179051445, 
0.094390796762357246, 0.19212046334184749, 0.24592846191733828, 
0.37320729259324259, 0.220929229970423, 0.22603023194082497, 
1, 0.87298434977649186, 0.6101636899027022, 0.52756766916616626, 
0.6064851714985694, 0.64886397248240268, 0.77716084325012191, 
0.67813380928560607, 0.76823844598250401, 0.37085188658804713, 
0.49902377579889889, 0.1678511364975635, -0.019842596401834545, 
0.29057190338327599, 0.10145886175631205, 0.075838458146591348, 
0.22002878061903755, 0.26210817351978966, 0.3372182261292177, 
0.2414645473708924, 0.20337110270289269, 0.87298434977649186, 
1, 0.63795038418755834, 0.52118943182432687, 0.6119227014759635, 
0.6827888884498452, 0.71450573785298244, 0.69697963151666864, 
0.71190144572773773, 0.36006694134126715, 0.4431884347654797, 
0.37329330912789688, 0.024899529704727766, 0.45262891570576758, 
0.18777436381261353, 0.14128154796856171, 0.25038578120219596, 
0.27595043501651956, 0.29000627149968816, 0.24985896485487136, 
0.19007466294584621, 0.6101636899027022, 0.63795038418755834, 
1, 0.51737797278242603, 0.55819088995961319, 0.64038962859287973, 
0.60382383023911024, 0.61005270666348466, 0.54447960834392717, 
0.27860848625752477, 0.31300014302546469, 0.16510116713121828, 
0.026963637928737537, 0.23235158120721083, 0.22973371813154861, 
0.21121308320993565, 0.14750973872019177, 0.20609010184029886, 
0.19991519545947184, 0.17428083683476248, 0.14855398411922549, 
0.52756766916616626, 0.52118943182432687, 0.51737797278242603, 
1, 0.47392760255375077, 0.61939397160320298, 0.46655272700418071, 
0.52193933959374583, 0.46382880606069571, 0.33241259098639059, 
0.43087321117954569, 0.23241245336313596, 0.040357167946401651, 
0.28443386791801273, 0.16823001126826526, 0.12840263832635318, 
0.22059428855714303, 0.26842809105199589, 0.33377627005375538, 
0.32399216462032754, 0.21254035958612955, 0.6064851714985694, 
0.6119227014759635, 0.55819088995961319, 0.47392760255375077, 
1, 0.56768443822645742, 0.58362635110892103, 0.68493151092402837, 
0.59439229830509555, 0.32312968241195078, 0.39530764437315136, 
0.17775498816406993, -0.0015126744957446325, 0.29075336121794865, 
0.14624694257069962, 0.11311402918606399, 0.23611244634383063, 
0.32900627129483923, 0.2533182769544372, 0.235594439397948, 0.15600553843775836, 
0.64886397248240268, 0.6827888884498452, 0.64038962859287973, 
0.61939397160320298, 0.56768443822645742, 1, 0.56708822966977224, 
0.63345875531283868, 0.54593380486158638, 0.41865504111077584, 
0.46951586376912402, 0.18892689554991618, -0.0040652444681987358, 
0.29331748217570242, 0.12429372641798593, 0.10179157629276209, 
